0.005344804079
0.007407487724
0.005320069723
0.0002007528982
0.004383254135
0.001848808574
0.00439244724
0.004727313113
0.003794064665
0.003242530688
0.002320501105
0.00294855527
-0.002364415909
0.007409397157
0.003936598276
-0.008943658438
0.005182133437
0.003230089297
0.003277696303
0.005492472663
0.006968765049
0.004067092031
0.003786536825
0.005952129764
0.005477040781
0.003796686294
0.006518390329
-0.0006767362531
0.006351171946
0.002982352882
0.002405225337
0.00408494845
0.004197440919
0.005158429964
0.01185990542
0.005496407053
0.007631797097
0.006568440668
0.001752053583
0.01657561279
0.003855548021
0.008376550222
0.003609833532
0.00493957191
0.01022464202
0.001474729593
0.005341336188
0.00204701235
0.007756490395
0.001762813254
0.006571322293
0.003579881703
0.003884737151
0.007738928924
-0.002590131181
0.006539124345
0.004483829284
0.001543869506
0.002970648899
0.002908932193
0.002876720906
0.005508898182
0.003168117808
0.002442540846
0.00657184342
0.005016355389
0.009909544623
0.01091783872
-0.009548343788
0.003297892475
0.004740220776
0.002059988923
0.007666860871
7.670057015e-005
0.003836280625
0.005035044157
0.004331276399
0.004161872107
0.004938165112
0.004132072557
0.004406134494
0.003870271406
0.0002489152641
0.008878796694
0.001993311557
-0.002884288441
0.005276247264
-0.004308820073
0.004118405058
0.002702174598
0.001482307075
-0.004418896781
0.007130662957
0.007420241756
0.006483102533
0.008704930328
0.003104717691
0.003701736651
0.002390921559
0.003560569573
0.002902234298
0.003572765717
0.002999947013
0.007726682631
0.006878621985
0.003901540102
0.001369911623
-0.006275537277
0.0006659131915
0.006181177658
0.006426043593
0.007039210166
0.007740266884
0.002466173437
0.004216122057
0.006519429197
0.002350958037
0.004781936066
0.005339785012
0.00436683715
0.002352465102
0.003157169078
0.001920310366
0.005144093061
0.007275108376
0.007014070582
0.004983516369
-0.001452286697
0.007538984018
0.002396248809
0.00526350115
0.007087112372
0.005750117117
0.004926470905
-0.000583084698
-0.007932823462
0.002361339951
0.002049873548
-0.000106004037
0.004369022071
0.004368559409
0.004579772719
0.003970245827
0.005815278008
0.002747150077
0.003248457076
0.00250413406
0.00291053154
-6.886226142e-005
0.002353731916
0.001912571265
0.0074939235
0.007057416119
0.00391324289
0.002533827121
0.005384610063
0.003909269263
0.001789106683
-0.001298548119
-0.004419936936
0.006490744627
0.004349523931
-0.0007352375977
-0.000583084698
0.0005853330803
0.006161564403
4.109870947e-005
0.006244617407
0.001711660968
0.003177967428
0.007234949606
0.00449149736
0.005865555451
0.01224117081
0.001194435467
0.001950765653
0.004067747122
0.003045085933
0.004674480551
-0.003089273433
0.00837241675
2.029299161e-018
0.004109041745
-0.002216998251
0.006805879861
0.007540515555
0.008982252135
0.006367578854
0.004673542039
0.002516916075
-0.01058965294
0.008252583115
0.006485215402
0.003496020754
0.003269562172
0.006830569944
0.006339445074
0.003578548832
0.004017376568
0.001594258542
0.005674251626
0.003532903916
-0.0003785877186
0.002733623478
0.01052198362
0.01348493062
-0.001427302319
-0.004046709498
-0.002359639219
-0.001101956845
-1.145572107e-018
0.004698602793
0.001137556872
0.005083791144
0.004999987984
0.004808127159
-0.0007657502698
0.003472672972
0.006155418498
0.006073821828
0.001680429836
0.004813019301
-0.004868857763
-0.0007043567881
0.001514735659
0.0007604062018
