0.008209	0.0015166	0.0015166	0.0015166	0.0015166	0.0015166	0.0015166	0.0015166	0.0015166	0.0015166	0.001516635136
0.0081973105	0.0015166	0.0015166	0.0015166	0.0015166	0.0015166	0.0015166	0.0015166	0.0015166	0.0015166	0.001501038223
0.0081856209	0.0014842	0.0014842	0.0014842	0.0014842	0.0014842	0.0014842	0.0014842	0.0014842	0.0014842	0.001485812182
0.0081739323	0.0014694	0.0014694	0.0014694	0.0014694	0.0014694	0.0014694	0.0014694	0.0014694	0.0014694	0.001470944818
0.0081622421	0.001455	0.001455	0.001455	0.001455	0.001455	0.001455	0.001455	0.001455	0.001455	0.001456426926
0.0081505512	0.0014409	0.0014409	0.0014409	0.0014409	0.0014409	0.0014409	0.0014409	0.0014409	0.0014409	0.001442120711
0.0081388603	0.0014272	0.0014266	0.0014266	0.0014266	0.0014266	0.0014266	0.0014266	0.0014266	0.0014266	0.001428003086
0.0081271703	0.0014139	0.0014127	0.0014127	0.0014127	0.0014127	0.0014127	0.0014127	0.0014127	0.0014127	0.001414075808
0.0081154794	0.0014009	0.001399	0.001399	0.001399	0.001399	0.001399	0.001399	0.001399	0.001399	0.001400333354
0.0081037885	0.0013875	0.0013855	0.0013855	0.0013855	0.0013855	0.0013855	0.0013855	0.0013855	0.0013855	0.00138677878
0.0080920976	0.0013743	0.0013721	0.0013721	0.0013721	0.0013721	0.0013721	0.0013721	0.0013721	0.0013721	0.001373412924
0.0080804076	0.0013612	0.001359	0.001359	0.001359	0.001359	0.001359	0.001359	0.001359	0.001359	0.001360235427
0.0080687167	0.0013484	0.001346	0.001346	0.001346	0.001346	0.001346	0.001346	0.001346	0.001346	0.001347245246
0.0080570258	0.0013358	0.0013333	0.0013333	0.0013333	0.0013333	0.0013333	0.0013333	0.0013333	0.0013333	0.001334442635
0.0080453349	0.0013233	0.0013207	0.0013207	0.0013207	0.0013207	0.0013207	0.0013207	0.0013207	0.0013207	0.001321828048
0.0080336449	0.001311	0.0013083	0.0013083	0.0013083	0.0013083	0.0013083	0.0013083	0.0013083	0.0013083	0.001309402666
0.008021954	0.001299	0.0012961	0.0012961	0.0012961	0.0012961	0.0012961	0.0012961	0.0012961	0.0012961	0.001297163588
0.0080102631	0.0012871	0.0012841	0.0012841	0.0012841	0.0012841	0.0012841	0.0012841	0.0012841	0.0012841	0.00128511238
0.0079985722	0.0012754	0.0012722	0.0012722	0.0012722	0.0012722	0.0012722	0.0012722	0.0012722	0.0012722	0.001273249221
0.0079868813	0.0012639	0.0012606	0.0012606	0.0012606	0.0012606	0.0012606	0.0012606	0.0012606	0.0012606	0.001261573939
0.0079751913	0.0012526	0.0012491	0.0012491	0.0012491	0.0012491	0.0012491	0.0012491	0.0012491	0.0012491	0.001250087405
0.0079635004	0.0012415	0.0012379	0.0012379	0.0012379	0.0012379	0.0012379	0.0012379	0.0012379	0.0012379	0.00123878785
0.0079518095	0.0012305	0.0012268	0.0012268	0.0012268	0.0012268	0.0012268	0.0012268	0.0012268	0.0012268	0.001227676167
0.0079401185	0.0012198	0.0012159	0.0012159	0.0012159	0.0012159	0.0012159	0.0012159	0.0012159	0.0012159	0.001216752263
0.0079284286	0.0012093	0.0012052	0.0012052	0.0012052	0.0012052	0.0012052	0.0012052	0.0012052	0.0012052	0.001206017237
0.0079167376	0.0011989	0.0011947	0.0011947	0.0011947	0.0011947	0.0011947	0.0011947	0.0011947	0.0011947	0.001195469069
0.0079050469	0.0011887	0.0011843	0.0011843	0.0011843	0.0011843	0.0011843	0.0011843	0.0011843	0.0011843	0.001185109044
0.0078933559	0.0011787	0.0011742	0.0011742	0.0011742	0.0011742	0.0011742	0.0011742	0.0011742	0.0011742	0.001174936633
0.007881666	0.001169	0.0011642	0.0011642	0.0011642	0.0011642	0.0011642	0.0011642	0.0011642	0.0011642	0.001164953039
0.007869975	0.0011594	0.0011545	0.0011545	0.0011545	0.0011545	0.0011545	0.0011545	0.0011545	0.0011545	0.001155156388
0.0078582841	0.00115	0.0011449	0.0011449	0.0011449	0.0011449	0.0011449	0.0011449	0.0011449	0.0011449	0.001145547715
0.0078465931	0.0011407	0.0011355	0.0011355	0.0011355	0.0011355	0.0011355	0.0011355	0.0011355	0.0011355	0.001136126872
0.0078349032	0.0011317	0.0011263	0.0011263	0.0011263	0.0011263	0.0011263	0.0011263	0.0011263	0.0011263	0.00112689489
0.0078232123	0.0011229	0.0011173	0.0011173	0.0011173	0.0011173	0.0011173	0.0011173	0.0011173	0.0011173	0.001117850536
0.0078115212	0.0011142	0.0011084	0.0011084	0.0011084	0.0011084	0.0011084	0.0011084	0.0011084	0.0011084	0.001108984478
0.0077998299	0.0011058	0.0010998	0.0010998	0.0010998	0.0010998	0.0010998	0.0010998	0.0010998	0.0010998	0.001100254287
0.0077881365	0.0010975	0.0010913	0.0010913	0.0010913	0.0010913	0.0010913	0.0010913	0.0010913	0.0010913	0.001091634205
0.0077764425	0.0010895	0.0010831	0.0010827	0.0010827	0.0010827	0.0010827	0.0010827	0.0010827	0.0010827	0.001083085916
0.0077647479	0.0010816	0.001075	0.0010743	0.0010743	0.0010743	0.0010743	0.0010743	0.0010743	0.0010743	0.001074602229
0.0077530534	0.0010739	0.0010671	0.0010659	0.0010659	0.0010659	0.0010659	0.0010659	0.0010659	0.0010659	0.001066187525
0.0077413594	0.0010664	0.0010594	0.0010576	0.0010576	0.0010576	0.0010576	0.0010576	0.0010576	0.0010576	0.001057836068
0.0077296648	0.0010591	0.0010518	0.0010494	0.0010491	0.0010491	0.0010491	0.0010491	0.0010491	0.0010491	0.001049550456
0.0077179708	0.0010519	0.0010445	0.0010412	0.0010408	0.0010408	0.0010408	0.0010408	0.0010408	0.0010408	0.001041332987
0.0077062763	0.001045	0.0010373	0.0010332	0.0010327	0.0010327	0.0010327	0.0010327	0.0010327	0.0010327	0.001033181463
0.0076945822	0.0010383	0.0010299	0.0010252	0.0010246	0.0010246	0.0010246	0.0010246	0.0010246	0.0010246	0.001025096514
0.0076828877	0.0010317	0.0010218	0.0010172	0.0010166	0.0010166	0.0010166	0.0010166	0.0010166	0.0010166	0.00101707761
0.0076711935	0.0010254	0.0010139	0.0010094	0.0010087	0.0010087	0.0010087	0.0010087	0.0010087	0.0010087	0.001009125251
0.0076594991	0.0010192	0.001006	0.0010016	0.0010008	0.0010008	0.0010008	0.0010008	0.0010008	0.0010008	0.001001239114
0.0076478051	0.0010132	0.00099824	0.00099389	0.00099298	0.00099298	0.00099298	0.00099298	0.00099298	0.00099298	0.0009934196231
0.0076361105	0.0010074	0.00099051	0.00098625	0.00098523	0.00098523	0.00098523	0.00098523	0.00098523	0.00098523	0.0009856661315
0.0076244165	0.0010018	0.00098286	0.00097869	0.00097755	0.00097755	0.00097755	0.00097755	0.00097755	0.00097755	0.000977979265
0.0076127219	0.00099642	0.00097528	0.00097119	0.00096994	0.00096994	0.00096994	0.00096994	0.00096994	0.00096994	0.0009703581735
0.0076010278	0.00099121	0.00096778	0.00096377	0.00096239	0.00096239	0.00096239	0.00096239	0.00096239	0.00096239	0.0009628049339
0.0075893334	0.00098618	0.00096034	0.00095641	0.00095491	0.00095491	0.00095491	0.00095491	0.00095491	0.00095491	0.0009553157464
0.0075776393	0.00098135	0.00095298	0.00094913	0.0009475	0.0009475	0.0009475	0.0009475	0.0009475	0.0009475	0.0009478971909
0.0075659448	0.0009767	0.0009457	0.00094193	0.00094015	0.00094015	0.00094015	0.00094015	0.00094015	0.00094015	0.0009405385844
0.0075542508	0.00097225	0.00093848	0.00093479	0.00093286	0.00093286	0.00093286	0.00093286	0.00093286	0.00093286	0.0009332497272
0.0075425562	0.00096799	0.00093134	0.00092773	0.00092565	0.00092565	0.00092565	0.00092565	0.00092565	0.00092565	0.0009260268482
0.0075308617	0.00096392	0.00092427	0.00092074	0.0009185	0.0009185	0.0009185	0.0009185	0.0009185	0.0009185	0.0009188703236
0.0075191676	0.00096004	0.00091728	0.00091382	0.00091142	0.00091142	0.00091142	0.00091142	0.00091142	0.00091142	0.000911781151
0.0075074731	0.00095634	0.00091036	0.00090697	0.0009044	0.0009044	0.0009044	0.0009044	0.0009044	0.0009044	0.0009047566514
0.0074957791	0.00095284	0.00090351	0.00090019	0.00089745	0.00089745	0.00089745	0.00089745	0.00089745	0.00089745	0.0008977991267
0.0074840845	0.00094953	0.00089673	0.0008933	0.00089056	0.00089056	0.00089056	0.00089056	0.00089056	0.00089056	0.0008909105999
0.0074723904	0.00094642	0.00089003	0.0008864	0.00088375	0.00088375	0.00088375	0.00088375	0.00088375	0.00088375	0.0008840872782
0.0074606961	0.00094349	0.0008834	0.00087957	0.00087699	0.00087699	0.00087699	0.00087699	0.00087699	0.00087699	0.0008773261623
0.007449002	0.00094075	0.00087684	0.00087281	0.00087031	0.00087031	0.00087031	0.00087031	0.00087031	0.00087031	0.0008706342256
0.0074373074	0.0009382	0.00087035	0.00086611	0.00086369	0.00086369	0.00086369	0.00086369	0.00086369	0.00086369	0.000864006935
0.0074256133	0.00093585	0.00086394	0.00085948	0.00085714	0.00085714	0.00085714	0.00085714	0.00085714	0.00085714	0.0008574475994
0.0074139189	0.00093008	0.0008576	0.00085292	0.00085065	0.00085065	0.00085065	0.00085065	0.00085065	0.00085065	0.0008509543686
0.0074022247	0.00092399	0.00085133	0.00084643	0.00084423	0.00084423	0.00084423	0.00084423	0.00084423	0.00084423	0.0008445275804
0.0073905302	0.00091797	0.00084514	0.00084	0.00083787	0.00083787	0.00083787	0.00083787	0.00083787	0.00083787	0.0008381672977
0.0073788362	0.00091202	0.00083902	0.00083364	0.00083159	0.00083159	0.00083159	0.00083159	0.00083159	0.00083159	0.0008318732138
0.0073671416	0.00090615	0.00083297	0.00082735	0.00082536	0.00082536	0.00082536	0.00082536	0.00082536	0.00082536	0.000825645757
0.0073554475	0.00090035	0.000827	0.00082112	0.00081921	0.00081921	0.00081921	0.00081921	0.00081921	0.00081921	0.0008194849455
0.0073437532	0.00089462	0.0008211	0.00081497	0.00081312	0.00081312	0.00081312	0.00081312	0.00081312	0.00081312	0.0008133887203
0.0073320585	0.00088896	0.00081527	0.00080888	0.0008071	0.0008071	0.0008071	0.0008071	0.0008071	0.0008071	0.0008073605841
0.0073203645	0.00088338	0.00080951	0.00080286	0.00080114	0.00080114	0.00080114	0.00080114	0.00080114	0.00080114	0.0008013981683
0.0073086701	0.00087787	0.00080383	0.0007969	0.00079525	0.00079525	0.00079525	0.00079525	0.00079525	0.00079525	0.0007955038471
0.007296976	0.00087244	0.00079822	0.00079102	0.00078943	0.00078943	0.00078943	0.00078943	0.00078943	0.00078943	0.0007896715416
0.0072852814	0.00086708	0.00079268	0.0007852	0.00078367	0.00078367	0.00078367	0.00078367	0.00078367	0.00078367	0.0007839081414
0.0072735874	0.00086179	0.00078721	0.00077944	0.00077798	0.00077798	0.00077798	0.00077798	0.00077798	0.00077798	0.0007782113929
0.0072618929	0.00085657	0.00078182	0.00077376	0.00077235	0.00077235	0.00077235	0.00077235	0.00077235	0.00077235	0.0007725804536
0.0072501987	0.00085143	0.0007765	0.00076814	0.00076679	0.00076679	0.00076679	0.00076679	0.00076679	0.00076679	0.0007670158983
0.0072385043	0.00084636	0.00077126	0.00076259	0.0007613	0.0007613	0.0007613	0.0007613	0.0007613	0.0007613	0.0007615177195
0.0072268103	0.00084136	0.00076608	0.00075711	0.00075587	0.00075587	0.00075587	0.00075587	0.00075587	0.00075587	0.0007560860788
0.0072151156	0.00083644	0.00076098	0.0007517	0.00075051	0.00075051	0.00075051	0.00075051	0.00075051	0.00075051	0.0007507204441
0.0072034217	0.00083159	0.00075595	0.00074635	0.00074522	0.00074522	0.00074522	0.00074522	0.00074522	0.00074522	0.0007454212355
0.0071917279	0.00082681	0.000751	0.00074107	0.00073999	0.00073999	0.00073999	0.00073999	0.00073999	0.00073999	0.0007401857626
0.0071800347	0.00082211	0.00074612	0.00073586	0.00073483	0.00073483	0.00073483	0.00073483	0.00073483	0.00073483	0.0007350112029
0.007168341	0.00081748	0.00074131	0.00073072	0.00072973	0.00072971	0.00072971	0.00072971	0.00072971	0.00072971	0.0007298981051
0.0071566476	0.00081292	0.00073657	0.00072564	0.00072471	0.00072466	0.00072466	0.00072466	0.00072466	0.00072466	0.0007248464521
0.007144954	0.00080843	0.00073191	0.00072063	0.00071974	0.00071968	0.00071968	0.00071968	0.00071968	0.00071968	0.0007198552794
0.0071332607	0.00080402	0.00072732	0.00071569	0.00071485	0.00071475	0.00071475	0.00071475	0.00071475	0.00071475	0.0007149259297
0.007121567	0.00079968	0.0007228	0.00071081	0.00071002	0.00070989	0.00070989	0.00070989	0.00070989	0.00070989	0.0007100576447
0.0071098732	0.00079542	0.00071836	0.00070601	0.00070525	0.00070508	0.00070508	0.00070508	0.00070508	0.00070508	0.0007052505526
0.00709818	0.00079123	0.00071399	0.00070127	0.00070056	0.00070034	0.00070034	0.00070034	0.00070034	0.00070034	0.0007005049376
0.0070864862	0.00078711	0.00070969	0.0006966	0.00069593	0.00069566	0.00069566	0.00069566	0.00069566	0.00069566	0.0006958203132
0.0070747929	0.00078306	0.00070546	0.00069199	0.00069136	0.00069104	0.00069104	0.00069104	0.00069104	0.00069104	0.0006911978033
0.0070630992	0.00077909	0.00070131	0.00068745	0.00068686	0.00068648	0.00068648	0.00068648	0.00068648	0.00068648	0.0006866356624
0.007051406	0.00077519	0.00069723	0.00068298	0.00068243	0.00068199	0.00068199	0.00068199	0.00068199	0.00068199	0.0006821349448
0.0070397121	0.00077136	0.00069322	0.00067858	0.00067806	0.00067755	0.00067755	0.00067755	0.00067755	0.00067755	0.0006776951893
0.007028019	0.0007676	0.00068929	0.00067425	0.00067376	0.00067318	0.00067318	0.00067318	0.00067318	0.00067318	0.0006733164517
0.0070163253	0.00076392	0.00068543	0.00066998	0.00066946	0.00066886	0.00066886	0.00066886	0.00066886	0.00066886	0.0006689994135
0.007004632	0.00076032	0.00068164	0.00066578	0.00066518	0.00066461	0.00066461	0.00066461	0.00066461	0.00066461	0.0006647437135
0.0069929383	0.00075678	0.00067792	0.00066165	0.00066096	0.00066042	0.00066042	0.00066042	0.00066042	0.00066042	0.0006605490122
0.006981245	0.00075332	0.00067428	0.00065758	0.00065681	0.00065629	0.00065629	0.00065629	0.00065629	0.00065629	0.0006564156165
0.0069695513	0.00074993	0.00067071	0.00065359	0.00065271	0.00065222	0.00065222	0.00065222	0.00065222	0.00065222	0.0006523432898
0.0069578579	0.00074661	0.00066722	0.00064966	0.00064868	0.00064822	0.00064822	0.00064822	0.00064822	0.00064822	0.000648333581
0.0069461643	0.00074337	0.00066379	0.0006458	0.00064471	0.00064427	0.00064427	0.00064427	0.00064427	0.00064427	0.0006443827368
0.0069344709	0.0007402	0.00066044	0.000642	0.0006408	0.00064039	0.00064039	0.00064039	0.00064039	0.00064039	0.0006404942605
0.0069227774	0.00073711	0.00065716	0.00063827	0.00063695	0.00063656	0.00063656	0.00063656	0.00063656	0.00063656	0.000636666993
0.006911084	0.00073408	0.00065396	0.00063461	0.00063317	0.0006328	0.0006328	0.0006328	0.0006328	0.0006328	0.000632901042
0.0068993894	0.00073113	0.00065082	0.00063102	0.00062945	0.0006291	0.0006291	0.0006291	0.0006291	0.0006291	0.0006291853581
0.0068876949	0.00072826	0.00064776	0.0006275	0.00062578	0.00062546	0.00062546	0.00062546	0.00062546	0.00062546	0.0006255058009
0.0068760007	0.00072545	0.00064478	0.00062404	0.00062219	0.00062188	0.00062188	0.00062188	0.00062188	0.00062188	0.0006218632828
0.0068643062	0.00072272	0.00064186	0.00062065	0.00061865	0.00061836	0.00061816	0.00061816	0.00061816	0.00061816	0.0006182564228
0.0068526119	0.00072006	0.00063902	0.00061732	0.00061517	0.00061486	0.00061459	0.00061459	0.00061459	0.00061459	0.0006146841161
0.0068409173	0.00071748	0.00063625	0.00061407	0.00061176	0.00061131	0.00061106	0.00061106	0.00061106	0.00061106	0.0006111491819
0.0068292232	0.00071497	0.00063356	0.00061088	0.00060841	0.00060779	0.00060756	0.00060756	0.00060756	0.00060756	0.0006076503265
0.0068175285	0.00071253	0.00063093	0.00060776	0.00060511	0.00060431	0.0006041	0.0006041	0.0006041	0.0006041	0.0006041875877
0.0068058344	0.00071016	0.00062838	0.00060471	0.00060189	0.00060087	0.00060068	0.00060068	0.00060068	0.00060068	0.0006007610501
0.0067941399	0.00070787	0.00062586	0.00060172	0.00059872	0.00059747	0.00059729	0.00059729	0.00059729	0.00059729	0.0005973704915
0.0067824456	0.00070565	0.00062315	0.0005988	0.00059561	0.0005941	0.00059393	0.00059393	0.00059393	0.00059393	0.0005940161237
0.0067707511	0.00070341	0.0006205	0.00059595	0.00059257	0.00059077	0.00059062	0.00059062	0.00059062	0.00059062	0.0005906978351
0.0067590569	0.00070089	0.00061793	0.00059317	0.00058954	0.00058747	0.00058747	0.00058747	0.00058747	0.00058747	0.000587416745
0.0067473627	0.00069845	0.00061541	0.00059046	0.00058635	0.00058422	0.00058422	0.00058422	0.00058422	0.00058422	0.0005841657372
0.0067356692	0.00069607	0.00061297	0.00058781	0.00058319	0.00058099	0.00058099	0.00058099	0.00058099	0.00058099	0.0005809404039
0.0067239751	0.00069375	0.00061059	0.00058523	0.00058007	0.00057781	0.00057781	0.00057781	0.00057781	0.00057781	0.0005777402704
0.0067122813	0.0006915	0.00060827	0.00058262	0.00057699	0.00057466	0.00057466	0.00057466	0.00057466	0.00057466	0.0005745640238
0.0067005874	0.00068932	0.00060603	0.00057991	0.00057395	0.00057155	0.00057143	0.00057143	0.00057143	0.00057143	0.0005714129779
0.0066888936	0.0006872	0.00060385	0.00057727	0.00057094	0.00056848	0.0005683	0.0005683	0.0005683	0.0005683	0.000568286655
0.0066771995	0.00068515	0.00060173	0.00057469	0.00056797	0.00056544	0.0005652	0.0005652	0.0005652	0.0005652	0.0005651849673
0.0066655055	0.00068317	0.00059968	0.00057217	0.00056504	0.00056244	0.00056211	0.00056211	0.00056211	0.00056211	0.0005621080311
0.0066538119	0.00068125	0.0005977	0.00056971	0.00056215	0.00055948	0.00055906	0.00055906	0.00055906	0.00055906	0.000559055842
0.0066421178	0.0006794	0.00059578	0.00056731	0.0005593	0.00055655	0.00055602	0.00055602	0.00055602	0.00055602	0.0005560283235
0.0066304242	0.00067761	0.00059393	0.00056498	0.00055648	0.00055366	0.00055302	0.00055302	0.00055302	0.00055302	0.0005530256615
0.00661873	0.00067589	0.00059214	0.00056271	0.0005537	0.00055081	0.00055003	0.00055003	0.00055003	0.00055003	0.0005500492256
0.0066070364	0.00067424	0.00059042	0.0005605	0.00055096	0.000548	0.00054708	0.00054708	0.00054708	0.00054708	0.00054709542
0.0065953422	0.00067265	0.00058877	0.00055835	0.00054825	0.00054522	0.00054414	0.00054414	0.00054414	0.00054414	0.0005441667475
0.0065836484	0.00067113	0.00058718	0.00055627	0.00054559	0.00054247	0.00054124	0.00054124	0.00054124	0.00054124	0.000541262954
0.0065719543	0.00066967	0.00058566	0.00055424	0.00054296	0.00053977	0.00053835	0.00053835	0.00053835	0.00053835	0.0005383817747
0.0065602604	0.00066828	0.0005842	0.00055228	0.00054037	0.0005371	0.0005355	0.0005355	0.0005355	0.0005355	0.0005355244985
0.006548566	0.00066695	0.00058281	0.00055038	0.00053781	0.00053447	0.00053266	0.00053266	0.00053266	0.00053266	0.0005326899195
0.0065368721	0.0006657	0.00058149	0.00054854	0.0005353	0.00053187	0.00052986	0.00052986	0.00052986	0.00052986	0.0005298778517
0.0065251778	0.0006645	0.00058023	0.00054677	0.00053282	0.00052931	0.00052707	0.00052707	0.00052707	0.00052707	0.0005270874472
0.006513484	0.00066338	0.00057904	0.00054505	0.00053038	0.00052679	0.00052432	0.00052432	0.00052432	0.00052432	0.0005243187325
0.0065017897	0.00066232	0.00057791	0.0005434	0.00052798	0.00052427	0.00052158	0.00052158	0.00052158	0.00052158	0.0005215727192
0.0064900957	0.00066132	0.00057685	0.00054181	0.00052561	0.00052159	0.00051888	0.00051888	0.00051888	0.00051888	0.0005188488721
0.0064784013	0.0006604	0.00057586	0.00054029	0.00052328	0.00051894	0.0005162	0.0005162	0.0005162	0.0005162	0.0005161470815
0.0064667071	0.00065953	0.00057493	0.0005379	0.00052099	0.00051631	0.00051354	0.00051354	0.00051354	0.00051354	0.0005134634768
0.0064550126	0.00065874	0.00057407	0.00053542	0.00051858	0.00051371	0.00051091	0.00051091	0.00051091	0.00051091	0.0005108001306
0.0064433181	0.00065801	0.00057327	0.00053298	0.0005161	0.00051114	0.0005083	0.0005082	0.0005082	0.0005082	0.0005081566135
0.006431624	0.00065734	0.00057254	0.00053056	0.00051363	0.00050859	0.00050572	0.0005056	0.0005056	0.0005056	0.0005055322099
0.0064199296	0.00065674	0.00057188	0.00052817	0.00051119	0.00050606	0.00050316	0.00050303	0.00050303	0.00050303	0.000502927654
0.0064082355	0.00065621	0.00057128	0.00052581	0.00050877	0.00050356	0.00050063	0.00050048	0.00050048	0.00050048	0.0005003422751
0.0063965416	0.00065575	0.00057074	0.00052347	0.00050638	0.00050109	0.00049812	0.00049794	0.00049794	0.00049794	0.0004977763812
0.0063848487	0.00065535	0.00057028	0.00052108	0.00050403	0.00049864	0.00049564	0.00049541	0.0004953	0.0004953	0.0004952267693
0.0063731553	0.00065501	0.00056953	0.00051872	0.00050169	0.00049622	0.00049318	0.00049291	0.00049279	0.00049279	0.0004926925202
0.0063614626	0.00065474	0.00056689	0.00051638	0.00049939	0.00049382	0.00049075	0.00049043	0.0004903	0.0004903	0.0004901744028
0.0063497692	0.00065454	0.00056428	0.00051407	0.00049711	0.00049144	0.00048834	0.00048797	0.00048783	0.00048783	0.0004876717997
0.0063380764	0.00065441	0.00056171	0.00051179	0.00049486	0.00048909	0.00048596	0.00048553	0.00048537	0.00048537	0.0004851852172
0.0063263834	0.00065434	0.00055916	0.00050954	0.00049264	0.00048677	0.0004836	0.00048311	0.00048291	0.00048291	0.0004827144401
0.0063146905	0.00065433	0.00055664	0.00050731	0.00049045	0.00048447	0.00048127	0.00048069	0.00048047	0.00048027	0.0004802596368
0.0063029972	0.00065439	0.00055415	0.00050512	0.00048828	0.0004822	0.00047896	0.00047828	0.00047805	0.00047783	0.000477820453
0.0062913043	0.00065452	0.00055169	0.00050295	0.00048614	0.00047995	0.00047668	0.00047589	0.00047564	0.00047541	0.0004753979347
0.0062796111	0.00065471	0.00054925	0.0005008	0.00048403	0.00047773	0.00047442	0.00047351	0.00047325	0.000473	0.0004729900319
0.0062679184	0.00065497	0.00054685	0.00049869	0.00048195	0.00047553	0.00047219	0.00047116	0.00047088	0.00047061	0.0004705988783
0.006256225	0.0006553	0.00054448	0.0004966	0.00047989	0.0004733	0.00046998	0.00046881	0.00046852	0.00046824	0.0004682229865
0.0062445324	0.00065569	0.00054213	0.00049454	0.00047786	0.00047109	0.0004678	0.00046649	0.00046618	0.00046588	0.0004658638899
0.0062328391	0.00065615	0.00053982	0.00049251	0.00047586	0.0004689	0.00046564	0.00046418	0.00046386	0.00046354	0.0004635187304
0.0062211458	0.00065667	0.0005374	0.0004905	0.00047389	0.00046674	0.00046351	0.00046189	0.00046155	0.00046121	0.0004611904148
0.0062094531	0.00065726	0.00053481	0.00048853	0.00047194	0.00046461	0.0004614	0.00045962	0.00045925	0.0004589	0.0004588780656
0.0061977597	0.00065792	0.00053225	0.00048658	0.00047002	0.0004625	0.00045932	0.00045736	0.00045698	0.00045661	0.000456581467
0.0061860669	0.00065864	0.00052971	0.00048465	0.00046813	0.00046042	0.00045726	0.00045512	0.00045471	0.00045433	0.000454300877
0.0061743738	0.00065943	0.00052718	0.00048276	0.00046627	0.00045836	0.00045523	0.0004529	0.00045247	0.00045206	0.0004520360759
0.0061626811	0.00066028	0.00052468	0.00048089	0.00046443	0.00045632	0.00045322	0.00045069	0.00045024	0.00044982	0.0004497870561
0.0061509877	0.0006612	0.0005222	0.00047905	0.00046262	0.00045431	0.00045109	0.0004485	0.00044803	0.00044758	0.0004475538075
0.0061392949	0.00066219	0.00051974	0.00047724	0.00046084	0.00045233	0.00044891	0.00044633	0.00044583	0.00044537	0.0004453365006
0.0061276017	0.00066324	0.00051731	0.00047546	0.00045909	0.00045037	0.00044675	0.00044417	0.00044365	0.00044317	0.0004431355619
0.0061159088	0.00066436	0.00051489	0.0004737	0.00045736	0.00044844	0.00044461	0.00044203	0.00044149	0.00044098	0.0004409495974
0.0061042155	0.00066554	0.00051249	0.00047197	0.00045566	0.00044653	0.00044248	0.00043991	0.00043934	0.00043882	0.0004387796843
0.006092523	0.00066679	0.00051012	0.00047027	0.00045399	0.00044465	0.00044037	0.0004378	0.00043721	0.00043666	0.0004366257793
0.0060808296	0.00066811	0.00050777	0.00046859	0.00045235	0.00044279	0.00043827	0.00043571	0.0004351	0.00043453	0.0004344874891
0.0060691369	0.00066949	0.00050543	0.00046695	0.00045073	0.00044096	0.00043619	0.00043364	0.000433	0.00043241	0.0004323656197
0.0060574435	0.00066815	0.00050312	0.00046533	0.00044905	0.00043899	0.00043413	0.00043158	0.00043092	0.0004303	0.0004302590429
0.0060457507	0.00066552	0.00050083	0.00046374	0.00044721	0.00043698	0.00043209	0.00042954	0.00042885	0.00042821	0.0004281693995
0.0060340574	0.00066291	0.00049856	0.00046217	0.0004454	0.00043499	0.00043006	0.00042752	0.0004268	0.00042614	0.0004260934382
0.0060223643	0.00066032	0.00049631	0.00046064	0.00044361	0.00043302	0.00042805	0.00042552	0.00042477	0.00042408	0.0004240349609
0.0060106715	0.00065776	0.00049408	0.00045913	0.00044183	0.00043106	0.00042606	0.00042353	0.00042275	0.00042204	0.0004219918754
0.0059989782	0.00065521	0.00049188	0.00045765	0.00044007	0.00042912	0.00042408	0.00042156	0.00042075	0.00042002	0.0004199646224
0.0059872854	0.00065268	0.00048969	0.00045619	0.00043833	0.0004272	0.00042212	0.0004196	0.00041877	0.00041801	0.0004179531747
0.0059755921	0.00065018	0.00048753	0.00045476	0.00043661	0.00042529	0.00042018	0.00041766	0.0004168	0.00041601	0.0004159562999
0.0059638989	0.0006477	0.00048538	0.00045302	0.00043491	0.0004234	0.00041825	0.00041574	0.00041485	0.00041404	0.0004139734506
0.0059522055	0.00064524	0.00048326	0.0004513	0.00043323	0.00042153	0.00041634	0.00041384	0.00041291	0.00041207	0.0004120045318
0.0059405125	0.0006428	0.00048116	0.0004496	0.00043156	0.00041967	0.00041445	0.00041195	0.00041099	0.00041013	0.0004100499845
0.0059288192	0.00064038	0.00047908	0.00044791	0.00042992	0.00041783	0.00041257	0.00041008	0.00040909	0.0004082	0.0004081085447
0.0059171261	0.00063798	0.00047702	0.00044625	0.00042829	0.00041601	0.00041071	0.00040822	0.0004072	0.00040628	0.0004061819174
0.0059054327	0.00063561	0.00047498	0.0004446	0.00042668	0.00041421	0.00040887	0.00040639	0.00040533	0.00040438	0.0004042685787
0.0058937399	0.00063325	0.00047297	0.00044297	0.00042509	0.00041242	0.00040704	0.00040457	0.00040348	0.0004025	0.0004023698348
0.0058820463	0.00063092	0.00047097	0.00044136	0.00042343	0.00041065	0.00040524	0.00040276	0.00040164	0.00040063	0.0004004845422
0.0058703535	0.00062861	0.00046899	0.00043977	0.00042162	0.00040889	0.00040344	0.00040098	0.00039982	0.00039878	0.0003986134872
0.0058586599	0.00062632	0.00046704	0.0004382	0.00041982	0.00040716	0.00040167	0.00039921	0.00039801	0.00039695	0.0003967566512
0.005846967	0.00062405	0.00046511	0.00043665	0.00041803	0.00040544	0.00039991	0.00039745	0.00039622	0.00039513	0.00039491316
0.0058352734	0.00062181	0.00046319	0.00043511	0.00041627	0.00040373	0.00039817	0.00039572	0.00039445	0.00039332	0.0003930847978
0.0058235804	0.00061958	0.0004613	0.00043359	0.00041452	0.00040205	0.00039644	0.000394	0.00039269	0.00039154	0.000391268511
0.0058118867	0.00061738	0.00045943	0.00043209	0.00041279	0.00040038	0.00039474	0.00039229	0.00039095	0.00038976	0.0003894657942
0.0058001932	0.00061519	0.00045758	0.00043061	0.00041107	0.00039872	0.00039305	0.00039061	0.00038923	0.00038801	0.0003876768483
0.0057885001	0.00061303	0.00045576	0.00042915	0.00040937	0.00039709	0.00039137	0.00038894	0.00038752	0.00038627	0.0003858995252
0.0057768066	0.00061089	0.00045395	0.00042771	0.00040769	0.00039547	0.00038971	0.00038729	0.00038583	0.00038454	0.0003841367973
0.0057651133	0.00060877	0.00045216	0.00042629	0.00040603	0.00039387	0.00038807	0.00038565	0.00038415	0.00038284	0.0003823881296
0.0057534199	0.00060668	0.0004504	0.00042488	0.00040438	0.00039228	0.00038645	0.00038403	0.0003825	0.00038114	0.0003806515371
0.0057417266	0.0006046	0.00044865	0.00042349	0.00040275	0.00039072	0.00038484	0.00038243	0.00038085	0.00037947	0.0003789282892
0.0057300328	0.00060255	0.00044693	0.00042212	0.00040114	0.00038917	0.00038325	0.00038084	0.00037923	0.0003778	0.0003772176969
0.0057183391	0.00060051	0.00044523	0.00042077	0.00039954	0.00038763	0.00038168	0.00037927	0.00037762	0.00037616	0.0003755197175
0.0057066454	0.0005985	0.00044355	0.00041944	0.00039797	0.00038612	0.00038012	0.00037772	0.00037602	0.00037453	0.0003738342219
0.0056949518	0.00059651	0.00044189	0.00041813	0.00039641	0.00038462	0.00037858	0.00037619	0.00037444	0.00037292	0.000372161373
0.005683258	0.00059454	0.00044025	0.00041664	0.00039486	0.00038313	0.00037706	0.00037467	0.00037288	0.00037132	0.0003705025091
0.0056715647	0.00059259	0.00043863	0.00041478	0.00039333	0.00038167	0.00037555	0.00037317	0.00037134	0.00036974	0.0003688532602
0.0056598707	0.00059067	0.00043703	0.00041293	0.00039182	0.00038022	0.00037406	0.00037168	0.00036981	0.00036817	0.0003672194462
0.0056481775	0.00058876	0.00043546	0.0004111	0.00039033	0.00037878	0.00037259	0.00037022	0.0003683	0.00036662	0.0003655966736
0.0056364837	0.00058688	0.0004339	0.0004093	0.00038886	0.00037737	0.00037113	0.00036873	0.0003668	0.00036509	0.0003639874432
0.0056247902	0.00058502	0.00043237	0.00040751	0.0003874	0.00037597	0.00036969	0.00036725	0.00036532	0.00036357	0.0003623877513
0.0056130963	0.00058317	0.00043086	0.00040575	0.00038596	0.00037459	0.00036827	0.00036577	0.00036386	0.00036207	0.0003608027292
0.0056014027	0.00058136	0.00042937	0.000404	0.00038453	0.00037323	0.00036687	0.00036432	0.00036241	0.00036058	0.0003592309449
0.0055897091	0.00057956	0.0004279	0.00040227	0.00038312	0.00037188	0.00036548	0.00036288	0.00036098	0.00035911	0.0003576705793
0.0055780152	0.00057778	0.00042645	0.00040057	0.00038173	0.00037055	0.00036411	0.00036145	0.00035956	0.00035765	0.0003561231979
0.0055663216	0.00057603	0.00042502	0.00039888	0.00038036	0.00036923	0.00036275	0.00036004	0.00035811	0.00035621	0.0003545899088
0.005554628	0.00057429	0.00042361	0.00039721	0.00037901	0.00036794	0.00036141	0.00035865	0.00035668	0.00035479	0.000353067243
0.0055429345	0.00057258	0.00042222	0.00039556	0.00037767	0.00036666	0.00036009	0.00035728	0.00035526	0.00035338	0.0003515566109
0.0055312409	0.00057089	0.00042086	0.00039394	0.00037635	0.00036539	0.00035879	0.00035592	0.00035386	0.00035199	0.000350058349
0.0055195474	0.00056922	0.00041951	0.00039233	0.00037504	0.00036415	0.0003575	0.00035458	0.00035248	0.00035062	0.0003485727516
0.0055078538	0.00056757	0.00041819	0.00039074	0.00037375	0.00036292	0.00035623	0.00035325	0.00035111	0.00034926	0.0003470994341
0.0054961606	0.00056594	0.00041689	0.00038917	0.00037248	0.00036171	0.00035497	0.00035194	0.00034976	0.00034791	0.0003456391616
0.0054844667	0.00056434	0.00041561	0.00038762	0.00037123	0.00036051	0.00035374	0.00035065	0.00034842	0.00034658	0.000344189573
0.0054727735	0.00056275	0.00041435	0.00038609	0.00036999	0.00035933	0.00035252	0.00034937	0.0003471	0.00034527	0.0003427527127
0.0054610799	0.00056119	0.00041311	0.00038458	0.00036877	0.00035817	0.00035131	0.00034811	0.0003458	0.00034395	0.0003413241645
0.0054493866	0.00055965	0.00041189	0.00038309	0.00036757	0.00035703	0.00035013	0.00034687	0.00034451	0.00034257	0.0003399097849
0.0054376928	0.00055813	0.00041069	0.00038162	0.00036639	0.0003559	0.00034896	0.00034564	0.00034323	0.00034122	0.0003385070524
0.0054259996	0.00055663	0.00040951	0.00038017	0.00036522	0.00035479	0.0003478	0.00034442	0.00034198	0.00033987	0.0003371157433
0.0054143057	0.00055515	0.00040836	0.00037874	0.00036407	0.0003537	0.00034667	0.00034323	0.00034073	0.00033854	0.0003357354287
0.0054026123	0.0005537	0.00040723	0.00037733	0.00036294	0.00035262	0.00034555	0.00034205	0.00033951	0.00033722	0.0003343662044
0.0053909184	0.00055226	0.00040611	0.00037594	0.00036182	0.00035156	0.00034444	0.00034089	0.0003383	0.00033592	0.0003330079525
0.0053792252	0.00055085	0.00040502	0.00037457	0.00036072	0.00035052	0.00034336	0.00033974	0.0003371	0.00033463	0.0003316608263
0.0053675314	0.00054946	0.00040395	0.00037322	0.00035964	0.00034948	0.00034229	0.00033861	0.00033593	0.00033335	0.0003303246182
0.0053558378	0.00054809	0.0004029	0.00037189	0.0003585	0.00034832	0.00034124	0.00033749	0.00033475	0.00033209	0.0003289994943
0.0053441446	0.00054674	0.00040187	0.00037058	0.00035729	0.00034717	0.0003402	0.00033638	0.0003335	0.00033084	0.0003276854459
0.0053324507	0.00054541	0.00040086	0.00036928	0.0003561	0.00034605	0.00033918	0.00033517	0.00033226	0.00032961	0.0003263823481
0.0053207574	0.0005441	0.00039988	0.00036801	0.00035493	0.00034494	0.00033818	0.00033398	0.00033104	0.00032839	0.000325090346
0.0053090635	0.00054282	0.00039891	0.00036676	0.00035378	0.00034385	0.00033719	0.0003328	0.00032984	0.00032718	0.0003238130156
0.0052973703	0.00054156	0.00039796	0.00036553	0.00035264	0.00034277	0.00033623	0.00033164	0.00032864	0.00032599	0.0003225418727
0.0052856764	0.00054031	0.00039704	0.00036431	0.00035153	0.00034171	0.00033528	0.00033049	0.00032746	0.00032481	0.0003212822867
0.0052739832	0.00053909	0.00039614	0.00036312	0.00035044	0.00034067	0.00033434	0.00032935	0.0003263	0.00032365	0.0003200340257
0.0052622893	0.00053789	0.00039526	0.00036194	0.00034936	0.00033964	0.00033342	0.00032823	0.00032515	0.00032249	0.0003187969775
0.005250596	0.00053672	0.0003944	0.00036079	0.00034831	0.00033864	0.00033248	0.00032713	0.00032401	0.00032136	0.0003175712622
0.0052389021	0.00053556	0.00039356	0.00035966	0.00034727	0.00033764	0.00033154	0.00032603	0.00032288	0.00032024	0.0003163566883
0.0052272089	0.00053442	0.00039274	0.00035854	0.00034625	0.00033667	0.00033063	0.00032496	0.00032177	0.00031913	0.0003151532692
0.0052155153	0.00053331	0.00039194	0.00035745	0.00034526	0.00033571	0.00032973	0.00032389	0.00032068	0.00031803	0.0003139608786
0.0052038218	0.00053222	0.00039116	0.00035637	0.00034428	0.00033477	0.00032884	0.00032284	0.0003196	0.00031695	0.0003127797088
0.0051921282	0.00053115	0.00039041	0.00035532	0.00034332	0.00033384	0.00032786	0.00032181	0.00031853	0.00031589	0.0003116099075
0.0051804349	0.0005301	0.00038967	0.00035428	0.00034238	0.00033293	0.00032687	0.00032079	0.00031748	0.00031483	0.0003104502136
0.0051687411	0.00052907	0.00038896	0.00035327	0.00034146	0.00033204	0.00032591	0.00031978	0.00031644	0.0003138	0.0003093022113
0.0051570476	0.00052806	0.00038827	0.00035227	0.00034056	0.00033116	0.00032496	0.00031879	0.00031541	0.00031277	0.0003081640783
0.0051453534	0.00052708	0.00038759	0.00035129	0.00033956	0.00033031	0.00032403	0.00031781	0.0003144	0.00031176	0.0003070350078
0.0051336592	0.00052611	0.00038694	0.00035034	0.0003385	0.00032944	0.00032311	0.00031684	0.0003134	0.00031077	0.0003059156954
0.0051219656	0.00052517	0.00038631	0.0003494	0.00033746	0.00032856	0.00032221	0.00031589	0.00031242	0.00030978	0.0003048056385
0.0051102714	0.00052425	0.00038571	0.00034848	0.00033644	0.00032771	0.00032133	0.00031496	0.00031145	0.00030881	0.0003037051488
0.0050985775	0.00052335	0.00038512	0.00034758	0.00033543	0.00032688	0.00032046	0.00031404	0.00031049	0.00030786	0.0003026138207
0.0050868833	0.00052247	0.00038455	0.00034671	0.00033445	0.00032606	0.00031961	0.00031313	0.00030955	0.00030692	0.0003015304334
0.0050751897	0.00052161	0.00038401	0.00034585	0.00033349	0.00032527	0.00031878	0.00031224	0.00030862	0.00030599	0.000300457034
0.0050634955	0.00052078	0.00038348	0.00034501	0.00033254	0.00032449	0.00031787	0.00031136	0.00030771	0.00030508	0.0002993929548
0.0050518017	0.00051996	0.00038298	0.00034419	0.00033161	0.00032373	0.00031696	0.0003105	0.00030681	0.00030418	0.0002983380031
0.0050401076	0.00051917	0.0003825	0.00034339	0.00033071	0.00032299	0.00031606	0.00030965	0.00030592	0.0003033	0.0002972920974
0.005028414	0.0005184	0.00038204	0.00034261	0.00032982	0.00032228	0.00031517	0.00030881	0.00030505	0.00030238	0.0002962552898
0.0050167199	0.00051765	0.0003816	0.00034186	0.00032895	0.00032158	0.00031421	0.00030799	0.00030419	0.00030146	0.0002952274972
0.0050050264	0.00051692	0.00038118	0.00034112	0.0003281	0.0003209	0.00031326	0.00030719	0.00030334	0.00030055	0.0002942087847
0.0049933322	0.00051621	0.00038078	0.0003404	0.00032727	0.0003201	0.00031232	0.00030639	0.00030247	0.00029965	0.0002931990666
0.0049816383	0.0005142	0.0003804	0.0003397	0.00032646	0.0003191	0.0003114	0.00030561	0.00030162	0.00029877	0.0002921984399
0.0049699446	0.00051013	0.00038005	0.00033902	0.00032567	0.00031812	0.0003105	0.00030485	0.00030079	0.0002979	0.0002912068797
0.0049582506	0.00050633	0.00037971	0.00033836	0.0003249	0.00031715	0.00030961	0.0003041	0.00029996	0.00029704	0.0002902243382
0.0049465566	0.00050279	0.0003794	0.00033771	0.00032415	0.0003162	0.00030874	0.00030337	0.00029915	0.0002962	0.0002892508842
0.0049348629	0.00049952	0.0003791	0.00033709	0.00032342	0.00031527	0.00030789	0.00030265	0.00029836	0.00029537	0.0002882867904
0.0049231687	0.00049652	0.00037883	0.00033649	0.0003227	0.00031435	0.00030705	0.00030194	0.00029758	0.00029455	0.000287330904
0.0049114747	0.00049379	0.00037858	0.00033591	0.00032201	0.00031345	0.00030623	0.00030125	0.00029681	0.00029375	0.0002863846469
0.004899781	0.00049132	0.00037835	0.00033535	0.00032133	0.00031257	0.00030543	0.00030057	0.00029605	0.00029296	0.0002854476568
0.0048880869	0.00048912	0.00037814	0.00033481	0.00032068	0.00031171	0.00030464	0.00029981	0.00029531	0.00029218	0.0002845193996
0.0048763932	0.00048719	0.00037795	0.00033429	0.00032004	0.00031086	0.00030387	0.00029903	0.00029458	0.00029138	0.0002836002308
0.0048646991	0.00048553	0.00037779	0.00033378	0.00031942	0.00031003	0.00030311	0.00029827	0.00029384	0.00029058	0.0002826914104
0.0048530055	0.00048413	0.00037764	0.0003333	0.00031883	0.00030921	0.00030237	0.00029743	0.00029307	0.0002898	0.0002817882022
0.0048413113	0.000483	0.00037752	0.00033284	0.00031825	0.00030841	0.00030165	0.0002966	0.00029232	0.00028902	0.0002808962253
0.0048296178	0.00047992	0.00037741	0.00033239	0.00031769	0.00030763	0.00030094	0.00029579	0.00029159	0.00028825	0.0002800129147
0.0048179238	0.00047529	0.00037733	0.00033197	0.00031715	0.00030687	0.00030024	0.00029499	0.00029086	0.0002875	0.0002791379487
0.0048062303	0.00047078	0.00037727	0.00033157	0.00031642	0.00030612	0.00029955	0.0002942	0.00029015	0.00028675	0.0002782700734
0.0047945367	0.0004664	0.00037723	0.00033118	0.00031559	0.00030539	0.00029887	0.00029343	0.00028944	0.00028602	0.0002774098601
0.0047828435	0.00046214	0.00037721	0.00033082	0.00031478	0.00030467	0.0002982	0.00029268	0.00028876	0.0002853	0.0002765563787
0.0047711499	0.00045801	0.00037721	0.00033047	0.00031398	0.00030397	0.00029756	0.00029194	0.00028808	0.00028458	0.0002757076576
0.0047594569	0.000454	0.00037723	0.00033015	0.0003132	0.00030329	0.00029692	0.00029122	0.00028741	0.00028387	0.0002748655762
0.0047477634	0.00045011	0.00037728	0.00032984	0.00031243	0.00030263	0.00029631	0.00029051	0.00028676	0.00028317	0.000274028945
0.0047360702	0.00044635	0.00037678	0.00032956	0.00031167	0.00030198	0.00029561	0.00028982	0.00028609	0.00028247	0.0002731981658
0.0047243767	0.00044271	0.0003741	0.00032929	0.00031093	0.00030135	0.00029486	0.00028914	0.00028532	0.00028178	0.0002723733236
0.0047126831	0.0004392	0.00037154	0.00032905	0.00031019	0.00030073	0.00029412	0.00028848	0.00028456	0.00028109	0.0002715534447
0.00470099	0.00043581	0.00036909	0.00032882	0.00030948	0.00029999	0.00029341	0.00028783	0.00028381	0.00028034	0.0002707401108
0.0046892964	0.00043255	0.00036677	0.00032861	0.00030877	0.00029927	0.0002926	0.0002871	0.00028307	0.00027958	0.0002699320818
0.0046776033	0.00042941	0.00036456	0.00032843	0.00030808	0.00029857	0.0002918	0.00028634	0.00028232	0.00027884	0.0002691298042
0.0046659098	0.00042639	0.00036247	0.00032826	0.00030741	0.00029788	0.00029099	0.00028561	0.00028156	0.0002781	0.0002683331779
0.0046542167	0.0004235	0.0003605	0.00032811	0.00030674	0.0002972	0.00029018	0.00028488	0.00028078	0.00027738	0.0002675422362
0.0046425231	0.00042073	0.00035864	0.00032799	0.00030609	0.00029653	0.00028939	0.00028416	0.00028001	0.00027667	0.0002667569072
0.0046308301	0.00041809	0.0003569	0.0003269	0.00030546	0.00029588	0.00028861	0.00028346	0.00027925	0.00027596	0.0002659772532
0.0046191365	0.00041557	0.00035528	0.00032498	0.00030483	0.00029524	0.00028784	0.00028277	0.0002785	0.00027527	0.000265203195
0.0046074435	0.00041318	0.00035378	0.00032319	0.00030422	0.00029462	0.00028708	0.00028209	0.00027777	0.00027459	0.0002644348493
0.00459575	0.00041091	0.0003524	0.00032151	0.00030363	0.00029401	0.00028633	0.00028143	0.00027704	0.00027392	0.000263677356
0.0045840569	0.00040876	0.00035047	0.00031995	0.00030304	0.00029341	0.0002856	0.00028075	0.00027633	0.00027326	0.0002629204184
0.0045723635	0.00040674	0.00034833	0.0003185	0.00030247	0.00029283	0.00028489	0.00027999	0.00027563	0.00027261	0.000262169114
0.0045606704	0.00040484	0.00034632	0.00031717	0.00030192	0.00029225	0.00028418	0.00027922	0.00027494	0.00027193	0.0002614241579
0.0045489769	0.00040307	0.00034443	0.00031595	0.00030138	0.0002917	0.00028349	0.00027827	0.00027427	0.00027118	0.0002606776086
0.0045372839	0.00040142	0.00034266	0.00031485	0.00030085	0.00029115	0.00028281	0.00027736	0.00027353	0.00027045	0.0002599430982
0.0045255904	0.00039989	0.00034102	0.00031387	0.00029974	0.00029041	0.00028214	0.00027649	0.00027262	0.00026973	0.0002592142065
0.0045138973	0.00039849	0.0003395	0.000313	0.00029837	0.00028944	0.00028149	0.00027564	0.00027175	0.00026902	0.0002584910206
0.0045022039	0.00039722	0.0003381	0.00031225	0.00029711	0.00028832	0.00028085	0.00027483	0.0002709	0.00026832	0.0002577733921
0.0044905104	0.00039606	0.00033683	0.00031162	0.00029595	0.00028729	0.00028022	0.00027406	0.0002701	0.00026763	0.0002570611799
0.0044788177	0.00039503	0.00033569	0.0003111	0.0002949	0.00028638	0.0002796	0.00027331	0.00026932	0.00026695	0.0002563542919
0.0044671244	0.00039413	0.00033466	0.0003107	0.00029396	0.00028557	0.000279	0.0002726	0.00026858	0.00026628	0.000255652548
0.0044554317	0.00039335	0.00033376	0.00031041	0.00029313	0.00028486	0.00027841	0.00027193	0.00026787	0.00026563	0.0002549566181
0.0044437384	0.0003927	0.00033299	0.00031025	0.0002924	0.00028427	0.00027784	0.00027128	0.0002672	0.00026493	0.0002542651007
0.0044320455	0.00039216	0.00033234	0.00031019	0.00029178	0.00028361	0.00027675	0.00027067	0.00026656	0.00026413	0.0002535783853
0.0044203525	0.00039176	0.00033181	0.00030978	0.00029127	0.00028287	0.00027558	0.0002701	0.00026595	0.00026335	0.0002528971429
0.00440866	0.00039147	0.00033141	0.0003091	0.00029087	0.00028164	0.00027447	0.00026955	0.00026534	0.0002626	0.0002522205667
0.004396967	0.00039132	0.00033113	0.00030854	0.00029029	0.00028045	0.00027342	0.00026905	0.00026468	0.00026187	0.0002515484168
0.0043852744	0.00039128	0.00033098	0.00030771	0.00028925	0.00027932	0.00027244	0.00026829	0.00026405	0.00026118	0.000250881326
0.0043735814	0.00039137	0.00033095	0.00030615	0.00028827	0.00027826	0.00027152	0.00026734	0.00026347	0.00026051	0.0002502172172
0.0043618889	0.00039159	0.00033104	0.00030467	0.00028736	0.00027727	0.00027067	0.00026645	0.00026291	0.00025987	0.0002495582808
0.0043501959	0.00039192	0.00033126	0.00030326	0.00028652	0.00027634	0.00026989	0.00026562	0.00026239	0.00025921	0.0002489036715
0.0043385034	0.00039239	0.00033161	0.00030193	0.00028574	0.00027548	0.00026916	0.00026486	0.00026191	0.00025853	0.0002482534379
0.0043268104	0.00039297	0.00033207	0.00030068	0.00028503	0.00027468	0.0002685	0.00026416	0.00026137	0.00025788	0.0002476075193
0.0043151179	0.00039368	0.00033266	0.0002995	0.00028438	0.00027395	0.00026791	0.00026353	0.00026068	0.00025726	0.0002469659645
0.0043034249	0.00039452	0.00033338	0.00029839	0.0002838	0.00027328	0.00026738	0.00026296	0.00026002	0.00025666	0.0002463289755
0.0042917324	0.00039548	0.00033422	0.00029736	0.00028329	0.00027268	0.00026691	0.00026245	0.00025941	0.0002561	0.0002456967531
0.0042800394	0.00039656	0.00033466	0.00029641	0.00028285	0.00027215	0.00026651	0.00026201	0.00025864	0.00025557	0.0002450688594
0.0042683463	0.00039777	0.00033343	0.00029553	0.00028247	0.00027168	0.00026574	0.00026141	0.00025792	0.00025506	0.0002444452704
0.0042566535	0.0003991	0.00033228	0.00029473	0.00028215	0.00027106	0.00026501	0.00026075	0.00025724	0.00025458	0.0002438259611
0.0042449605	0.00040056	0.00033121	0.00029401	0.0002819	0.00027043	0.00026435	0.00026011	0.00025661	0.00025414	0.0002432108603
0.0042332677	0.00040214	0.00033021	0.00029335	0.00028134	0.00026988	0.00026378	0.00025952	0.00025603	0.00025363	0.0002425999479
0.0042215745	0.00040384	0.00032929	0.00029278	0.00028085	0.00026941	0.00026328	0.00025898	0.0002555	0.00025305	0.0002419931558
0.0042098818	0.00040524	0.00032845	0.00029228	0.00028043	0.00026902	0.00026287	0.00025834	0.00025497	0.00025235	0.0002413904968
0.0041981886	0.00040658	0.00032768	0.00029186	0.00028009	0.00026871	0.00026253	0.00025765	0.00025434	0.00025167	0.0002407918869
0.0041864959	0.00040807	0.00032699	0.00029151	0.00027983	0.00026847	0.00026227	0.00025699	0.00025375	0.00025102	0.0002401974044
0.0041748027	0.00040973	0.00032638	0.00029123	0.00027951	0.00026831	0.00026156	0.00025635	0.00025322	0.00025039	0.0002396032324
0.00416311	0.00041155	0.00032584	0.00029104	0.00027902	0.00026824	0.00026086	0.00025575	0.00025249	0.00024978	0.0002390171196
0.0041514168	0.00041352	0.00032539	0.00029091	0.00027862	0.00026824	0.00026019	0.00025517	0.00025178	0.0002492	0.0002384396819
0.0041397241	0.00041566	0.00032501	0.00029087	0.00027831	0.00026761	0.00025954	0.00025462	0.00025111	0.00024863	0.00023785993
0.0041280309	0.00041795	0.0003247	0.00029078	0.00027768	0.0002669	0.00025893	0.0002541	0.00025045	0.00024802	0.0002372854348
0.0041163382	0.00042041	0.00032448	0.00029051	0.00027672	0.0002662	0.00025835	0.0002536	0.00024983	0.00024744	0.0002367161671
0.004104645	0.00042302	0.00032433	0.00029034	0.00027579	0.00026553	0.00025779	0.00025308	0.00024922	0.00024679	0.0002361511354
0.0040929523	0.00042579	0.00032407	0.00029026	0.0002749	0.00026489	0.00025719	0.00025241	0.00024865	0.00024612	0.0002355901371
0.0040812592	0.00042872	0.00032299	0.00029028	0.00027405	0.00026427	0.00025657	0.00025176	0.0002481	0.00024548	0.0002350334225
0.0040695664	0.00043038	0.00032196	0.00029039	0.00027323	0.00026368	0.00025597	0.00025115	0.00024757	0.00024487	0.0002344808072
0.0040578732	0.00042459	0.00032096	0.00029059	0.00027244	0.00026311	0.00025541	0.00025056	0.00024707	0.00024428	0.0002339322487
0.0040461801	0.00041973	0.00032001	0.00029089	0.00027169	0.00026257	0.00025488	0.00025	0.0002466	0.00024371	0.0002333877469
0.0040344872	0.00041579	0.00031909	0.00029056	0.00027097	0.00026205	0.0002543	0.00024946	0.00024615	0.00024317	0.0002328472782
0.0040227939	0.00041277	0.00031822	0.00029016	0.00027028	0.00026156	0.0002537	0.00024891	0.00024569	0.00024265	0.000232310783
0.004011101	0.00041067	0.00031738	0.0002898	0.00026963	0.00026105	0.00025313	0.00024831	0.00024503	0.00024212	0.0002317782651
0.0039994077	0.00040949	0.00031659	0.00028947	0.00026902	0.00026046	0.00025259	0.00024775	0.00024438	0.00024149	0.0002312496595
0.0039877146	0.00040923	0.00031583	0.00028918	0.00026844	0.0002599	0.00025206	0.00024721	0.00024374	0.00024087	0.000230724978
0.0039760213	0.0004099	0.00031512	0.00028893	0.00026789	0.00025936	0.00025156	0.00024671	0.00024313	0.00024026	0.0002302056138
0.0039643284	0.00041149	0.00031445	0.00028864	0.00026738	0.00025886	0.00025108	0.00024623	0.00024253	0.00023965	0.0002296896471
0.003952635	0.000414	0.00031382	0.00028773	0.0002669	0.00025838	0.00025063	0.00024578	0.00024194	0.00023903	0.0002291764627
0.0039409421	0.00041743	0.00031323	0.00028685	0.00026645	0.00025793	0.00025019	0.00024522	0.00024136	0.00023843	0.0002286663299
0.0039292487	0.00042178	0.00031267	0.00028602	0.00026605	0.00025751	0.00024978	0.00024457	0.00024078	0.00023785	0.0002281611703
0.0039175558	0.00042325	0.00031216	0.00028522	0.00026567	0.00025711	0.00024939	0.00024394	0.00024018	0.00023728	0.0002276607247
0.0039058625	0.00042227	0.00031169	0.00028446	0.00026533	0.00025675	0.00024903	0.00024332	0.00023959	0.00023673	0.0002271641198
0.0038941692	0.00042133	0.00031126	0.00028374	0.00026502	0.00025641	0.00024868	0.00024273	0.00023901	0.00023619	0.0002266713104
0.003882476	0.00042043	0.00031087	0.00028306	0.00026475	0.0002561	0.00024836	0.00024214	0.00023845	0.00023567	0.0002261821244
0.003870783	0.00041957	0.00031052	0.00028242	0.00026451	0.00025581	0.00024778	0.00024155	0.0002379	0.00023517	0.0002256959168
0.0038590898	0.00041875	0.00031021	0.00028182	0.00026426	0.00025554	0.0002471	0.00024096	0.00023737	0.00023468	0.000225214844
0.0038473966	0.00041798	0.00030995	0.00028126	0.00026392	0.00025483	0.00024643	0.0002404	0.00023686	0.00023421	0.0002247373681
0.0038357035	0.00041724	0.00030972	0.00028073	0.00026362	0.00025415	0.00024577	0.00023985	0.00023636	0.00023375	0.0002242640932
0.0038240104	0.00041655	0.00030953	0.00028025	0.00026323	0.00025348	0.00024514	0.00023932	0.00023587	0.00023328	0.0002237947858
0.0038123172	0.0004159	0.00030938	0.0002798	0.00026273	0.00025284	0.00024452	0.0002388	0.0002354	0.00023274	0.0002233294305
0.003800624	0.00041529	0.00030927	0.00027939	0.00026227	0.00025221	0.00024392	0.00023829	0.00023495	0.00023222	0.0002228680091
0.0037889309	0.00041472	0.00030921	0.00027902	0.00026183	0.0002516	0.00024333	0.00023781	0.00023451	0.00023172	0.0002224105274
0.0037772378	0.0004142	0.00030918	0.00027869	0.00026142	0.00025101	0.00024276	0.00023734	0.00023408	0.00023123	0.0002219569994
0.0037655446	0.00041371	0.0003092	0.0002784	0.00026103	0.00025044	0.0002422	0.00023688	0.00023367	0.00023074	0.0002215074765
0.0037538514	0.00041327	0.00030925	0.00027815	0.00026067	0.00024988	0.00024167	0.00023644	0.00023313	0.00023028	0.0002210626114
0.0037421584	0.00041287	0.00030935	0.00027793	0.00026033	0.00024935	0.00024115	0.00023602	0.0002326	0.00022979	0.0002206233635
0.0037304651	0.00041251	0.00030948	0.00027776	0.00026002	0.00024875	0.00024064	0.00023561	0.00023208	0.00022931	0.0002201897457
0.0037187719	0.00041219	0.00030966	0.00027762	0.00025974	0.00024812	0.00024015	0.00023521	0.00023158	0.00022885	0.0002197617509
0.0037070789	0.00041192	0.00030987	0.00027753	0.00025948	0.00024752	0.00023968	0.00023483	0.0002311	0.00022839	0.0002193393763
0.0036953858	0.00041148	0.0003101	0.00027746	0.00025925	0.00024693	0.00023923	0.00023447	0.00023062	0.00022795	0.0002189226205
0.0036836927	0.00041089	0.00030999	0.00027722	0.00025905	0.00024637	0.00023879	0.00023413	0.00023017	0.00022752	0.0002185114827
0.0036719995	0.00041036	0.00030992	0.00027702	0.00025887	0.00024583	0.00023837	0.00023373	0.00022972	0.00022711	0.0002181106926
0.0036603063	0.00040987	0.00030987	0.00027687	0.00025872	0.00024531	0.00023796	0.00023323	0.00022929	0.0002267	0.0002177097302
0.0036486128	0.00040944	0.00030986	0.00027677	0.00025859	0.00024481	0.00023758	0.00023275	0.00022888	0.00022631	0.0002173152996
0.0036369196	0.00040905	0.00030988	0.00027652	0.00025832	0.00024433	0.0002372	0.00023229	0.00022847	0.00022594	0.0002169254312
0.0036252262	0.00040871	0.00030992	0.00027587	0.00025768	0.00024387	0.00023685	0.00023184	0.00022809	0.00022558	0.0002165400876
0.003613533	0.00040843	0.00031	0.00027524	0.00025706	0.00024344	0.00023651	0.00023141	0.00022771	0.00022522	0.0002161593099
0.0036018396	0.00040819	0.00031002	0.00027463	0.00025646	0.00024302	0.00023619	0.000231	0.00022735	0.00022477	0.0002157830635
0.0035901463	0.000408	0.00030976	0.00027404	0.00025588	0.00024263	0.00023588	0.0002306	0.00022701	0.00022434	0.0002154112243
0.0035784531	0.00040785	0.00030949	0.00027348	0.00025533	0.00024226	0.00023559	0.00023021	0.00022667	0.00022392	0.0002150449806
0.0035667601	0.00040753	0.00030925	0.00027294	0.00025479	0.0002419	0.00023532	0.00022984	0.00022624	0.00022352	0.0002146846074
0.0035550671	0.00040772	0.00030903	0.00027241	0.00025428	0.00024157	0.00023506	0.00022949	0.00022579	0.00022312	0.0002143249858
0.0035433743	0.00040772	0.00030885	0.00027192	0.00025379	0.00024124	0.00023477	0.00022915	0.00022535	0.00022274	0.0002139745762
0.0035316814	0.00040778	0.0003087	0.00027144	0.00025317	0.00024085	0.00023426	0.00022883	0.00022493	0.00022237	0.0002136337687
0.0035199885	0.00040788	0.00030857	0.00027098	0.00025255	0.00024049	0.00023376	0.00022853	0.00022452	0.00022202	0.0002132918221
0.0035082953	0.00040804	0.00030848	0.00027055	0.00025197	0.00024014	0.00023328	0.00022824	0.00022413	0.00022168	0.0002129542244
0.0034966023	0.00040824	0.00030842	0.00027014	0.00025141	0.00023982	0.00023282	0.00022796	0.00022375	0.00022135	0.0002126201852
0.0034849093	0.00040706	0.00030839	0.00026975	0.00025087	0.00023951	0.00023238	0.0002277	0.00022338	0.00022103	0.0002122917489
0.0034732164	0.00040445	0.00030838	0.00026939	0.00025037	0.00023922	0.00023196	0.00022746	0.00022303	0.00022072	0.0002119677779
0.0034615236	0.00040209	0.00030841	0.00026904	0.00024988	0.00023895	0.00023155	0.00022723	0.0002227	0.00022031	0.0002116483123
0.0034498307	0.00039999	0.00030847	0.00026872	0.00024943	0.00023869	0.00023116	0.00022702	0.00022238	0.0002199	0.0002113334227
0.0034381378	0.00039814	0.00030855	0.00026842	0.000249	0.00023846	0.00023078	0.00022657	0.00022207	0.0002195	0.0002110231967
0.003426445	0.00039655	0.00030867	0.00026814	0.00024859	0.00023824	0.00023043	0.00022613	0.00022178	0.00021912	0.0002107174789
0.0034147521	0.00039522	0.00030882	0.00026775	0.00024822	0.00023805	0.00023009	0.0002257	0.0002215	0.00021874	0.0002104163622
0.0034030592	0.00039414	0.000309	0.00026735	0.00024786	0.00023787	0.00022976	0.00022529	0.00022123	0.00021838	0.0002101198189
0.0033913664	0.00039331	0.0003092	0.00026697	0.00024754	0.00023771	0.00022946	0.0002249	0.00022098	0.00021804	0.0002098278624
0.0033796735	0.00039274	0.00030944	0.00026662	0.00024724	0.00023757	0.00022917	0.00022453	0.00022075	0.0002177	0.0002095404564
0.0033679807	0.00039243	0.00030971	0.0002663	0.00024696	0.00023718	0.0002289	0.00022417	0.0002205	0.00021738	0.0002092576321
0.0033562879	0.00039237	0.00031	0.00026595	0.00024671	0.00023665	0.00022865	0.00022382	0.00022025	0.00021707	0.0002089793639
0.003344595	0.00039256	0.00031033	0.00026549	0.00024649	0.00023614	0.00022841	0.0002235	0.00022001	0.00021677	0.0002087056155
0.003332902	0.00039302	0.00031069	0.00026504	0.00024629	0.00023566	0.00022819	0.00022319	0.00021978	0.00021649	0.0002084364553
0.0033212093	0.00039372	0.00031107	0.00026462	0.00024612	0.00023519	0.00022799	0.0002229	0.00021938	0.00021622	0.0002081717495
0.0033095163	0.00039469	0.00031149	0.00026423	0.00024597	0.00023475	0.00022781	0.00022263	0.000219	0.00021596	0.0002079114486
0.0032978235	0.00039565	0.00031194	0.00026385	0.00024586	0.00023433	0.00022764	0.00022237	0.00021863	0.00021571	0.0002076555084
0.0032861302	0.00039436	0.00031242	0.0002635	0.00024566	0.00023393	0.00022749	0.00022213	0.00021828	0.00021548	0.0002074038662
0.0032744373	0.0003932	0.00031292	0.00026317	0.00024542	0.00023356	0.00022736	0.0002219	0.00021794	0.00021526	0.0002071564697
0.0032627443	0.00039217	0.00031346	0.00026287	0.00024521	0.00023321	0.00022725	0.0002217	0.00021761	0.00021505	0.0002069131834
0.0032510516	0.00039126	0.00031403	0.00026258	0.00024501	0.00023287	0.00022699	0.00022145	0.00021731	0.00021486	0.0002066738291
0.0032393587	0.00039048	0.00031462	0.00026232	0.00024484	0.00023256	0.00022672	0.00022122	0.00021701	0.00021467	0.0002064381976
0.003227666	0.00038982	0.00031408	0.00026209	0.00024469	0.00023228	0.00022647	0.000221	0.00021674	0.0002145	0.000206206169
0.0032159732	0.00038929	0.00031341	0.00026187	0.00024456	0.00023201	0.00022616	0.0002208	0.00021647	0.00021435	0.0002059779586
0.0032042806	0.00038888	0.00031278	0.00026168	0.00024446	0.00023177	0.00022583	0.00022061	0.00021623	0.0002142	0.0002057534034
0.0031925878	0.00038801	0.00031218	0.00026151	0.00024437	0.00023154	0.00022552	0.00022044	0.000216	0.00021407	0.0002055331209
0.0031808951	0.00038641	0.0003116	0.00026137	0.00024426	0.00023134	0.00022523	0.00022029	0.00021578	0.00021395	0.000205315828
0.0031692023	0.00038487	0.00031106	0.00026125	0.00024399	0.00023117	0.00022496	0.00022015	0.00021558	0.00021384	0.0002051010495
0.0031575097	0.00038341	0.00031055	0.00026115	0.00024374	0.00023101	0.00022472	0.00022002	0.00021539	0.00021375	0.0002048900235
0.003145817	0.00038202	0.00031007	0.00026107	0.00024351	0.00023087	0.00022449	0.00021992	0.00021522	0.00021347	0.0002046822882
0.0031341241	0.00038069	0.00030962	0.00026102	0.0002433	0.00023076	0.00022429	0.00021963	0.00021506	0.00021316	0.0002044789893
0.0031224313	0.00037944	0.0003092	0.00026099	0.00024312	0.00023067	0.00022411	0.00021931	0.00021492	0.00021287	0.0002042794041
0.0031107383	0.00037825	0.00030881	0.00026098	0.00024296	0.0002306	0.00022395	0.000219	0.0002148	0.00021258	0.000204083659
0.0030990456	0.00037714	0.00030845	0.00026099	0.00024282	0.00023056	0.00022381	0.00021871	0.00021469	0.00021231	0.0002038916134
0.0030873527	0.00037609	0.00030812	0.00026103	0.00024271	0.00023053	0.00022369	0.00021844	0.00021459	0.00021204	0.0002037032141
0.0030756601	0.00037512	0.00030782	0.00026109	0.00024262	0.00023053	0.0002236	0.00021819	0.00021452	0.00021178	0.0002035184542
0.003063967	0.00037421	0.00030756	0.00026118	0.00024254	0.00023055	0.00022352	0.00021796	0.00021445	0.00021154	0.0002033373613
0.0030522742	0.00037338	0.00030732	0.00026128	0.0002425	0.00023059	0.00022347	0.00021775	0.00021436	0.0002113	0.0002031601812
0.0030405813	0.00037261	0.00030711	0.00026141	0.00024247	0.00023065	0.00022343	0.00021756	0.00021413	0.00021107	0.0002029866945
0.0030288885	0.00037191	0.00030694	0.00026157	0.00024246	0.00023074	0.00022342	0.00021739	0.00021391	0.00021084	0.00020281688
0.0030171956	0.00037129	0.00030679	0.00026174	0.00024248	0.00023084	0.00022343	0.00021723	0.0002137	0.00021063	0.0002026507311
0.0030055028	0.00037073	0.00030668	0.00026194	0.00024252	0.00023097	0.00022346	0.0002171	0.0002135	0.00021043	0.0002024882445
0.00299381	0.00037024	0.0003066	0.00026216	0.00024258	0.00023112	0.00022331	0.00021698	0.0002133	0.00021024	0.000202329429
0.0029821173	0.00036982	0.00030655	0.00026241	0.00024267	0.00023098	0.00022307	0.00021688	0.00021312	0.00021005	0.0002021743819
0.0029704244	0.00036948	0.00030652	0.00026268	0.00024278	0.00023072	0.00022284	0.00021681	0.00021294	0.00020988	0.0002020230184
0.0029587316	0.0003692	0.00030653	0.00026297	0.00024291	0.00023048	0.00022262	0.00021675	0.00021278	0.00020971	0.0002018753721
0.0029470388	0.00036899	0.00030657	0.00026328	0.00024306	0.00023024	0.00022241	0.00021662	0.00021262	0.00020956	0.0002017315137
0.0029353459	0.00036885	0.00030664	0.00026362	0.00024293	0.00023002	0.00022222	0.00021639	0.00021247	0.00020941	0.0002015913814
0.0029236531	0.00036878	0.00030674	0.00026397	0.00024261	0.00022981	0.00022203	0.00021617	0.00021234	0.00020927	0.0002014548914
0.0029119604	0.00036878	0.00030687	0.00026436	0.00024229	0.00022961	0.00022186	0.00021596	0.00021221	0.00020914	0.0002013220916
0.0029002675	0.00036885	0.00030704	0.00026476	0.00024199	0.00022942	0.0002217	0.00021577	0.00021209	0.00020902	0.0002011928863
0.0028885747	0.00036899	0.00030723	0.00026519	0.0002417	0.00022924	0.00022155	0.00021558	0.00021198	0.00020891	0.0002010673517
0.0028768819	0.0003692	0.00030745	0.00026564	0.00024143	0.00022908	0.00022141	0.0002154	0.00021182	0.00020881	0.0002009453199
0.0028651892	0.00036948	0.00030771	0.00026611	0.00024116	0.00022893	0.00022128	0.00021524	0.00021162	0.00020872	0.0002008267165
0.0028534962	0.00036983	0.00030718	0.00026646	0.00024091	0.00022878	0.00022116	0.00021509	0.00021144	0.00020864	0.0002007115234
0.0028418035	0.00037025	0.0003066	0.00026633	0.00024067	0.00022865	0.00022106	0.00021495	0.00021127	0.00020856	0.0002005997439
0.0028301108	0.00037074	0.00030607	0.0002662	0.00024044	0.00022853	0.00022096	0.00021482	0.0002111	0.0002085	0.000200491376
0.002818418	0.0003713	0.0003056	0.00026609	0.00024022	0.00022842	0.00022085	0.0002147	0.00021095	0.00020844	0.0002003864149
0.0028067254	0.00037193	0.0003052	0.00026599	0.00024001	0.00022832	0.00022071	0.00021459	0.00021081	0.0002084	0.0002002855341
0.0027950327	0.00037262	0.00030486	0.0002659	0.00023982	0.00022824	0.00022059	0.00021449	0.00021068	0.00020836	0.0002001876804
0.0027833401	0.00037339	0.0003042	0.00026582	0.00023964	0.00022816	0.00022047	0.0002144	0.00021057	0.0002082	0.0002000928608
0.0027716473	0.00037423	0.00030346	0.00026576	0.00023947	0.0002281	0.00022037	0.00021433	0.00021046	0.00020803	0.0001999960868
0.0027599543	0.00037514	0.00030278	0.00026571	0.00023931	0.00022805	0.00022028	0.00021427	0.00021036	0.00020786	0.0001999076092
0.0027482617	0.00037611	0.00030214	0.00026567	0.00023916	0.00022801	0.0002202	0.00021421	0.00021028	0.00020771	0.0001998269079
0.0027365691	0.00037716	0.00030156	0.00026564	0.00023903	0.00022792	0.00022014	0.00021417	0.0002102	0.00020756	0.0001997443251
0.0027248766	0.00037827	0.00030103	0.00026562	0.0002389	0.00022777	0.00022008	0.00021414	0.00021014	0.00020743	0.0001996646765
0.0027131837	0.00037946	0.00030056	0.00026562	0.00023879	0.00022763	0.00022003	0.00021412	0.00021009	0.0002073	0.0001995879772
0.0027014909	0.00038072	0.00030013	0.00026563	0.00023869	0.00022751	0.00022	0.00021412	0.00021005	0.00020719	0.0001995141597
0.0026897984	0.00038204	0.00029976	0.00026565	0.0002386	0.00022739	0.00021993	0.00021412	0.00021002	0.00020708	0.0001994430797
0.0026781056	0.00038344	0.00029944	0.00026568	0.00023853	0.00022729	0.00021981	0.00021413	0.00021	0.00020699	0.0001993746917
0.0026664129	0.0003849	0.00029917	0.00026573	0.00023846	0.0002272	0.00021969	0.00021416	0.00020999	0.0002069	0.0001993089769
0.0026547199	0.00038644	0.00029895	0.00026578	0.00023841	0.00022712	0.00021958	0.00021408	0.00020995	0.00020683	0.0001992463924
0.0026430272	0.00038804	0.00029879	0.00026585	0.00023837	0.00022705	0.00021949	0.00021399	0.00020987	0.00020676	0.0001991870496
0.0026313341	0.00038971	0.00029867	0.00026593	0.00023834	0.000227	0.0002194	0.00021392	0.00020978	0.00020671	0.0001991297966
0.0026196412	0.00039146	0.00029861	0.00026602	0.00023833	0.00022696	0.00021933	0.00021386	0.00020971	0.00020667	0.0001990749972
0.0026079484	0.00039327	0.0002986	0.00026613	0.00023832	0.00022692	0.00021927	0.0002138	0.00020964	0.00020663	0.000199022625
0.0025962555	0.00039515	0.00029864	0.00026624	0.00023833	0.0002269	0.00021923	0.00021376	0.00020958	0.00020661	0.0001989729766
0.0025845626	0.00039711	0.00029874	0.00026637	0.00023835	0.0002269	0.00021919	0.00021373	0.00020953	0.00020659	0.0001989262219
0.0025728699	0.00039913	0.00029889	0.00026651	0.00023838	0.0002269	0.00021917	0.00021371	0.0002095	0.00020659	0.0001988821338
0.002561177	0.00040122	0.00029909	0.00026666	0.00023842	0.00022691	0.00021915	0.0002137	0.00020947	0.00020659	0.0001988408208
0.0025494842	0.00040131	0.00029934	0.00026683	0.00023847	0.00022694	0.00021915	0.00021369	0.00020945	0.00020661	0.0001988019052
0.0025377915	0.00040087	0.00029964	0.00026701	0.00023854	0.00022698	0.00021916	0.0002137	0.00020945	0.00020658	0.0001987653112
0.0025260989	0.00040045	0.00029999	0.00026719	0.00023862	0.00022703	0.00021919	0.00021372	0.00020945	0.00020649	0.0001987310578
0.0025144062	0.00040005	0.0003004	0.0002674	0.00023871	0.00022709	0.0002192	0.00021366	0.00020946	0.0002064	0.0001986990583
0.0025027137	0.00039968	0.00030086	0.00026761	0.00023881	0.00022717	0.00021916	0.00021361	0.00020949	0.00020633	0.0001986693128
0.0024910209	0.00039932	0.00030137	0.00026783	0.00023892	0.00022725	0.00021913	0.00021357	0.00020952	0.00020626	0.0001986418342
0.0024793282	0.00039898	0.00030193	0.00026807	0.00023905	0.00022735	0.0002191	0.00021355	0.00020957	0.0002062	0.0001986167149
0.0024676356	0.00039866	0.00030255	0.00026832	0.00023918	0.00022746	0.00021909	0.00021353	0.00020962	0.00020615	0.0001985939082
0.0024559429	0.00039836	0.00030321	0.00026858	0.00023933	0.00022758	0.00021909	0.00021352	0.00020969	0.00020611	0.000198573452
0.0024442501	0.00039808	0.00030393	0.00026885	0.00023949	0.00022772	0.00021911	0.00021353	0.00020976	0.00020607	0.0001985553783
0.0024325577	0.00039782	0.0003047	0.00026914	0.00023966	0.00022786	0.00021913	0.00021354	0.00020985	0.00020605	0.0001985396958
0.0024208652	0.00039758	0.00030553	0.00026943	0.00023985	0.000228	0.00021916	0.00021357	0.00020994	0.00020603	0.0001985263669
0.0024091722	0.00039736	0.0003064	0.00026974	0.00024004	0.00022805	0.0002192	0.00021361	0.00021001	0.00020602	0.0001985154178
0.0023974796	0.00039716	0.00030733	0.00027006	0.00024025	0.00022811	0.00021926	0.00021366	0.00020994	0.00020603	0.0001985068852
0.0023857869	0.00039698	0.00030831	0.00026995	0.00024047	0.00022819	0.00021933	0.00021372	0.00020989	0.00020604	0.0001985008867
0.0023740943	0.00039682	0.00030934	0.00026969	0.0002407	0.00022827	0.0002194	0.00021379	0.00020984	0.00020605	0.0001984977258
