0.010865	0.0047755	0.0047755	0.0047755	0.0047755	0.0047755	0.0047755	0.0047755	0.0047755	0.0047755	0.004775501025
0.010848833	0.0047755	0.0047755	0.0047755	0.0047755	0.0047755	0.0047755	0.0047755	0.0047755	0.0047755	0.004744536321
0.010832666	0.0047755	0.0047755	0.0047755	0.0047755	0.0047755	0.0047755	0.0047755	0.0047755	0.0047755	0.004713769183
0.010816498	0.0046796	0.0046796	0.0046796	0.0046796	0.0046796	0.0046796	0.0046796	0.0046796	0.0046796	0.004683197433
0.010800332	0.0046493	0.0046493	0.0046493	0.0046493	0.0046493	0.0046493	0.0046493	0.0046493	0.0046493	0.004652826525
0.010784164	0.0046192	0.0046192	0.0046192	0.0046192	0.0046192	0.0046192	0.0046192	0.0046192	0.0046192	0.004622648797
0.010767997	0.0045893	0.0045893	0.0045893	0.0045893	0.0045893	0.0045893	0.0045893	0.0045893	0.0045893	0.004592668705
0.01075183	0.0045595	0.0045595	0.0045595	0.0045595	0.0045595	0.0045595	0.0045595	0.0045595	0.0045595	0.004562886911
0.010735663	0.00453	0.00453	0.00453	0.00453	0.00453	0.00453	0.00453	0.00453	0.00453	0.004533304178
0.010719496	0.0045006	0.0045006	0.0045006	0.0045006	0.0045006	0.0045006	0.0045006	0.0045006	0.0045006	0.00450391607
0.010703329	0.0044715	0.0044715	0.0044715	0.0044715	0.0044715	0.0044715	0.0044715	0.0044715	0.0044715	0.004474728109
0.010687161	0.0044425	0.0044425	0.0044425	0.0044425	0.0044425	0.0044425	0.0044425	0.0044425	0.0044425	0.004445733005
0.010670995	0.0044138	0.0044138	0.0044138	0.0044138	0.0044138	0.0044138	0.0044138	0.0044138	0.0044138	0.004416939585
0.010654827	0.0043852	0.0043852	0.0043852	0.0043852	0.0043852	0.0043852	0.0043852	0.0043852	0.0043852	0.00438834059
0.010638661	0.0043569	0.0043569	0.0043569	0.0043569	0.0043569	0.0043569	0.0043569	0.0043569	0.0043569	0.004359942081
0.010622493	0.0043287	0.0043287	0.0043287	0.0043287	0.0043287	0.0043287	0.0043287	0.0043287	0.0043287	0.00433173716
0.010606326	0.0043008	0.0043008	0.0043008	0.0043008	0.0043008	0.0043008	0.0043008	0.0043008	0.0043008	0.004303731155
0.010590159	0.004273	0.004273	0.004273	0.004273	0.004273	0.004273	0.004273	0.004273	0.004273	0.004275922352
0.010573992	0.0042454	0.0042454	0.0042454	0.0042454	0.0042454	0.0042454	0.0042454	0.0042454	0.0042454	0.004248310771
0.010557825	0.004218	0.004218	0.004218	0.004218	0.004218	0.004218	0.004218	0.004218	0.004218	0.004220896421
0.010541657	0.0041909	0.0041909	0.0041909	0.0041909	0.0041909	0.0041909	0.0041909	0.0041909	0.0041909	0.004193677635
0.01052549	0.0041639	0.0041639	0.0041639	0.0041639	0.0041639	0.0041639	0.0041639	0.0041639	0.0041639	0.004166657813
0.010509323	0.0041371	0.0041371	0.0041371	0.0041371	0.0041371	0.0041371	0.0041371	0.0041371	0.0041371	0.004139835245
0.010493156	0.0041105	0.0041105	0.0041105	0.0041105	0.0041105	0.0041105	0.0041105	0.0041105	0.0041105	0.004113209931
0.010476989	0.0040841	0.0040841	0.0040841	0.0040841	0.0040841	0.0040841	0.0040841	0.0040841	0.0040841	0.004086781873
0.010460822	0.0040579	0.0040579	0.0040579	0.0040579	0.0040579	0.0040579	0.0040579	0.0040579	0.0040579	0.00406055107
0.010444654	0.0040319	0.0040319	0.0040319	0.0040319	0.0040319	0.0040319	0.0040319	0.0040319	0.0040319	0.00403451592
0.010428488	0.0040061	0.0040061	0.0040061	0.0040061	0.0040061	0.0040061	0.0040061	0.0040061	0.0040061	0.004008681235
0.01041232	0.0039805	0.0039805	0.0039805	0.0039805	0.0039805	0.0039805	0.0039805	0.0039805	0.0039805	0.003983040623
0.010396154	0.0039551	0.0039551	0.0039551	0.0039551	0.0039551	0.0039551	0.0039551	0.0039551	0.0039551	0.003957600427
0.010379986	0.0039299	0.0039299	0.0039299	0.0039299	0.0039299	0.0039299	0.0039299	0.0039299	0.0039299	0.003932354353
0.010363819	0.0039049	0.0039049	0.0039049	0.0039049	0.0039049	0.0039049	0.0039049	0.0039049	0.0039049	0.003907307103
0.010347652	0.0038801	0.0038801	0.0038801	0.0038801	0.0038801	0.0038801	0.0038801	0.0038801	0.0038801	0.003882457111
0.010331485	0.0038555	0.0038555	0.0038555	0.0038555	0.0038555	0.0038555	0.0038555	0.0038555	0.0038555	0.003857804375
0.010315318	0.0038311	0.0038311	0.0038311	0.0038311	0.0038311	0.0038311	0.0038311	0.0038311	0.0038311	0.003833348897
0.010299151	0.0038069	0.0038069	0.0038069	0.0038069	0.0038069	0.0038069	0.0038069	0.0038069	0.0038069	0.003809090675
0.010282983	0.0037828	0.0037828	0.0037828	0.0037828	0.0037828	0.0037828	0.0037828	0.0037828	0.0037828	0.003785028229
0.010266817	0.003759	0.003759	0.003759	0.003759	0.003759	0.003759	0.003759	0.003759	0.003759	0.00376116601
0.010250649	0.0037354	0.0037354	0.0037354	0.0037354	0.0037354	0.0037354	0.0037354	0.0037354	0.0037354	0.003737498115
0.010234483	0.0037119	0.0037119	0.0037119	0.0037119	0.0037119	0.0037119	0.0037119	0.0037119	0.0037119	0.003714030392
0.010218315	0.0036887	0.0036887	0.0036887	0.0036887	0.0036887	0.0036887	0.0036887	0.0036887	0.0036887	0.003690757034
0.010202147	0.0036657	0.0036657	0.0036657	0.0036657	0.0036657	0.0036657	0.0036657	0.0036657	0.0036657	0.003667680958
0.010185981	0.0036428	0.0036428	0.0036428	0.0036428	0.0036428	0.0036428	0.0036428	0.0036428	0.0036428	0.003644804982
0.010169813	0.0036202	0.0036202	0.0036202	0.0036202	0.0036202	0.0036202	0.0036202	0.0036202	0.0036202	0.003622123447
0.010153647	0.0035977	0.0035977	0.0035977	0.0035977	0.0035977	0.0035977	0.0035977	0.0035977	0.0035977	0.003599641965
0.010137479	0.0035755	0.0035755	0.0035755	0.0035755	0.0035755	0.0035755	0.0035755	0.0035755	0.0035755	0.003577353087
0.010121312	0.0035534	0.0035534	0.0035534	0.0035534	0.0035534	0.0035534	0.0035534	0.0035534	0.0035534	0.003555264653
0.010105145	0.0035316	0.0035316	0.0035316	0.0035316	0.0035316	0.0035316	0.0035316	0.0035316	0.0035316	0.003533373481
0.010088978	0.0035099	0.0035099	0.0035099	0.0035099	0.0035099	0.0035099	0.0035099	0.0035099	0.0035099	0.003511679578
0.010072811	0.0034884	0.0034884	0.0034884	0.0034884	0.0034884	0.0034884	0.0034884	0.0034884	0.0034884	0.003490183182
0.010056641	0.0034672	0.0034672	0.0034672	0.0034672	0.0034672	0.0034672	0.0034672	0.0034672	0.0034672	0.003468864902
0.01004047	0.0034461	0.0034461	0.0034461	0.0034461	0.0034461	0.0034461	0.0034461	0.0034461	0.0034461	0.003447655215
0.0100243	0.0034252	0.0034252	0.0034252	0.0034252	0.0034252	0.0034252	0.0034252	0.0034252	0.0034252	0.003426541316
0.010008129	0.0034045	0.0034038	0.0034038	0.0034038	0.0034038	0.0034038	0.0034038	0.0034038	0.0034038	0.003405525651
0.009991958	0.003384	0.0033829	0.0033829	0.0033829	0.0033829	0.0033829	0.0033829	0.0033829	0.0033829	0.003384607494
0.009975787	0.0033638	0.0033621	0.0033621	0.0033621	0.0033621	0.0033621	0.0033621	0.0033621	0.0033621	0.003363786801
0.009959616	0.0033437	0.0033414	0.0033414	0.0033414	0.0033414	0.0033414	0.0033414	0.0033414	0.0033414	0.003343063575
0.009943445	0.0033238	0.0033208	0.0033208	0.0033208	0.0033208	0.0033208	0.0033208	0.0033208	0.0033208	0.003322437841
0.009927274	0.0033041	0.0033003	0.0033003	0.0033003	0.0033003	0.0033003	0.0033003	0.0033003	0.0033003	0.003301909626
0.009911103	0.0032846	0.0032799	0.0032799	0.0032799	0.0032799	0.0032799	0.0032799	0.0032799	0.0032799	0.00328147895
0.009894932	0.0032653	0.0032596	0.0032596	0.0032596	0.0032596	0.0032596	0.0032596	0.0032596	0.0032596	0.003261145846
0.009878761	0.0032462	0.0032394	0.0032394	0.0032394	0.0032394	0.0032394	0.0032394	0.0032394	0.0032394	0.003240910294
0.00986259	0.0032273	0.0032192	0.0032192	0.0032192	0.0032192	0.0032192	0.0032192	0.0032192	0.0032192	0.003220772279
0.009846419	0.0032086	0.0031992	0.0031992	0.0031992	0.0031992	0.0031992	0.0031992	0.0031992	0.0031992	0.003200731799
0.009830248	0.00319	0.0031793	0.0031793	0.0031793	0.0031793	0.0031793	0.0031793	0.0031793	0.0031793	0.003180788848
0.009814078	0.0031717	0.0031594	0.0031594	0.0031594	0.0031594	0.0031594	0.0031594	0.0031594	0.0031594	0.003160944647
0.009797907	0.0031536	0.0031397	0.0031397	0.0031397	0.0031397	0.0031397	0.0031397	0.0031397	0.0031397	0.003141196733
0.009781736	0.0031357	0.0031201	0.0031201	0.0031201	0.0031201	0.0031201	0.0031201	0.0031201	0.0031201	0.003121546321
0.009765565	0.003118	0.0031005	0.0031005	0.0031005	0.0031005	0.0031005	0.0031005	0.0031005	0.0031005	0.003101993381
0.009749393	0.0031004	0.0030811	0.0030811	0.0030811	0.0030811	0.0030811	0.0030811	0.0030811	0.0030811	0.003082536935
0.009733223	0.0030831	0.0030618	0.0030618	0.0030618	0.0030618	0.0030618	0.0030618	0.0030618	0.0030618	0.00306318047
0.009717052	0.003066	0.0030425	0.0030425	0.0030425	0.0030425	0.0030425	0.0030425	0.0030425	0.0030425	0.003043920294
0.009700881	0.003049	0.0030234	0.0030234	0.0030234	0.0030234	0.0030234	0.0030234	0.0030234	0.0030234	0.003024757685
0.00968471	0.0030323	0.0030043	0.0030043	0.0030043	0.0030043	0.0030043	0.0030043	0.0030043	0.0030043	0.003005692515
0.009668539	0.0030157	0.0029854	0.0029854	0.0029854	0.0029854	0.0029854	0.0029854	0.0029854	0.0029854	0.002986725008
0.009652369	0.0029994	0.0029665	0.0029665	0.0029665	0.0029665	0.0029665	0.0029665	0.0029665	0.0029665	0.002967856142
0.009636197	0.0029832	0.0029477	0.0029477	0.0029477	0.0029477	0.0029477	0.0029477	0.0029477	0.0029477	0.002949082482
0.009620027	0.0029673	0.0029291	0.0029291	0.0029291	0.0029291	0.0029291	0.0029291	0.0029291	0.0029291	0.002930408673
0.009603856	0.0029515	0.0029105	0.0029105	0.0029105	0.0029105	0.0029105	0.0029105	0.0029105	0.0029105	0.002911831243
0.009587684	0.002936	0.0028921	0.0028921	0.0028921	0.0028921	0.0028921	0.0028921	0.0028921	0.0028921	0.002893350211
0.009571514	0.0029206	0.0028737	0.0028737	0.0028737	0.0028737	0.0028737	0.0028737	0.0028737	0.0028737	0.002874968998
0.009555343	0.0029055	0.0028554	0.0028554	0.0028554	0.0028554	0.0028554	0.0028554	0.0028554	0.0028554	0.002856684184
0.009539172	0.0028905	0.0028372	0.0028372	0.0028372	0.0028372	0.0028372	0.0028372	0.0028372	0.0028372	0.002838501029
0.009523001	0.0028757	0.0028192	0.0028192	0.0028192	0.0028192	0.0028192	0.0028192	0.0028192	0.0028192	0.002820410983
0.00950683	0.0028611	0.0028012	0.0028012	0.0028012	0.0028012	0.0028012	0.0028012	0.0028012	0.0028012	0.002802418491
0.00949066	0.0028468	0.0027833	0.0027833	0.0027833	0.0027833	0.0027833	0.0027833	0.0027833	0.0027833	0.002784524656
0.009474488	0.0028326	0.0027655	0.0027655	0.0027655	0.0027655	0.0027655	0.0027655	0.0027655	0.0027655	0.002766726265
0.009458318	0.0028186	0.0027478	0.0027478	0.0027478	0.0027478	0.0027478	0.0027478	0.0027478	0.0027478	0.002749027718
0.009442147	0.0028048	0.0027302	0.0027302	0.0027302	0.0027302	0.0027302	0.0027302	0.0027302	0.0027302	0.002731425604
0.009425975	0.0027912	0.0027128	0.0027128	0.0027128	0.0027128	0.0027128	0.0027128	0.0027128	0.0027128	0.00271391994
0.009409805	0.0027778	0.0026954	0.0026954	0.0026954	0.0026954	0.0026954	0.0026954	0.0026954	0.0026954	0.002696513962
0.009393634	0.0027647	0.0026781	0.0026781	0.0026781	0.0026781	0.0026781	0.0026781	0.0026781	0.0026781	0.002679204432
0.009377463	0.0027517	0.0026609	0.0026609	0.0026609	0.0026609	0.0026609	0.0026609	0.0026609	0.0026609	0.002661992587
0.009361292	0.0027357	0.0026438	0.0026438	0.0026438	0.0026438	0.0026438	0.0026438	0.0026438	0.0026438	0.002644878216
0.009345121	0.0027183	0.0026268	0.0026268	0.0026268	0.0026268	0.0026268	0.0026268	0.0026268	0.0026268	0.002627861456
0.00932895	0.0027011	0.0026099	0.0026099	0.0026099	0.0026099	0.0026099	0.0026099	0.0026099	0.0026099	0.002610942256
0.009312779	0.002684	0.002593	0.002593	0.002593	0.002593	0.002593	0.002593	0.002593	0.002593	0.002594120603
0.009296609	0.002667	0.0025763	0.0025763	0.0025763	0.0025763	0.0025763	0.0025763	0.0025763	0.0025763	0.002577397519
0.009280438	0.0026501	0.0025597	0.0025597	0.0025597	0.0025597	0.0025597	0.0025597	0.0025597	0.0025597	0.002560770935
0.009264266	0.0026333	0.0025432	0.0025432	0.0025432	0.0025432	0.0025432	0.0025432	0.0025432	0.0025432	0.00254424087
0.009248096	0.0026166	0.0025268	0.0025268	0.0025268	0.0025268	0.0025268	0.0025268	0.0025268	0.0025268	0.00252781038
0.009231925	0.0026	0.0025105	0.0025105	0.0025105	0.0025105	0.0025105	0.0025105	0.0025105	0.0025105	0.002511476407
0.009215754	0.0025834	0.0024942	0.0024942	0.0024942	0.0024942	0.0024942	0.0024942	0.0024942	0.0024942	0.002495239971
0.009199583	0.002567	0.0024781	0.0024781	0.0024781	0.0024781	0.0024781	0.0024781	0.0024781	0.0024781	0.002479101071
0.009183411	0.0025507	0.0024621	0.0024621	0.0024621	0.0024621	0.0024621	0.0024621	0.0024621	0.0024621	0.002463058717
0.009167241	0.0025345	0.0024461	0.0024461	0.0024461	0.0024461	0.0024461	0.0024461	0.0024461	0.0024461	0.002447115876
0.00915107	0.0025183	0.0024303	0.0024303	0.0024303	0.0024303	0.0024303	0.0024303	0.0024303	0.0024303	0.002431269582
0.0091349	0.0025023	0.0024146	0.0024146	0.0024146	0.0024146	0.0024146	0.0024146	0.0024146	0.0024146	0.002415521793
0.009118728	0.0024864	0.0023989	0.0023989	0.0023989	0.0023989	0.0023989	0.0023989	0.0023989	0.0023989	0.002399869596
0.009102557	0.0024705	0.0023834	0.0023834	0.0023834	0.0023834	0.0023834	0.0023834	0.0023834	0.0023834	0.002384315905
0.009086387	0.0024548	0.0023679	0.0023679	0.0023679	0.0023679	0.0023679	0.0023679	0.0023679	0.0023679	0.0023688607
0.009070216	0.0024392	0.0023526	0.0023526	0.0023526	0.0023526	0.0023526	0.0023526	0.0023526	0.0023526	0.00235350207
0.009054045	0.0024236	0.0023374	0.0023374	0.0023374	0.0023374	0.0023374	0.0023374	0.0023374	0.0023374	0.002338240973
0.009037874	0.0024082	0.0023222	0.0023222	0.0023222	0.0023222	0.0023222	0.0023222	0.0023222	0.0023222	0.002323077409
0.009021703	0.0023928	0.0023071	0.0023071	0.0023071	0.0023071	0.0023071	0.0023071	0.0023071	0.0023071	0.002308011377
0.009005532	0.0023776	0.0022922	0.0022922	0.0022922	0.0022922	0.0022922	0.0022922	0.0022922	0.0022922	0.002293042896
0.008989361	0.0023624	0.0022773	0.0022773	0.0022773	0.0022773	0.0022773	0.0022773	0.0022773	0.0022773	0.002278172045
0.00897319	0.0023474	0.0022626	0.0022626	0.0022626	0.0022626	0.0022626	0.0022626	0.0022626	0.0022626	0.002263394256
0.008957019	0.0023324	0.0022479	0.0022479	0.0022479	0.0022479	0.0022479	0.0022479	0.0022479	0.0022479	0.00224871834
0.008940848	0.0023176	0.0022333	0.0022333	0.0022333	0.0022333	0.0022333	0.0022333	0.0022333	0.0022333	0.002234139961
0.008924678	0.0023028	0.0022189	0.0022189	0.0022189	0.0022189	0.0022189	0.0022189	0.0022189	0.0022189	0.002219660013
0.008908506	0.0022882	0.0022045	0.0022045	0.0022045	0.0022045	0.0022045	0.0022045	0.0022045	0.0022045	0.002205275818
0.008892336	0.0022736	0.0021902	0.0021902	0.0021902	0.0021902	0.0021902	0.0021902	0.0021902	0.0021902	0.002190990934
0.008876165	0.0022591	0.002176	0.002176	0.002176	0.002176	0.002176	0.002176	0.002176	0.002176	0.002176802701
0.008859993	0.0022448	0.002162	0.002162	0.002162	0.002162	0.002162	0.002162	0.002162	0.002162	0.002162711138
0.008843823	0.0022305	0.002148	0.002148	0.002148	0.002148	0.002148	0.002148	0.002148	0.002148	0.00214871885
0.008827652	0.0022163	0.0021341	0.0021341	0.0021341	0.0021341	0.0021341	0.0021341	0.0021341	0.0021341	0.00213482323
0.008811481	0.0022023	0.0021203	0.0021203	0.0021203	0.0021203	0.0021203	0.0021203	0.0021203	0.0021203	0.002121025149
0.00879531	0.0021883	0.0021066	0.0021066	0.0021066	0.0021066	0.0021066	0.0021066	0.0021066	0.0021066	0.002107324606
0.008779139	0.0021744	0.002093	0.002093	0.002093	0.002093	0.002093	0.002093	0.002093	0.002093	0.0020937216
0.008762968	0.0021606	0.0020795	0.0020795	0.0020795	0.0020795	0.0020795	0.0020795	0.0020795	0.0020795	0.002080216132
0.008746797	0.0021469	0.0020661	0.0020661	0.0020661	0.0020661	0.0020661	0.0020661	0.0020661	0.0020661	0.002066808201
0.008730627	0.0021334	0.0020528	0.0020528	0.0020528	0.0020528	0.0020528	0.0020528	0.0020528	0.0020528	0.002053498628
0.008714456	0.0021199	0.0020396	0.0020396	0.0020396	0.0020396	0.0020396	0.0020396	0.0020396	0.0020396	0.002040285766
0.008698284	0.0021065	0.0020265	0.0020265	0.0020265	0.0020265	0.0020265	0.0020265	0.0020265	0.0020265	0.002027169632
0.008682114	0.0020932	0.0020135	0.0020135	0.0020135	0.0020135	0.0020135	0.0020135	0.0020135	0.0020135	0.002014152651
0.008665943	0.00208	0.0020006	0.0020006	0.0020006	0.0020006	0.0020006	0.0020006	0.0020006	0.0020006	0.00200123241
0.008649772	0.0020669	0.0019878	0.0019878	0.0019878	0.0019878	0.0019878	0.0019878	0.0019878	0.0019878	0.001988409713
0.008633601	0.0020539	0.0019751	0.0019751	0.0019751	0.0019751	0.0019751	0.0019751	0.0019751	0.0019751	0.001975684554
0.00861743	0.002041	0.0019625	0.0019625	0.0019625	0.0019625	0.0019625	0.0019625	0.0019625	0.0019625	0.001963056936
0.008601259	0.0020282	0.0019499	0.0019499	0.0019499	0.0019499	0.0019499	0.0019499	0.0019499	0.0019499	0.001950526859
0.008585088	0.0020155	0.0019375	0.0019375	0.0019375	0.0019375	0.0019375	0.0019375	0.0019375	0.0019375	0.001938094326
0.008568918	0.0020029	0.0019252	0.0019252	0.0019252	0.0019252	0.0019252	0.0019252	0.0019252	0.0019252	0.001925760098
0.008552746	0.0019904	0.001913	0.001913	0.001913	0.001913	0.001913	0.001913	0.001913	0.001913	0.001913521891
0.008536575	0.001978	0.0019008	0.0019008	0.0019008	0.0019008	0.0019008	0.0019008	0.0019008	0.0019008	0.001901381982
0.008520405	0.0019657	0.0018888	0.0018888	0.0018888	0.0018888	0.0018888	0.0018888	0.0018888	0.0018888	0.001889340643
0.008504234	0.0019535	0.0018769	0.0018769	0.0018769	0.0018769	0.0018769	0.0018769	0.0018769	0.0018769	0.001877396783
0.008488063	0.0019414	0.001865	0.001865	0.001865	0.001865	0.001865	0.001865	0.001865	0.001865	0.001865550994
0.008471892	0.0019294	0.0018533	0.0018533	0.0018533	0.0018533	0.0018533	0.0018533	0.0018533	0.0018533	0.001853798294
0.008455722	0.0019175	0.0018416	0.0018416	0.0018416	0.0018416	0.0018416	0.0018416	0.0018416	0.0018416	0.00184212963
0.008439552	0.0019056	0.0018301	0.0018301	0.0018301	0.0018301	0.0018301	0.0018301	0.0018301	0.0018301	0.001830538947
0.008423381	0.0018939	0.0018186	0.0018186	0.0018186	0.0018186	0.0018186	0.0018186	0.0018186	0.0018186	0.001819024749
0.008407212	0.0018823	0.0018073	0.0018073	0.0018073	0.0018073	0.0018073	0.0018073	0.0018073	0.0018073	0.001807589139
0.008391041	0.0018708	0.001796	0.0017957	0.0017957	0.0017957	0.0017957	0.0017957	0.0017957	0.0017957	0.001796229274
0.008374871	0.0018593	0.0017849	0.0017845	0.0017845	0.0017845	0.0017845	0.0017845	0.0017845	0.0017845	0.001784947323
0.008358701	0.001848	0.0017738	0.0017733	0.0017733	0.0017733	0.0017733	0.0017733	0.0017733	0.0017733	0.001773742491
0.008342531	0.0018368	0.0017629	0.0017621	0.0017621	0.0017621	0.0017621	0.0017621	0.0017621	0.0017621	0.001762614814
0.008326361	0.0018257	0.001752	0.0017511	0.0017511	0.0017511	0.0017511	0.0017511	0.0017511	0.0017511	0.001751564392
0.008310191	0.0018146	0.0017412	0.0017401	0.0017401	0.0017401	0.0017401	0.0017401	0.0017401	0.0017401	0.001740591099
0.00829402	0.0018037	0.0017306	0.0017292	0.0017292	0.0017292	0.0017292	0.0017292	0.0017292	0.0017292	0.001729694244
0.008277851	0.0017928	0.00172	0.0017184	0.0017184	0.0017184	0.0017184	0.0017184	0.0017184	0.0017184	0.001718875835
0.00826168	0.0017821	0.0017095	0.0017077	0.0017077	0.0017077	0.0017077	0.0017077	0.0017077	0.0017077	0.001708133189
0.008245511	0.0017715	0.0016991	0.001697	0.001697	0.001697	0.001697	0.001697	0.001697	0.001697	0.001697469016
0.00822934	0.0017609	0.0016889	0.0016865	0.0016865	0.0016865	0.0016865	0.0016865	0.0016865	0.0016865	0.001686880772
0.008213169	0.0017505	0.0016787	0.001676	0.001676	0.001676	0.001676	0.001676	0.001676	0.001676	0.001676369694
0.008197	0.0017401	0.0016686	0.0016655	0.0016655	0.0016655	0.0016655	0.0016655	0.0016655	0.0016655	0.001665937068
0.008180829	0.0017299	0.0016586	0.0016552	0.0016552	0.0016552	0.0016552	0.0016552	0.0016552	0.0016552	0.001655580302
0.008164659	0.0017197	0.0016487	0.0016449	0.0016449	0.0016449	0.0016449	0.0016449	0.0016449	0.0016449	0.001645301336
0.008148489	0.0017097	0.0016389	0.0016347	0.0016347	0.0016347	0.0016347	0.0016347	0.0016347	0.0016347	0.001635099538
0.008132319	0.0016997	0.0016292	0.0016246	0.0016246	0.0016246	0.0016246	0.0016246	0.0016246	0.0016246	0.001624974896
0.008116149	0.0016898	0.0016196	0.0016145	0.0016145	0.0016145	0.0016145	0.0016145	0.0016145	0.0016145	0.001614927411
0.008099979	0.0016801	0.0016101	0.0016046	0.0016046	0.0016046	0.0016046	0.0016046	0.0016046	0.0016046	0.00160495708
0.008083808	0.0016704	0.0016007	0.0015947	0.0015947	0.0015947	0.0015947	0.0015947	0.0015947	0.0015947	0.001595063293
0.008067638	0.0016608	0.0015914	0.0015849	0.0015849	0.0015849	0.0015849	0.0015849	0.0015849	0.0015849	0.001585247275
0.008051468	0.0016514	0.0015822	0.0015751	0.0015751	0.0015751	0.0015751	0.0015751	0.0015751	0.0015751	0.00157550841
0.008035298	0.001642	0.0015731	0.0015655	0.0015655	0.0015655	0.0015655	0.0015655	0.0015655	0.0015655	0.001565846699
0.008019128	0.0016327	0.0015641	0.0015559	0.0015559	0.0015559	0.0015559	0.0015559	0.0015559	0.0015559	0.001556262141
0.008002957	0.0016236	0.0015552	0.0015464	0.0015464	0.0015464	0.0015464	0.0015464	0.0015464	0.0015464	0.001546754151
0.007986788	0.0016145	0.0015464	0.001537	0.001537	0.001537	0.001537	0.001537	0.001537	0.001537	0.001537324486
0.007970617	0.0016055	0.0015377	0.0015276	0.0015276	0.0015276	0.0015276	0.0015276	0.0015276	0.0015276	0.001527970812
0.007954448	0.0015966	0.001529	0.0015184	0.0015184	0.0015184	0.0015184	0.0015184	0.0015184	0.0015184	0.001518695444
0.007938277	0.0015879	0.0015205	0.0015092	0.0015092	0.0015092	0.0015092	0.0015092	0.0015092	0.0015092	0.001509496086
0.007922107	0.0015792	0.0015121	0.0015001	0.0015001	0.0015001	0.0015001	0.0015001	0.0015001	0.0015001	0.001500374451
0.007905937	0.0015706	0.0015038	0.001491	0.001491	0.001491	0.001491	0.001491	0.001491	0.001491	0.001491329969
0.007889767	0.0015621	0.0014955	0.0014821	0.0014821	0.0014821	0.0014821	0.0014821	0.0014821	0.0014821	0.001482362639
0.007873597	0.0015537	0.0014874	0.0014732	0.0014732	0.0014732	0.0014732	0.0014732	0.0014732	0.0014732	0.001473472461
0.007857426	0.0015454	0.0014794	0.0014644	0.0014644	0.0014644	0.0014644	0.0014644	0.0014644	0.0014644	0.001464658891
0.007841256	0.0015372	0.0014714	0.0014556	0.0014556	0.0014556	0.0014556	0.0014556	0.0014556	0.0014556	0.001455923019
0.007825086	0.0015291	0.0014636	0.001447	0.001447	0.001447	0.001447	0.001447	0.001447	0.001447	0.001447264298
0.007808916	0.0015211	0.0014558	0.0014384	0.0014384	0.0014384	0.0014384	0.0014384	0.0014384	0.0014384	0.00143868276
0.007792746	0.0015132	0.0014482	0.0014299	0.0014299	0.0014299	0.0014299	0.0014299	0.0014299	0.0014299	0.001430178357
0.007776576	0.0015054	0.0014406	0.0014215	0.0014215	0.0014215	0.0014215	0.0014215	0.0014215	0.0014215	0.001421751106
0.007760405	0.0014977	0.0014332	0.0014131	0.0014131	0.0014131	0.0014131	0.0014131	0.0014131	0.0014131	0.001413400492
0.007744235	0.0014901	0.0014258	0.0014049	0.0014049	0.0014049	0.0014049	0.0014049	0.0014049	0.0014049	0.001405127549
0.007728065	0.0014826	0.0014186	0.0013967	0.0013967	0.0013967	0.0013967	0.0013967	0.0013967	0.0013967	0.001396931757
0.007711895	0.0014752	0.0014114	0.0013886	0.0013886	0.0013886	0.0013886	0.0013886	0.0013886	0.0013886	0.001388813115
0.007695725	0.0014679	0.0014043	0.0013805	0.0013805	0.0013805	0.0013805	0.0013805	0.0013805	0.0013805	0.001380771623
0.007679555	0.0014607	0.0013974	0.0013726	0.0013726	0.0013726	0.0013726	0.0013726	0.0013726	0.0013726	0.001372807281
0.007663385	0.0014535	0.0013905	0.0013647	0.0013647	0.0013647	0.0013647	0.0013647	0.0013647	0.0013647	0.001364920087
0.007647214	0.0014465	0.0013837	0.0013569	0.0013569	0.0013569	0.0013569	0.0013569	0.0013569	0.0013569	0.001357109562
0.007631044	0.0014396	0.0013771	0.0013491	0.0013491	0.0013491	0.0013491	0.0013491	0.0013491	0.0013491	0.001349376669
0.007614874	0.0014328	0.0013705	0.0013415	0.0013415	0.0013415	0.0013415	0.0013415	0.0013415	0.0013415	0.001341720922
0.007598704	0.0014261	0.001364	0.0013339	0.0013339	0.0013339	0.0013339	0.0013339	0.0013339	0.0013339	0.001334142321
0.007582534	0.0014194	0.0013576	0.0013264	0.0013264	0.0013264	0.0013264	0.0013264	0.0013264	0.0013264	0.001326640864
0.007566363	0.0014129	0.0013513	0.001319	0.001319	0.001319	0.001319	0.001319	0.001319	0.001319	0.001319216093
0.007550194	0.0014065	0.0013452	0.0013117	0.0013117	0.0013117	0.0013117	0.0013117	0.0013117	0.0013117	0.001311869377
0.007534024	0.0014001	0.0013391	0.0013044	0.0013044	0.0013044	0.0013044	0.0013044	0.0013044	0.0013044	0.001304599345
0.007517853	0.0013939	0.0013331	0.0012972	0.0012972	0.0012972	0.0012972	0.0012972	0.0012972	0.0012972	0.00129740601
0.007501683	0.0013878	0.0013272	0.0012901	0.0012901	0.0012901	0.0012901	0.0012901	0.0012901	0.0012901	0.001290290309
0.007485513	0.0013817	0.0013214	0.0012831	0.0012831	0.0012831	0.0012831	0.0012831	0.0012831	0.0012831	0.0012832559
0.007469343	0.0013758	0.0013157	0.0012761	0.0012761	0.0012761	0.0012761	0.0012761	0.0012761	0.0012761	0.001276294543
0.007453173	0.0013699	0.0013101	0.0012692	0.0012692	0.0012692	0.0012692	0.0012692	0.0012692	0.0012692	0.001269409311
0.007437003	0.0013642	0.0013046	0.0012624	0.0012624	0.0012624	0.0012624	0.0012624	0.0012624	0.0012624	0.001262602129
0.007420833	0.0013585	0.0012992	0.0012557	0.0012557	0.0012557	0.0012557	0.0012557	0.0012557	0.0012557	0.001255872221
0.007404662	0.001353	0.0012939	0.001249	0.001249	0.001249	0.001249	0.001249	0.001249	0.001249	0.001249219072
0.007388492	0.0013475	0.0012887	0.0012425	0.0012425	0.0012425	0.0012425	0.0012425	0.0012425	0.0012425	0.001242643477
0.007372322	0.0013422	0.0012836	0.001236	0.001236	0.001236	0.001236	0.001236	0.001236	0.001236	0.001236145393
0.007356152	0.0013369	0.0012785	0.0012296	0.0012296	0.0012296	0.0012296	0.0012296	0.0012296	0.0012296	0.001229724487
0.007339982	0.0013318	0.0012736	0.0012232	0.0012232	0.0012232	0.0012232	0.0012232	0.0012232	0.0012232	0.001223381232
0.007323812	0.0013267	0.0012674	0.001217	0.001217	0.001217	0.001217	0.001217	0.001217	0.001217	0.00121711007
0.007307641	0.0013218	0.0012609	0.0012108	0.0012108	0.0012108	0.0012108	0.0012108	0.0012108	0.0012108	0.001210919909
0.007291471	0.0013169	0.0012545	0.0012047	0.0012047	0.0012047	0.0012047	0.0012047	0.0012047	0.0012047	0.001204807286
0.007275301	0.0013121	0.0012481	0.0011986	0.0011986	0.0011986	0.0011986	0.0011986	0.0011986	0.0011986	0.001198771816
0.007259131	0.0013075	0.0012418	0.0011927	0.0011927	0.0011927	0.0011927	0.0011927	0.0011927	0.0011927	0.001192813499
0.007242961	0.0013029	0.0012356	0.0011868	0.0011868	0.0011868	0.0011868	0.0011868	0.0011868	0.0011868	0.001186932335
0.007226791	0.0012984	0.0012295	0.001181	0.001181	0.001181	0.001181	0.001181	0.001181	0.001181	0.001181128326
0.007210621	0.001294	0.0012235	0.0011753	0.0011753	0.0011753	0.0011753	0.0011753	0.0011753	0.0011753	0.001175401469
0.00719445	0.0012898	0.0012175	0.0011696	0.0011696	0.0011696	0.0011696	0.0011696	0.0011696	0.0011696	0.001169751419
0.00717828	0.0012856	0.0012117	0.0011641	0.0011641	0.0011641	0.0011641	0.0011641	0.0011641	0.0011641	0.001164178873
0.00716211	0.0012815	0.0012059	0.0011586	0.0011586	0.0011586	0.0011586	0.0011586	0.0011586	0.0011586	0.001158683483
0.00714594	0.0012775	0.0012001	0.0011532	0.0011532	0.0011532	0.0011532	0.0011532	0.0011532	0.0011532	0.001153265246
0.00712977	0.0012736	0.0011945	0.0011478	0.0011478	0.0011478	0.0011478	0.0011478	0.0011478	0.0011478	0.001147924176
0.0071136	0.0012698	0.0011889	0.0011426	0.0011426	0.0011426	0.0011426	0.0011426	0.0011426	0.0011426	0.001142660272
0.00709743	0.0012662	0.0011834	0.0011374	0.0011374	0.0011374	0.0011374	0.0011374	0.0011374	0.0011374	0.001137473526
0.007081259	0.0012626	0.001178	0.0011323	0.0011323	0.0011323	0.0011323	0.0011323	0.0011323	0.0011323	0.001132363631
0.007065089	0.0012591	0.0011727	0.0011272	0.0011272	0.0011272	0.0011272	0.0011272	0.0011272	0.0011272	0.001127331211
0.007048919	0.0012557	0.0011674	0.0011223	0.0011223	0.0011223	0.0011223	0.0011223	0.0011223	0.0011223	0.001122376061
0.007032749	0.0012524	0.0011622	0.0011174	0.0011174	0.0011174	0.0011174	0.0011174	0.0011174	0.0011174	0.001117498958
0.00701658	0.0012492	0.0011571	0.0011126	0.0011126	0.0011126	0.0011126	0.0011126	0.0011126	0.0011126	0.00111269097
0.007000411	0.0012461	0.0011521	0.0011079	0.0011079	0.0011079	0.0011079	0.0011079	0.0011079	0.0011079	0.001107920718
0.006984243	0.0012431	0.0011472	0.0011032	0.0011032	0.0011032	0.0011032	0.0011032	0.0011032	0.0011032	0.001103181499
0.006968074	0.0012402	0.0011423	0.0010987	0.0010987	0.0010987	0.0010987	0.0010987	0.0010987	0.0010987	0.001098473588
0.006951906	0.0012374	0.0011375	0.0010942	0.0010937	0.0010937	0.0010937	0.0010937	0.0010937	0.0010937	0.001093796943
0.006935738	0.0012347	0.0011328	0.0010898	0.0010891	0.0010891	0.0010891	0.0010891	0.0010891	0.0010891	0.001089151215
0.006919569	0.001232	0.0011282	0.0010854	0.0010845	0.0010845	0.0010845	0.0010845	0.0010845	0.0010845	0.001084536057
0.006903401	0.0012295	0.0011236	0.0010812	0.0010799	0.0010799	0.0010799	0.0010799	0.0010799	0.0010799	0.001079951899
0.006887233	0.0012271	0.0011192	0.001077	0.0010753	0.0010753	0.0010753	0.0010753	0.0010753	0.0010753	0.001075398049
0.006871064	0.0012248	0.0011148	0.0010729	0.0010708	0.0010708	0.0010708	0.0010708	0.0010708	0.0010708	0.001070874325
0.006854896	0.0012226	0.0011105	0.0010689	0.0010663	0.0010663	0.0010663	0.0010663	0.0010663	0.0010663	0.001066383239
0.006838727	0.0012205	0.0011062	0.0010649	0.0010618	0.0010618	0.0010618	0.0010618	0.0010618	0.0010618	0.001061922301
0.006822559	0.0012184	0.0011021	0.0010611	0.0010574	0.0010574	0.0010574	0.0010574	0.0010574	0.0010574	0.001057492945
0.00680639	0.0012165	0.001098	0.0010573	0.001053	0.001053	0.001053	0.001053	0.001053	0.001053	0.001053094302
0.006790222	0.0012147	0.001094	0.0010535	0.0010487	0.0010487	0.0010487	0.0010487	0.0010487	0.0010487	0.001048726901
0.006774053	0.001213	0.00109	0.0010499	0.0010443	0.0010443	0.0010443	0.0010443	0.0010443	0.0010443	0.001044390189
0.006757885	0.0012113	0.0010862	0.0010463	0.00104	0.00104	0.00104	0.00104	0.00104	0.00104	0.001040084733
0.006741716	0.0012098	0.0010824	0.0010428	0.0010357	0.0010357	0.0010357	0.0010357	0.0010357	0.0010357	0.001035810048
0.006725548	0.0012084	0.0010787	0.0010394	0.0010315	0.0010315	0.0010315	0.0010315	0.0010315	0.0010315	0.001031566696
0.00670938	0.001207	0.0010751	0.0010361	0.0010273	0.0010273	0.0010273	0.0010273	0.0010273	0.0010273	0.001027354467
0.006693211	0.0012058	0.0010716	0.0010328	0.0010231	0.0010231	0.0010231	0.0010231	0.0010231	0.0010231	0.001023173161
0.006677043	0.0012046	0.0010681	0.0010297	0.001019	0.001019	0.001019	0.001019	0.001019	0.001019	0.001019023289
0.006660875	0.0012036	0.0010647	0.0010266	0.0010148	0.0010148	0.0010148	0.0010148	0.0010148	0.0010148	0.001014904393
0.006644706	0.0012026	0.0010614	0.0010235	0.0010107	0.0010107	0.0010107	0.0010107	0.0010107	0.0010107	0.001010815672
0.006628538	0.0012018	0.0010582	0.0010206	0.0010067	0.0010067	0.0010067	0.0010067	0.0010067	0.0010067	0.001006756681
0.006612368	0.001201	0.0010551	0.0010177	0.0010027	0.0010027	0.0010027	0.0010027	0.0010027	0.0010027	0.00100272552
0.006596199	0.0012004	0.001052	0.0010149	0.00099867	0.00099867	0.00099867	0.00099867	0.00099867	0.00099867	0.0009987219401
0.00658003	0.0011998	0.001049	0.0010122	0.00099471	0.00099471	0.00099471	0.00099471	0.00099471	0.00099471	0.000994745093
0.006563861	0.0011994	0.0010461	0.0010096	0.00099077	0.00099077	0.00099077	0.00099077	0.00099077	0.00099077	0.0009907947383
0.006547691	0.001199	0.0010433	0.001007	0.00098687	0.00098687	0.00098687	0.00098687	0.00098687	0.00098687	0.0009868705696
0.006531522	0.0011988	0.0010405	0.0010045	0.000983	0.000983	0.000983	0.000983	0.000983	0.000983	0.0009829730619
0.006515352	0.0011986	0.0010378	0.0010021	0.00097916	0.00097904	0.00097904	0.00097904	0.00097904	0.00097904	0.0009791017414
0.006499183	0.0011985	0.0010352	0.00099979	0.00097535	0.0009752	0.0009752	0.0009752	0.0009752	0.0009752	0.0009752570707
0.006483014	0.0011986	0.0010327	0.00099753	0.00097157	0.00097138	0.00097138	0.00097138	0.00097138	0.00097138	0.0009714388695
0.006466845	0.0011987	0.0010303	0.00099536	0.00096782	0.00096759	0.00096759	0.00096759	0.00096759	0.00096759	0.0009676470879
0.006450675	0.0011989	0.0010279	0.00099326	0.00096411	0.00096383	0.00096383	0.00096383	0.00096383	0.00096383	0.0009638814991
0.006434506	0.0011992	0.0010256	0.00099124	0.00096042	0.00096009	0.00096009	0.00096009	0.00096009	0.00096009	0.0009601425614
0.006418336	0.0011997	0.0010234	0.00098929	0.00095677	0.00095638	0.00095638	0.00095638	0.00095638	0.00095638	0.000956429802
0.006402167	0.0012002	0.0010213	0.00098599	0.00095314	0.00095269	0.00095269	0.00095269	0.00095269	0.00095269	0.0009527438671
0.006385998	0.0012008	0.0010192	0.00098211	0.00094955	0.00094903	0.00094903	0.00094903	0.00094903	0.00094903	0.0009490841649
0.006369828	0.0012015	0.0010172	0.00097827	0.00094599	0.0009454	0.0009454	0.0009454	0.0009454	0.0009454	0.000945450589
0.006353659	0.0012024	0.0010153	0.00097445	0.00094246	0.00094179	0.00094179	0.00094179	0.00094179	0.00094179	0.0009418439348
0.00633749	0.0012033	0.0010135	0.00097067	0.00093896	0.00093821	0.00093821	0.00093821	0.00093821	0.00093821	0.000938263778
0.006321321	0.0012043	0.0010118	0.00096693	0.00093549	0.00093466	0.00093466	0.00093466	0.00093466	0.00093466	0.0009347101435
0.006305152	0.0012054	0.0010101	0.00096321	0.00093205	0.00093113	0.00093113	0.00093113	0.00093113	0.00093113	0.0009311829846
0.006288982	0.0012066	0.0010085	0.00095953	0.00092864	0.00092763	0.00092763	0.00092763	0.00092763	0.00092763	0.0009276820352
0.006272813	0.0012079	0.001007	0.00095588	0.00092527	0.00092416	0.00092416	0.00092416	0.00092416	0.00092416	0.0009242075209
0.006256644	0.0012093	0.0010056	0.00095226	0.00092192	0.00092071	0.00092071	0.00092071	0.00092071	0.00092071	0.000920758613
0.006240474	0.0012108	0.0010043	0.00094868	0.00091861	0.00091729	0.00091729	0.00091729	0.00091729	0.00091729	0.0009173356303
0.006224305	0.0012124	0.001003	0.00094512	0.00091533	0.0009139	0.0009139	0.0009139	0.0009139	0.0009139	0.0009139402431
0.006208136	0.0012141	0.0010018	0.0009416	0.00091207	0.00091053	0.00091053	0.00091053	0.00091053	0.00091053	0.0009105712797
0.006191966	0.0012159	0.0010007	0.00093811	0.00090885	0.00090719	0.00090719	0.00090719	0.00090719	0.00090719	0.0009072285341
0.006175797	0.0012178	0.00099964	0.00093465	0.00090566	0.00090387	0.00090387	0.00090387	0.00090387	0.00090387	0.0009039124225
0.006159627	0.0012166	0.00099868	0.00093123	0.0009025	0.00090058	0.00090058	0.00090058	0.00090058	0.00090058	0.000900622531
0.006143458	0.0012119	0.0009978	0.00092783	0.00089937	0.00089732	0.00089732	0.00089732	0.00089732	0.00089732	0.0008973592645
0.006127289	0.0012081	0.000997	0.00092447	0.00089628	0.00089408	0.00089408	0.00089408	0.00089408	0.00089408	0.0008941224199
0.006111119	0.001205	0.00099627	0.00092114	0.00089321	0.00089087	0.00089087	0.00089087	0.00089087	0.00089087	0.0008909117972
0.00609495	0.0012027	0.00099563	0.00091785	0.00089018	0.00088769	0.00088769	0.00088769	0.00088769	0.00088769	0.0008877277974
0.006078781	0.0012012	0.00099506	0.00091458	0.00088717	0.00088453	0.00088453	0.00088453	0.00088453	0.00088453	0.0008845702216
0.006062611	0.0012005	0.00099314	0.00091135	0.0008842	0.0008814	0.0008814	0.0008814	0.0008814	0.0008814	0.0008814388793
0.006046442	0.0012005	0.00099017	0.00090815	0.00088126	0.0008783	0.0008783	0.0008783	0.0008783	0.0008783	0.0008783341585
0.006030273	0.0012013	0.00098724	0.00090498	0.00087834	0.00087522	0.00087522	0.00087522	0.00087522	0.00087522	0.0008752558683
0.006014103	0.0012029	0.00098434	0.00090185	0.00087546	0.00087217	0.00087217	0.00087217	0.00087217	0.00087217	0.0008722038136
0.005997934	0.0012053	0.00098147	0.00089875	0.00087261	0.00086914	0.00086914	0.00086914	0.00086914	0.00086914	0.0008691783718
0.005981765	0.0012084	0.00097863	0.00089567	0.00086979	0.00086615	0.00086615	0.00086615	0.00086615	0.00086615	0.0008661793532
0.005965596	0.0012123	0.00097583	0.00089264	0.00086701	0.00086317	0.00086317	0.00086317	0.00086317	0.00086317	0.0008632067579
0.005949426	0.001217	0.00097306	0.00088963	0.00086425	0.00086023	0.00086023	0.00086023	0.00086023	0.00086023	0.0008602604043
0.005933257	0.0012225	0.00097032	0.00088665	0.00086152	0.00085731	0.00085731	0.00085731	0.00085731	0.00085731	0.0008573406569
0.005917088	0.0012287	0.00096761	0.00088371	0.00085883	0.00085442	0.00085442	0.00085442	0.00085442	0.00085442	0.0008544473326
0.005900918	0.0012357	0.00096494	0.0008808	0.00085617	0.00085155	0.00085155	0.00085155	0.00085155	0.00085155	0.0008515802438
0.005884749	0.0012435	0.0009623	0.00087792	0.00085353	0.00084871	0.00084871	0.00084871	0.00084871	0.00084871	0.00084873977
0.00586858	0.0012521	0.00095969	0.00087508	0.00085093	0.0008459	0.0008459	0.0008459	0.0008459	0.0008459	0.000845925721
0.005852411	0.0012614	0.00095711	0.00087226	0.00084836	0.00084311	0.00084311	0.00084311	0.00084311	0.00084311	0.0008431381016
0.005836241	0.0012715	0.00095457	0.00086948	0.00084582	0.00084035	0.00084035	0.00084035	0.00084035	0.00084035	0.0008403767397
0.005820072	0.0012851	0.00095206	0.00086673	0.00084331	0.00083761	0.00083761	0.00083761	0.00083761	0.00083761	0.0008376419731
0.005803902	0.0012638	0.00094958	0.00086402	0.00084083	0.00083491	0.00083491	0.00083491	0.00083491	0.00083491	0.0008349334633
0.005787733	0.0012414	0.00094713	0.00086133	0.00083839	0.00083222	0.00083222	0.00083222	0.00083222	0.00083222	0.0008322515456
0.005771564	0.0012201	0.00094472	0.00085868	0.00083597	0.00082957	0.00082957	0.00082957	0.00082957	0.00082957	0.0008295960483
0.005755395	0.0012	0.00094234	0.00085606	0.00083359	0.00082694	0.00082694	0.00082694	0.00082694	0.00082694	0.0008269669744
0.005739225	0.0011809	0.00093999	0.00085347	0.00083123	0.00082434	0.00082434	0.00082434	0.00082434	0.00082434	0.0008243641643
0.005723056	0.0011631	0.00093767	0.00085091	0.00082891	0.00082176	0.00082176	0.00082176	0.00082176	0.00082176	0.0008217879399
0.005706886	0.0011463	0.00093539	0.00084839	0.00082662	0.00081921	0.00081921	0.00081921	0.00081921	0.00081921	0.0008192379827
0.005690717	0.0011307	0.00093314	0.0008459	0.00082435	0.00081669	0.00081669	0.00081669	0.00081669	0.00081669	0.0008167146082
0.005674548	0.0011163	0.00093092	0.00084344	0.00082212	0.00081419	0.00081419	0.00081419	0.00081419	0.00081419	0.0008142176582
0.005658378	0.001103	0.00092873	0.00084101	0.00081992	0.00081172	0.00081172	0.00081172	0.00081172	0.00081172	0.0008117469808
0.005642209	0.0010908	0.00092658	0.00083862	0.00081776	0.00080928	0.00080928	0.00080928	0.00080928	0.00080928	0.0008093028906
0.00562604	0.0010798	0.00092446	0.00083625	0.00081562	0.00080686	0.00080686	0.00080686	0.00080686	0.00080686	0.0008068852358
0.005609871	0.0010699	0.00092237	0.00083392	0.00081351	0.00080447	0.00080447	0.00080447	0.00080447	0.00080447	0.000804494007
0.005593702	0.0010612	0.00092031	0.00083162	0.00081144	0.00080211	0.00080211	0.00080211	0.00080211	0.00080211	0.0008021292045
0.005577532	0.0010536	0.00091829	0.00082936	0.00080939	0.00079977	0.00079977	0.00079977	0.00079977	0.00079977	0.0007997906845
0.005561363	0.0010471	0.0009163	0.00082712	0.00080738	0.00079746	0.00079746	0.00079746	0.00079746	0.00079746	0.0007974787361
0.005545193	0.0010418	0.00091434	0.00082492	0.0008054	0.00079517	0.00079517	0.00079517	0.00079517	0.00079517	0.0007951930729
0.005529024	0.0010376	0.00091241	0.00082275	0.00080344	0.00079291	0.00079291	0.00079291	0.00079291	0.00079291	0.0007929339767
0.005512855	0.0010346	0.00091052	0.00082061	0.00080152	0.00079068	0.00079068	0.00079068	0.00079068	0.00079068	0.0007907013038
0.005496685	0.0010327	0.00090866	0.00081851	0.00079963	0.00078848	0.00078848	0.00078848	0.00078848	0.00078848	0.0007884949154
0.005480516	0.001032	0.00090683	0.00081644	0.00079778	0.0007863	0.0007863	0.0007863	0.0007863	0.0007863	0.0007863150876
0.005464346	0.0010324	0.00090504	0.00081439	0.00079595	0.00078414	0.00078414	0.00078414	0.00078414	0.00078414	0.0007841615356
0.005448177	0.0010339	0.00090327	0.00081239	0.00079415	0.00078202	0.00078202	0.00078202	0.00078202	0.00078202	0.0007820346001
0.005432008	0.0010366	0.00090154	0.00081041	0.00079223	0.00077992	0.00077992	0.00077992	0.00077992	0.00077992	0.0007799341048
0.005415838	0.0010404	0.00089984	0.00080846	0.00078993	0.00077784	0.00077784	0.00077784	0.00077784	0.00077784	0.0007778599306
0.005399669	0.0010454	0.00089818	0.00080655	0.00078765	0.00077579	0.00077579	0.00077579	0.00077579	0.00077579	0.0007758123497
0.0053835	0.0010515	0.00089654	0.00080467	0.0007854	0.00077377	0.00077377	0.00077377	0.00077377	0.00077377	0.0007737912587
0.005367331	0.0010587	0.00089494	0.00080282	0.00078318	0.00077178	0.00077178	0.00077178	0.00077178	0.00077178	0.0007717967378
0.005351162	0.0010555	0.00089338	0.00080101	0.00078099	0.00076981	0.00076981	0.00076981	0.00076981	0.00076981	0.0007698289078
0.005334992	0.0010504	0.00089184	0.00079923	0.00077883	0.00076787	0.00076787	0.00076787	0.00076787	0.00076787	0.0007678876217
0.005318823	0.0010454	0.00089034	0.00079747	0.00077669	0.00076595	0.00076595	0.00076595	0.00076595	0.00076595	0.0007659730525
0.005302654	0.0010407	0.00088887	0.00079575	0.00077459	0.00076407	0.00076407	0.00076407	0.00076407	0.00076407	0.000764084763
0.005286484	0.0010361	0.00088743	0.00079407	0.00077251	0.0007622	0.0007622	0.0007622	0.0007622	0.0007622	0.0007622218786
0.005270315	0.0010318	0.00088602	0.00079241	0.00077046	0.00076037	0.00076037	0.00076037	0.00076037	0.00076037	0.0007603833244
0.005254146	0.0010276	0.00088465	0.00079079	0.00076844	0.00075856	0.00075856	0.00075856	0.00075856	0.00075856	0.0007585673569
0.005237977	0.0010236	0.00088331	0.0007892	0.00076645	0.00075677	0.00075677	0.00075677	0.00075677	0.00075677	0.000756772599
0.005221808	0.0010198	0.000882	0.00078764	0.00076449	0.00075502	0.00075502	0.00075502	0.00075502	0.00075502	0.0007549983826
0.005205639	0.0010162	0.00088072	0.00078612	0.00076255	0.00075329	0.00075329	0.00075329	0.00075329	0.00075329	0.0007532457247
0.00518947	0.0010128	0.00087948	0.00078462	0.00076065	0.00075158	0.00075158	0.00075158	0.00075158	0.00075158	0.0007515114791
0.005173301	0.0010096	0.00087827	0.00078316	0.00075877	0.00074991	0.00074991	0.00074991	0.00074991	0.00074991	0.0007498002604
0.005157132	0.0010065	0.00087709	0.00078173	0.00075692	0.00074825	0.00074809	0.00074809	0.00074809	0.00074809	0.0007481078601
0.005140963	0.0010037	0.00087595	0.00078033	0.00075511	0.00074663	0.00074642	0.00074642	0.00074642	0.00074642	0.0007464333185
0.005124794	0.001001	0.00087484	0.00077897	0.00075331	0.00074503	0.00074477	0.00074477	0.00074477	0.00074477	0.0007447820666
0.005108626	0.00099854	0.00087375	0.00077764	0.00075155	0.00074346	0.00074314	0.00074314	0.00074314	0.00074314	0.0007431514573
0.005092456	0.00099626	0.00087271	0.00077634	0.00074982	0.00074191	0.00074153	0.00074153	0.00074153	0.00074153	0.0007415413373
0.005076287	0.00099417	0.00087169	0.00077507	0.00074811	0.0007404	0.00073994	0.00073994	0.00073994	0.00073994	0.000739952162
0.005060119	0.00099227	0.00087071	0.00077383	0.00074644	0.0007389	0.00073837	0.00073837	0.00073837	0.00073837	0.0007383822272
0.00504395	0.00099056	0.00086976	0.00077263	0.00074479	0.00073744	0.00073682	0.00073682	0.00073682	0.00073682	0.0007368328634
0.00502778	0.00098904	0.00086884	0.00077145	0.00074317	0.000736	0.00073529	0.00073529	0.00073529	0.00073529	0.0007353027419
0.005011611	0.00098771	0.00086741	0.00077031	0.00074158	0.00073458	0.00073379	0.00073379	0.00073379	0.00073379	0.0007337893045
0.004995442	0.00098657	0.0008655	0.00076921	0.00074002	0.0007332	0.0007323	0.0007323	0.0007323	0.0007323	0.0007322914626
0.004979273	0.00098562	0.00086377	0.00076813	0.00073849	0.00073184	0.00073083	0.00073083	0.00073083	0.00073083	0.0007308090252
0.004963104	0.00098486	0.0008613	0.00076709	0.00073698	0.0007305	0.00072938	0.00072938	0.00072938	0.00072938	0.0007293420782
0.004946934	0.00098215	0.00085762	0.00076608	0.00073551	0.00072919	0.00072796	0.00072796	0.00072796	0.00072796	0.0007278904628
0.004930765	0.00097845	0.00085402	0.0007651	0.00073406	0.00072791	0.00072655	0.00072645	0.00072645	0.00072645	0.0007264545626
0.004914596	0.00097483	0.00085048	0.00076415	0.00073264	0.00072666	0.00072517	0.00072503	0.00072503	0.00072503	0.0007250342144
0.004898427	0.00097128	0.00084701	0.00076324	0.00073125	0.00072543	0.0007238	0.00072362	0.00072362	0.00072362	0.0007236292802
0.004882258	0.0009678	0.00084361	0.00076236	0.00072989	0.00072423	0.00072246	0.00072223	0.00072223	0.00072223	0.0007222396133
0.004866088	0.00096439	0.00084028	0.00076151	0.00072856	0.00072305	0.00072113	0.00072086	0.00072086	0.00072086	0.0007208649638
0.004849919	0.00096105	0.00083703	0.00076069	0.00072725	0.0007219	0.00071983	0.0007195	0.0007195	0.0007195	0.0007195053431
0.004833751	0.00095778	0.00083384	0.0007599	0.00072598	0.00072078	0.00071855	0.00071815	0.00071815	0.00071815	0.0007181606132
0.004817582	0.00095459	0.00083073	0.00075915	0.00072473	0.00071968	0.00071728	0.00071683	0.00071683	0.00071683	0.0007168305017
0.004801413	0.00095146	0.00082768	0.00075843	0.00072351	0.00071861	0.00071604	0.00071551	0.00071551	0.00071551	0.0007155150155
0.004785244	0.0009484	0.00082471	0.00075774	0.00072232	0.00071757	0.00071482	0.00071422	0.00071422	0.00071422	0.0007142141027
0.004769075	0.00094541	0.0008218	0.00075708	0.00072116	0.00071655	0.00071362	0.00071293	0.00071293	0.00071293	0.0007129277302
0.004752906	0.0009425	0.00081897	0.00075646	0.00072003	0.00071556	0.00071244	0.00071167	0.00071167	0.00071167	0.0007116558904
0.004736737	0.00093965	0.00081621	0.00075586	0.00071893	0.0007146	0.00071128	0.00071042	0.00071042	0.00071042	0.0007103986882
0.004720568	0.00093688	0.00081352	0.0007553	0.00071785	0.00071366	0.00071014	0.00070918	0.00070918	0.00070918	0.0007091560344
0.004704399	0.00093417	0.00081089	0.00075478	0.00071681	0.00071275	0.00070902	0.00070796	0.00070796	0.00070796	0.000707927926
0.00468823	0.00093154	0.00080834	0.00075428	0.00071579	0.00071186	0.00070787	0.00070676	0.00070676	0.00070676	0.0007067143537
0.004672061	0.00092898	0.00080586	0.00075382	0.0007148	0.0007109	0.00070671	0.00070557	0.00070557	0.00070557	0.0007055153177
0.004655892	0.00092648	0.00080345	0.00075338	0.00071384	0.00070972	0.00070558	0.00070439	0.00070439	0.00070439	0.0007043308151
0.004639723	0.00092406	0.00080111	0.00075298	0.00071291	0.00070855	0.00070446	0.00070324	0.00070324	0.00070324	0.000703160842
0.004623554	0.00092171	0.00079884	0.00075262	0.000712	0.00070741	0.00070336	0.00070209	0.000702	0.000702	0.0007020054227
0.004607385	0.00091943	0.00079665	0.00075228	0.00071113	0.0007063	0.00070227	0.00070097	0.00070086	0.00070086	0.0007008645465
0.004591216	0.00091722	0.00079452	0.00075198	0.00071028	0.0007052	0.0007012	0.00069985	0.00069973	0.00069973	0.0006997382264
0.004575047	0.00091508	0.00079246	0.0007502	0.00070947	0.00070413	0.00070014	0.00069876	0.00069862	0.00069862	0.0006986264544
0.004558878	0.00091301	0.00079047	0.00074767	0.00070868	0.00070308	0.0006991	0.00069768	0.00069752	0.00069752	0.000697529232
0.004542709	0.00091101	0.00078856	0.0007452	0.00070792	0.00070205	0.00069808	0.00069661	0.00069644	0.00069644	0.0006964465499
0.00452654	0.00090908	0.00078671	0.00074279	0.00070718	0.00070105	0.00069707	0.00069556	0.00069537	0.00069537	0.0006953784091
0.004510371	0.00090723	0.00078494	0.00074046	0.00070648	0.00070007	0.00069608	0.00069452	0.00069432	0.00069432	0.0006943248087
0.004494202	0.00090544	0.00078323	0.00073819	0.00070581	0.00069905	0.0006951	0.0006935	0.00069328	0.00069328	0.0006932857491
0.004478033	0.00090372	0.0007816	0.00073599	0.00070516	0.000698	0.00069414	0.0006925	0.00069226	0.00069226	0.0006922612333
0.004461864	0.00090208	0.00078003	0.00073385	0.00070455	0.00069697	0.0006932	0.00069151	0.00069125	0.00069125	0.0006912512589
0.004445695	0.0009005	0.00077854	0.00073178	0.00070396	0.00069596	0.00069227	0.00069054	0.00069025	0.00069025	0.0006902558227
0.004429526	0.000899	0.00077712	0.00072978	0.0007034	0.00069496	0.00069136	0.00068958	0.00068927	0.00068927	0.0006892749392
0.004413358	0.00089756	0.00077576	0.00072785	0.00070287	0.00069398	0.00069047	0.00068864	0.0006883	0.0006883	0.0006883086809
0.004397189	0.0008962	0.00077448	0.00072598	0.00070236	0.00069302	0.00068959	0.00068771	0.00068735	0.00068735	0.0006873569849
0.004381019	0.0008949	0.00077327	0.00072418	0.00070189	0.00069207	0.00068873	0.0006868	0.00068642	0.00068642	0.000686419938
0.00436485	0.00089368	0.00077213	0.00072245	0.00070144	0.00069115	0.00068788	0.0006859	0.00068549	0.00068549	0.0006854975191
0.004348682	0.00089253	0.00077106	0.00072078	0.00070103	0.00069023	0.00068705	0.00068502	0.00068459	0.00068459	0.0006845886927
0.004332513	0.00089145	0.00077006	0.00071918	0.00070064	0.00068934	0.00068623	0.00068416	0.00068369	0.00068369	0.0006836914982
0.004316344	0.00089044	0.00076913	0.00071765	0.00070028	0.00068846	0.00068544	0.00068331	0.00068281	0.00068281	0.0006828048761
0.004300174	0.0008895	0.00076827	0.00071618	0.00069995	0.0006876	0.00068465	0.00068247	0.00068195	0.00068195	0.0006819285622
0.004284005	0.00088863	0.00076749	0.00071478	0.00069965	0.00068676	0.00068389	0.00068165	0.0006811	0.0006811	0.0006810626441
0.004267837	0.00088783	0.00076677	0.00071345	0.00069938	0.00068594	0.00068314	0.00068085	0.00068026	0.00068026	0.0006802071205
0.004251668	0.0008871	0.00076612	0.00071219	0.00069913	0.00068513	0.0006824	0.00068006	0.00067944	0.00067944	0.0006793618853
0.004235499	0.00088644	0.00076554	0.00071099	0.00069891	0.00068434	0.00068165	0.00067929	0.00067864	0.00067864	0.000678530714
0.00421933	0.00088585	0.00076504	0.00070986	0.00069873	0.00068356	0.00068082	0.00067853	0.00067784	0.0006777	0.0006777057992
0.004203161	0.00088534	0.0007646	0.0007088	0.00069857	0.0006828	0.00068001	0.00067779	0.00067707	0.00067689	0.0006768882867
0.004186992	0.00088489	0.00076424	0.0007078	0.00069844	0.00068206	0.00067921	0.00067706	0.0006763	0.00067608	0.000676084447
0.004170823	0.00088451	0.00076394	0.00070687	0.00069834	0.00068134	0.00067844	0.00067635	0.00067556	0.00067529	0.0006752942606
0.004154654	0.00088421	0.00076372	0.00070601	0.00069826	0.00068063	0.00067767	0.00067566	0.00067482	0.00067451	0.0006745110723
0.004138485	0.00088397	0.00076357	0.00070521	0.00069822	0.00067994	0.00067693	0.00067498	0.0006741	0.00067373	0.0006737383302
0.004122316	0.00088381	0.00076348	0.00070448	0.00069723	0.00067927	0.0006762	0.00067431	0.0006734	0.00067297	0.0006729761804
0.004106147	0.00088371	0.00076347	0.00070382	0.00069584	0.00067862	0.00067549	0.00067366	0.00067271	0.00067222	0.0006722245485
0.004089978	0.00088369	0.00076353	0.00070323	0.00069449	0.00067798	0.00067479	0.00067303	0.00067203	0.00067148	0.0006714831811
0.004073809	0.00088374	0.00076366	0.0007027	0.00069316	0.00067736	0.00067411	0.00067241	0.00067136	0.00067075	0.0006707520893
0.00405764	0.00088386	0.00076386	0.00070224	0.00069187	0.00067675	0.00067345	0.00067181	0.00067065	0.00067002	0.0006700261437
0.004041471	0.00088404	0.00076413	0.00070184	0.00069061	0.00067617	0.0006728	0.00067122	0.00066996	0.00066931	0.0006693154146
0.004025302	0.0008843	0.00076447	0.00070152	0.00068939	0.0006756	0.00067217	0.00067065	0.00066927	0.00066861	0.0006686150305
0.004009133	0.00088463	0.00076488	0.00070126	0.00068819	0.00067504	0.00067156	0.00067009	0.0006686	0.00066792	0.0006679249913
0.003992964	0.00088503	0.00076536	0.00070106	0.00068703	0.00067451	0.00067096	0.00066955	0.00066793	0.00066724	0.0006672452997
0.003976795	0.0008855	0.00076591	0.00070094	0.0006859	0.00067399	0.00067038	0.00066897	0.00066728	0.00066657	0.0006665759566
0.003960626	0.00088604	0.00076654	0.00070088	0.0006848	0.00067349	0.00066981	0.00066828	0.00066663	0.00066592	0.0006659169593
0.003944457	0.00088666	0.00076723	0.00070089	0.00068374	0.000673	0.00066927	0.0006676	0.000666	0.00066527	0.0006652683264
0.003928289	0.00088734	0.00076799	0.00070096	0.00068271	0.00067253	0.00066873	0.00066693	0.00066538	0.00066463	0.0006646300897
0.003912119	0.00088809	0.00076883	0.0007011	0.00068171	0.00067208	0.00066822	0.00066628	0.00066476	0.000664	0.0006640021304
0.00389595	0.00088891	0.00076973	0.00070131	0.00068074	0.00067165	0.00066772	0.00066563	0.00066416	0.00066338	0.000663384553
0.003879781	0.00088981	0.00077071	0.00070159	0.0006798	0.00067123	0.00066724	0.000665	0.00066357	0.00066278	0.0006627772889
0.003863613	0.00089077	0.00077175	0.00070193	0.0006789	0.00067083	0.00066677	0.00066437	0.00066299	0.00066218	0.000662180436
0.003847443	0.00089181	0.00077287	0.00070234	0.00067803	0.00067045	0.00066633	0.00066376	0.00066242	0.00066159	0.0006615938787
0.003831275	0.00089291	0.00077405	0.00070231	0.00067719	0.00067009	0.00066583	0.00066316	0.00066186	0.00066102	0.0006610177649
0.003815106	0.00089409	0.00077531	0.00070125	0.00067638	0.00066974	0.00066526	0.00066257	0.00066131	0.00066045	0.000660452006
0.003798937	0.00089534	0.00077408	0.00070022	0.00067561	0.00066941	0.00066469	0.00066199	0.00066077	0.00065989	0.0006598966655
0.003782768	0.00089665	0.00077035	0.00069922	0.00067487	0.00066909	0.00066414	0.00066142	0.00066024	0.00065935	0.0006593517497
0.003766599	0.00089804	0.00076683	0.00069826	0.00067416	0.00066879	0.0006636	0.00066087	0.00065972	0.00065881	0.00065881715
0.00375043	0.0008995	0.00076352	0.00069733	0.00067348	0.00066851	0.00066307	0.00066032	0.00065921	0.00065829	0.0006582924955
0.003734261	0.00090103	0.00076042	0.00069644	0.00067283	0.00066825	0.00066255	0.00065979	0.00065872	0.00065778	0.0006577771598
0.003718092	0.00090263	0.00075753	0.00069558	0.00067222	0.000668	0.00066204	0.00065927	0.00065823	0.00065727	0.0006572705776
0.003701923	0.0009043	0.00075485	0.00069475	0.00067164	0.00066745	0.00066154	0.00065875	0.00065775	0.00065678	0.0006567724982
0.003685754	0.00090604	0.00075238	0.00069396	0.00067109	0.00066686	0.00066106	0.00065825	0.00065723	0.0006563	0.0006562828662
0.003669585	0.00090785	0.00075012	0.0006932	0.00067058	0.00066631	0.00066058	0.00065776	0.00065672	0.00065582	0.0006558016685
0.003653416	0.00090973	0.00074807	0.00069247	0.00067009	0.00066578	0.00066012	0.00065728	0.00065623	0.00065536	0.0006553289009
0.003637247	0.00091168	0.00074623	0.00069178	0.00066964	0.00066529	0.00065967	0.00065682	0.00065574	0.00065491	0.0006548645587
0.003621078	0.00091371	0.0007446	0.00069112	0.00066922	0.00066483	0.00065923	0.00065636	0.00065527	0.00065447	0.0006544086362
0.003604909	0.0009158	0.00074318	0.00069049	0.00066884	0.0006644	0.0006588	0.00065592	0.00065481	0.00065404	0.0006539611275
0.00358874	0.00091796	0.00074197	0.0006899	0.00066848	0.000664	0.00065838	0.00065548	0.00065435	0.00065361	0.0006535220767
0.003572571	0.0009202	0.00074097	0.00068934	0.00066816	0.00066364	0.00065797	0.00065506	0.00065391	0.0006532	0.0006530914638
0.003556402	0.0009225	0.00074018	0.00068882	0.00066787	0.00066303	0.00065757	0.00065465	0.00065348	0.0006528	0.0006526691729
0.003540234	0.00092488	0.0007396	0.00068833	0.00066761	0.00066239	0.00065719	0.00065425	0.00065306	0.00065241	0.0006522552093
0.003524065	0.00092732	0.00073923	0.00068787	0.00066739	0.00066176	0.00065682	0.00065386	0.00065266	0.00065203	0.0006518497747
0.003507896	0.00092984	0.00073907	0.00068745	0.0006672	0.00066115	0.00065645	0.00065348	0.00065226	0.00065166	0.0006514528127
0.003491726	0.00093243	0.00073912	0.00068706	0.00066704	0.00066056	0.0006561	0.00065311	0.00065187	0.00065131	0.0006510642086
0.003475558	0.00093136	0.00073938	0.0006867	0.00066691	0.00065999	0.00065576	0.00065275	0.0006515	0.00065096	0.0006506840145
0.003459389	0.00092784	0.00073985	0.00068638	0.00066681	0.00065943	0.00065543	0.00065241	0.00065113	0.00065062	0.0006503121471
0.00344322	0.00092459	0.00074054	0.00068609	0.00066675	0.00065889	0.00065511	0.00065208	0.00065078	0.00065029	0.0006499486293
0.003427051	0.00092158	0.00074143	0.00068583	0.00066672	0.00065837	0.00065481	0.00065175	0.00065044	0.00064997	0.0006495934531
0.003410881	0.00091882	0.00074253	0.00068561	0.00066672	0.00065787	0.00065451	0.00065144	0.00065011	0.00064967	0.0006492465871
0.003394713	0.00091499	0.00074384	0.00068542	0.00066675	0.00065738	0.00065423	0.00065114	0.00064979	0.00064934	0.0006489080926
0.003378544	0.00090988	0.00074536	0.00068527	0.00066682	0.00065691	0.00065395	0.00065085	0.00064948	0.00064899	0.0006485779044
0.003362375	0.00090511	0.00074703	0.00068515	0.00066692	0.00065646	0.00065357	0.00065057	0.00064918	0.00064864	0.0006482560426
0.003346206	0.00090069	0.00074643	0.00068506	0.00066705	0.00065602	0.00065316	0.00065031	0.00064889	0.00064831	0.0006479425063
0.003330037	0.0008966	0.00074586	0.000685	0.00066721	0.00065561	0.00065276	0.00065005	0.00064861	0.00064799	0.000647637295
0.003313868	0.00089285	0.00074533	0.00068498	0.0006674	0.00065521	0.00065238	0.0006498	0.00064835	0.00064767	0.0006473404083
0.003297699	0.00088945	0.00074483	0.000685	0.00066763	0.00065483	0.00065202	0.00064957	0.00064809	0.00064736	0.0006470518459
0.00328153	0.00088638	0.00074437	0.00068504	0.00066789	0.00065446	0.00065167	0.00064929	0.00064785	0.00064707	0.0006467716076
0.003265361	0.00088366	0.00074394	0.00068512	0.00066818	0.00065411	0.00065134	0.00064893	0.00064762	0.00064678	0.0006464996932
0.003249192	0.00088128	0.00074355	0.00068524	0.00066851	0.00065378	0.00065103	0.00064858	0.0006474	0.0006465	0.0006462361025
0.003233023	0.00087924	0.0007432	0.00068539	0.00066828	0.00065347	0.00065073	0.00064825	0.00064719	0.00064623	0.0006459808355
0.003216854	0.00087754	0.00074288	0.00068557	0.00066808	0.00065318	0.0006504	0.00064794	0.00064699	0.00064597	0.000645733892
0.003200685	0.00087618	0.0007426	0.00068578	0.00066766	0.0006529	0.00065009	0.00064765	0.0006468	0.00064571	0.0006454952717
0.003184516	0.00087516	0.00074235	0.00068603	0.00066718	0.00065264	0.00064979	0.00064737	0.0006466	0.00064547	0.0006452649746
0.003168347	0.00087449	0.00074214	0.00068629	0.00066671	0.0006524	0.00064951	0.00064711	0.00064627	0.00064524	0.0006450430003
0.003152178	0.00087415	0.00074197	0.00068562	0.00066627	0.00065217	0.00064925	0.00064687	0.00064595	0.00064501	0.0006448293486
0.003136009	0.00087416	0.00074183	0.00068503	0.00066584	0.00065196	0.00064901	0.00064664	0.00064564	0.0006448	0.0006446240191
0.00311984	0.0008745	0.00074173	0.00068452	0.00066544	0.00065177	0.00064878	0.00064644	0.00064535	0.00064459	0.0006444270116
0.003103671	0.00087519	0.00074166	0.00068409	0.00066505	0.0006516	0.00064857	0.00064625	0.00064507	0.00064439	0.0006442383257
0.003087502	0.00087622	0.00074163	0.00068373	0.00066468	0.00065145	0.00064838	0.00064607	0.0006448	0.0006442	0.0006440579663
0.003071333	0.00087759	0.00074163	0.00068346	0.00066433	0.00065131	0.0006482	0.00064591	0.00064455	0.00064427	0.0006438859356
0.003055164	0.0008793	0.00074167	0.00068326	0.000664	0.00065119	0.00064804	0.00064577	0.00064431	0.00064407	0.0006437222263
0.003038995	0.00088136	0.00074175	0.00068315	0.00066369	0.00065108	0.0006479	0.00064565	0.00064409	0.00064395	0.00064356684
0.003022827	0.00088375	0.00074186	0.00068311	0.0006634	0.000651	0.00064778	0.00064555	0.00064387	0.00064375	0.0006434197834
0.003006657	0.00088648	0.00073973	0.00068315	0.00066313	0.00065093	0.00064767	0.00064546	0.00064368	0.00064355	0.0006432810302
0.002990489	0.00088956	0.00073711	0.00068327	0.00066288	0.00065088	0.00064758	0.00064539	0.00064349	0.00064337	0.000643150615
0.002974319	0.00089298	0.00073465	0.00068347	0.00066264	0.00065085	0.00064751	0.00064533	0.00064332	0.0006432	0.0006430285059
0.002958151	0.00089673	0.00073233	0.00068375	0.00066243	0.00065083	0.00064745	0.0006453	0.00064317	0.00064305	0.0006429147356
0.002941981	0.00090083	0.00073016	0.00068411	0.00066223	0.00065083	0.00064741	0.00064528	0.00064303	0.00064291	0.0006428092814
0.002925813	0.00090527	0.00072813	0.00068455	0.00066205	0.00065085	0.00064739	0.00064527	0.0006429	0.00064278	0.0006427121651
0.002909644	0.00091005	0.00072625	0.00068507	0.0006619	0.00065089	0.00064739	0.00064515	0.00064278	0.00064267	0.0006426233784
0.002893475	0.00091518	0.00072452	0.00068566	0.00066176	0.00065094	0.0006474	0.00064504	0.00064268	0.00064257	0.000642542906
0.002877306	0.00092064	0.00072293	0.00068634	0.00066164	0.00065101	0.00064743	0.00064494	0.00064259	0.00064248	0.000642470753
0.002861137	0.00092644	0.0007215	0.00068709	0.00066154	0.0006511	0.00064748	0.00064485	0.00064252	0.00064241	0.0006424070116
0.002844968	0.00093259	0.0007202	0.00068792	0.00066146	0.00065121	0.00064755	0.00064478	0.00064246	0.00064235	0.0006423525656
0.002828799	0.00093907	0.00071906	0.00068884	0.0006614	0.00065133	0.00064763	0.00064472	0.00064241	0.00064231	0.0006423093841
0.002812631	0.0009459	0.00071806	0.00068983	0.00066135	0.00065147	0.00064773	0.00064468	0.00064238	0.00064228	0.0006422787186
0.002796463	0.00095307	0.00071721	0.0006909	0.00066133	0.00065163	0.00064785	0.00064465	0.00064236	0.00064226	0.0006422613781
