0.009195	0.0029387	0.0029387	0.0029387	0.0029387	0.0029387	0.0029387	0.0029387	0.0029387	0.0029387	0.0029387241
0.0091804918	0.0027656	0.0027656	0.0027656	0.0027656	0.0027656	0.0027656	0.0027656	0.0027656	0.0027656	0.002822203526
0.0091659836	0.0026653	0.0026653	0.0026653	0.0026653	0.0026653	0.0026653	0.0026653	0.0026653	0.0026653	0.002713946065
0.0091514755	0.0025727	0.0025727	0.0025727	0.0025727	0.0025727	0.0025727	0.0025727	0.0025727	0.0025727	0.002613952541
0.0091369673	0.0024878	0.0024878	0.0024878	0.0024878	0.0024878	0.0024878	0.0024878	0.0024878	0.0024878	0.002522221682
0.0091224591	0.0024105	0.0024105	0.0024105	0.0024105	0.0024105	0.0024105	0.0024105	0.0024105	0.0024105	0.002438754419
0.009107951	0.0023409	0.0023409	0.0023409	0.0023409	0.0023409	0.0023409	0.0023409	0.0023409	0.0023409	0.002363550877
0.0090934334	0.0022789	0.0022763	0.0022763	0.0022763	0.0022763	0.0022763	0.0022763	0.0022763	0.0022763	0.002296006147
0.0090789069	0.0022245	0.0022145	0.0022145	0.0022145	0.0022145	0.0022145	0.0022145	0.0022145	0.0022145	0.002232355448
0.0090643796	0.0021778	0.0021559	0.0021559	0.0021559	0.0021559	0.0021559	0.0021559	0.0021559	0.0021559	0.002171932511
0.0090498523	0.0021387	0.0021004	0.0021004	0.0021004	0.0021004	0.0021004	0.0021004	0.0021004	0.0021004	0.002114741005
0.0090353249	0.0021073	0.0020481	0.0020481	0.0020481	0.0020481	0.0020481	0.0020481	0.0020481	0.0020481	0.002060780528
0.0090207975	0.0020836	0.0019989	0.0019989	0.0019989	0.0019989	0.0019989	0.0019989	0.0019989	0.0019989	0.002010052521
0.0090062702	0.0020676	0.0019528	0.0019528	0.0019528	0.0019528	0.0019528	0.0019528	0.0019528	0.0019528	0.001962554365
0.0089917428	0.0020592	0.0019099	0.0019099	0.0019099	0.0019099	0.0019099	0.0019099	0.0019099	0.0019099	0.001918288378
0.0089772154	0.0020585	0.0018701	0.0018701	0.0018701	0.0018701	0.0018701	0.0018701	0.0018701	0.0018701	0.001877253866
0.0089626881	0.0020268	0.0018334	0.0018334	0.0018334	0.0018334	0.0018334	0.0018334	0.0018334	0.0018334	0.001839451069
0.0089481607	0.0019991	0.0017998	0.0017998	0.0017998	0.0017998	0.0017998	0.0017998	0.0017998	0.0017998	0.001804879445
0.0089336334	0.0019747	0.0017694	0.0017694	0.0017694	0.0017694	0.0017694	0.0017694	0.0017694	0.0017694	0.001773539305
0.008919106	0.0019535	0.0017422	0.0017422	0.0017422	0.0017422	0.0017422	0.0017422	0.0017422	0.0017422	0.001745430594
0.0089045786	0.0019356	0.001718	0.001718	0.001718	0.001718	0.001718	0.001718	0.001718	0.001718	0.001720553382
0.0088900559	0.0019208	0.0016971	0.0016971	0.0016971	0.0016971	0.0016971	0.0016971	0.0016971	0.0016971	0.001698445538
0.0088755378	0.0019093	0.0016792	0.0016748	0.0016748	0.0016748	0.0016748	0.0016748	0.0016748	0.0016748	0.001676934338
0.0088610187	0.001901	0.0016645	0.0016536	0.0016536	0.0016536	0.0016536	0.0016536	0.0016536	0.0016536	0.001655738891
0.0088464996	0.001896	0.0016529	0.0016328	0.0016328	0.0016328	0.0016328	0.0016328	0.0016328	0.0016328	0.001634860145
0.0088319805	0.0018941	0.0016444	0.0016123	0.0016123	0.0016123	0.0016123	0.0016123	0.0016123	0.0016123	0.001614298075
0.0088174613	0.0018955	0.0016391	0.0015921	0.0015921	0.0015921	0.0015921	0.0015921	0.0015921	0.0015921	0.001594052658
0.0088029422	0.0019001	0.0016369	0.0015723	0.0015723	0.0015723	0.0015723	0.0015723	0.0015723	0.0015723	0.001574123912
0.0087884231	0.0019079	0.0016378	0.0015527	0.0015527	0.0015527	0.0015527	0.0015527	0.0015527	0.0015527	0.001554511554
0.008773904	0.0019189	0.0016419	0.0015335	0.0015335	0.0015335	0.0015335	0.0015335	0.0015335	0.0015335	0.001535215645
0.0087593849	0.0019332	0.0016491	0.0015146	0.0015146	0.0015146	0.0015146	0.0015146	0.0015146	0.0015146	0.00151623638
0.0087448658	0.0019506	0.0016372	0.001496	0.001496	0.001496	0.001496	0.001496	0.001496	0.001496	0.001497573839
0.0087303467	0.0019713	0.0016172	0.0014777	0.0014777	0.0014777	0.0014777	0.0014777	0.0014777	0.0014777	0.001479227906
0.0087158276	0.0019698	0.0015974	0.0014597	0.0014597	0.0014597	0.0014597	0.0014597	0.0014597	0.0014597	0.001461198085
0.0087013085	0.0019465	0.001578	0.001442	0.001442	0.001442	0.001442	0.001442	0.001442	0.001442	0.001443485761
0.0086867894	0.0019236	0.0015589	0.0014247	0.0014247	0.0014247	0.0014247	0.0014247	0.0014247	0.0014247	0.001426090517
0.0086722712	0.0018694	0.0015402	0.0014077	0.0014077	0.0014077	0.0014077	0.0014077	0.0014077	0.0014077	0.001409014659
0.0086577521	0.0018338	0.0015218	0.0013909	0.0013909	0.0013909	0.0013909	0.0013909	0.0013909	0.0013909	0.001392250311
0.008643233	0.0018288	0.0015037	0.0013745	0.0013745	0.0013745	0.0013745	0.0013745	0.0013745	0.0013745	0.001375804698
0.0086287139	0.0018353	0.0014859	0.0013585	0.0013585	0.0013585	0.0013585	0.0013585	0.0013585	0.0013585	0.001359675915
0.0086141948	0.0018141	0.0014684	0.0013427	0.0013427	0.0013427	0.0013427	0.0013427	0.0013427	0.0013427	0.001343863874
0.0085996757	0.0017933	0.0014513	0.0013273	0.0013273	0.0013273	0.0013273	0.0013273	0.0013273	0.0013273	0.001328368502
0.0085851566	0.0017728	0.0014345	0.0013121	0.0013121	0.0013121	0.0013121	0.0013121	0.0013121	0.0013121	0.001313192839
0.0085706376	0.0017526	0.001418	0.0012973	0.0012973	0.0012973	0.0012973	0.0012973	0.0012973	0.0012973	0.001298329957
0.0085561184	0.0017328	0.0014019	0.0012828	0.0012828	0.0012828	0.0012828	0.0012828	0.0012828	0.0012828	0.001283782445
0.0085415993	0.0017133	0.0013861	0.0012686	0.0012686	0.0012686	0.0012686	0.0012686	0.0012686	0.0012686	0.001269553916
0.0085270801	0.0016942	0.0013706	0.0012547	0.0012547	0.0012547	0.0012547	0.0012547	0.0012547	0.0012547	0.001255642081
0.008512561	0.0016754	0.0013554	0.0012412	0.0012412	0.0012412	0.0012412	0.0012412	0.0012412	0.0012412	0.001242047123
0.0084980419	0.001657	0.0013406	0.001228	0.001228	0.001228	0.001228	0.001228	0.001228	0.001228	0.001228768955
0.0084835228	0.001639	0.0013261	0.001215	0.001215	0.001215	0.001215	0.001215	0.001215	0.001215	0.001215807589
0.0084690046	0.0016212	0.0013119	0.0012024	0.0012024	0.0012024	0.0012024	0.0012024	0.0012024	0.0012024	0.00120316381
0.0084544856	0.0016039	0.0012981	0.0011901	0.0011901	0.0011901	0.0011901	0.0011901	0.0011901	0.0011901	0.001190836138
0.0084399664	0.0015868	0.0012845	0.0011782	0.0011782	0.0011782	0.0011782	0.0011782	0.0011782	0.0011782	0.001178821654
0.0084254473	0.0015701	0.0012713	0.0011665	0.0011665	0.0011665	0.0011665	0.0011665	0.0011665	0.0011665	0.00116712659
0.0084109282	0.0015538	0.0012585	0.0011552	0.0011552	0.0011552	0.0011552	0.0011552	0.0011552	0.0011552	0.001155748222
0.0083964092	0.0015378	0.0012459	0.0011441	0.0011441	0.0011441	0.0011441	0.0011441	0.0011441	0.0011441	0.001144686625
0.00838189	0.0015222	0.0012337	0.0011334	0.0011334	0.0011334	0.0011334	0.0011334	0.0011334	0.0011334	0.001133941574
0.0083673709	0.0015069	0.0012218	0.001123	0.001123	0.001123	0.001123	0.001123	0.001123	0.001123	0.001123513293
0.0083528519	0.0014919	0.0012102	0.0011129	0.0011129	0.0011129	0.0011129	0.0011129	0.0011129	0.0011129	0.001113401778
0.0083383327	0.0014773	0.001199	0.0011032	0.0011032	0.0011032	0.0011032	0.0011032	0.0011032	0.0011032	0.001103606823
0.0083238136	0.0014631	0.0011881	0.0010937	0.0010937	0.0010937	0.0010937	0.0010937	0.0010937	0.0010937	0.001094128636
0.0083092945	0.0014492	0.0011775	0.0010846	0.0010846	0.0010846	0.0010846	0.0010846	0.0010846	0.0010846	0.001084967442
0.0082947753	0.0014356	0.0011672	0.0010758	0.0010758	0.0010758	0.0010758	0.0010758	0.0010758	0.0010758	0.001076123209
0.0082802564	0.0014224	0.0011573	0.0010673	0.0010673	0.0010673	0.0010673	0.0010673	0.0010673	0.0010673	0.001067595358
0.0082657357	0.0014095	0.0011477	0.0010591	0.0010591	0.0010591	0.0010591	0.0010591	0.0010591	0.0010591	0.001059296095
0.008251214	0.001397	0.0011384	0.0010512	0.0010508	0.0010508	0.0010508	0.0010508	0.0010508	0.0010508	0.001051105602
0.0082366924	0.0013848	0.0011295	0.0010436	0.0010427	0.0010427	0.0010427	0.0010427	0.0010427	0.0010427	0.001043031268
0.0082221708	0.001373	0.0011209	0.0010364	0.0010348	0.0010348	0.0010348	0.0010348	0.0010348	0.0010348	0.001035068517
0.0082076491	0.0013615	0.0011126	0.0010295	0.0010269	0.0010269	0.0010269	0.0010269	0.0010269	0.0010269	0.001027212827
0.0081931274	0.0013504	0.0011046	0.0010229	0.0010192	0.0010192	0.0010192	0.0010192	0.0010192	0.0010192	0.001019473031
0.0081786058	0.0013396	0.001097	0.0010166	0.0010116	0.0010116	0.0010116	0.0010116	0.0010116	0.0010116	0.00101184539
0.0081640841	0.0013292	0.0010896	0.0010106	0.0010041	0.0010041	0.0010041	0.0010041	0.0010041	0.0010041	0.001004329864
0.0081495625	0.0013191	0.0010826	0.0010049	0.00099667	0.00099667	0.00099667	0.00099667	0.00099667	0.00099667	0.0009969265138
0.0081350408	0.0013093	0.001076	0.00099959	0.00098939	0.00098939	0.00098939	0.00098939	0.00098939	0.00098939	0.0009896352158
0.0081205192	0.0012999	0.0010697	0.00099456	0.00098221	0.00098221	0.00098221	0.00098221	0.00098221	0.00098221	0.0009824560975
0.0081059963	0.0012909	0.0010636	0.00098985	0.00097515	0.00097515	0.00097515	0.00097515	0.00097515	0.00097515	0.0009753772659
0.0080914727	0.0012822	0.001058	0.00098545	0.00096821	0.00096821	0.00096821	0.00096821	0.00096821	0.00096821	0.0009683583809
0.0080769491	0.0012738	0.0010526	0.00098137	0.00096137	0.00096137	0.00096137	0.00096137	0.00096137	0.00096137	0.0009613955396
0.0080624263	0.0012658	0.0010476	0.0009776	0.00095465	0.00095465	0.00095465	0.00095465	0.00095465	0.00095465	0.0009544886424
0.0080479025	0.0012582	0.0010429	0.00097415	0.00094803	0.00094752	0.00094752	0.00094752	0.00094752	0.00094752	0.000947636842
0.0080333788	0.0012509	0.0010385	0.00097102	0.00094153	0.00094078	0.00094078	0.00094078	0.00094078	0.00094078	0.0009408415144
0.0080188547	0.0012439	0.0010345	0.0009682	0.00093514	0.00093411	0.00093389	0.00093389	0.00093389	0.00093389	0.0009340994688
0.0080043301	0.0012373	0.0010282	0.00096569	0.00092887	0.0009275	0.00092721	0.00092721	0.00092721	0.00092721	0.0009274032904
0.0079898058	0.001231	0.0010215	0.00096351	0.0009227	0.00092096	0.00092058	0.00092058	0.00092058	0.00092058	0.0009207523846
0.0079752812	0.0012251	0.0010153	0.00096164	0.00091665	0.00091448	0.00091401	0.00091401	0.00091401	0.00091401	0.0009141445763
0.0079607566	0.0012195	0.0010095	0.00095638	0.00091071	0.00090807	0.0009075	0.0009075	0.0009075	0.0009075	0.0009075822931
0.0079462322	0.0012143	0.0010043	0.00094894	0.00090488	0.00090173	0.00090104	0.00090086	0.00090086	0.00090086	0.0009010651931
0.0079317076	0.0012056	0.00099951	0.00094165	0.00089917	0.00089545	0.00089463	0.00089439	0.00089439	0.00089439	0.0008945925624
0.007917183	0.0011925	0.00099523	0.0009345	0.00089356	0.00088924	0.00088829	0.00088797	0.00088797	0.00088797	0.0008881633049
0.0079026586	0.0011801	0.00099143	0.00092749	0.00088807	0.00088306	0.000882	0.00088159	0.00088159	0.00088159	0.0008817798866
0.007888134	0.0011684	0.00098812	0.00092062	0.00088269	0.00087688	0.00087576	0.00087525	0.00087525	0.00087525	0.0008754404045
0.0078736094	0.0011574	0.0009853	0.00091389	0.00087742	0.00087074	0.00086958	0.00086896	0.00086896	0.00086896	0.0008691458091
0.0078590849	0.001147	0.00098296	0.0009073	0.00087226	0.00086466	0.00086344	0.00086271	0.00086271	0.00086271	0.0008628963363
0.0078445613	0.0011373	0.0009811	0.00090086	0.00086722	0.00085864	0.0008573	0.00085651	0.00085651	0.00085651	0.0008566907502
0.0078300368	0.0011283	0.00097974	0.00089455	0.00086229	0.00085266	0.0008512	0.00085035	0.00085035	0.00085035	0.0008505301387
0.0078155123	0.00112	0.00097886	0.00088838	0.00085747	0.00084674	0.00084514	0.00084424	0.00084424	0.00084424	0.0008444139066
0.0078009877	0.0011123	0.00097846	0.00088236	0.00085276	0.00084087	0.00083914	0.00083817	0.00083817	0.00083817	0.0008383423866
0.0077864631	0.0011054	0.00097855	0.00087647	0.00084747	0.00083505	0.00083317	0.00083214	0.00083214	0.00083214	0.0008323154586
0.0077719387	0.0010991	0.00097913	0.00087073	0.00084206	0.00082928	0.00082726	0.00082616	0.00082616	0.00082616	0.0008263331521
0.0077574142	0.0010935	0.00098019	0.00086513	0.00083671	0.00082357	0.00082139	0.00082023	0.00082023	0.00082023	0.0008203957048
0.0077428896	0.0010885	0.00098174	0.00085966	0.00083141	0.0008179	0.00081557	0.00081434	0.00081434	0.00081434	0.0008145023073
0.0077283652	0.0010842	0.00097635	0.00085434	0.00082617	0.00081229	0.0008098	0.00080849	0.00080849	0.00080849	0.0008086538644
0.0077138405	0.0010807	0.00096828	0.00084916	0.00082099	0.00080673	0.00080407	0.00080269	0.00080269	0.00080269	0.0008028499257
0.0076993166	0.0010777	0.00096038	0.00084412	0.00081586	0.00080123	0.00079839	0.00079693	0.00079693	0.00079693	0.0007970909645
0.0076847919	0.0010755	0.00095266	0.00083922	0.0008108	0.00079577	0.00079275	0.00079122	0.00079122	0.00079122	0.0007913763074
0.0076702674	0.001074	0.00094511	0.00083446	0.00080579	0.00079037	0.00078716	0.00078555	0.00078555	0.00078555	0.0007857062407
0.007655743	0.0010731	0.00093774	0.00082985	0.00080083	0.00078502	0.00078162	0.00077993	0.00077993	0.00077993	0.0007800819002
0.0076412184	0.0010729	0.00093054	0.00082537	0.00079594	0.00077973	0.00077613	0.00077435	0.00077435	0.00077435	0.0007745002948
0.0076266939	0.0010734	0.00092352	0.00082103	0.0007911	0.00077448	0.00077068	0.00076882	0.00076882	0.00076882	0.0007689638244
0.0076121695	0.0010745	0.00091668	0.00081684	0.00078631	0.00076929	0.00076528	0.00076333	0.00076333	0.00076333	0.0007634736567
0.0075976454	0.0010764	0.00091001	0.00081278	0.00078159	0.00076415	0.00075992	0.00075789	0.00075789	0.00075789	0.0007580253544
0.0075831209	0.0010789	0.00090351	0.00080887	0.00077692	0.00075906	0.00075462	0.00075249	0.00075249	0.00075249	0.0007526229809
0.0075685962	0.0010821	0.00089719	0.0008051	0.00077231	0.00075402	0.00074935	0.00074713	0.00074713	0.00074713	0.0007472651424
0.0075540718	0.0010859	0.00089105	0.00080146	0.00076776	0.00074904	0.00074414	0.00074182	0.00074182	0.00074182	0.0007419540022
0.0075395472	0.0010905	0.00088508	0.00079797	0.00076326	0.00074411	0.00073897	0.00073655	0.00073655	0.00073655	0.0007366834487
0.0075250226	0.0010957	0.00087929	0.00079462	0.00075883	0.00073923	0.00073385	0.00073133	0.00073133	0.00073133	0.0007314594906
0.0075104982	0.0011016	0.0008733	0.00079141	0.00075444	0.0007344	0.00072877	0.00072615	0.00072615	0.00072615	0.0007262802543
0.0074959743	0.0011082	0.00086587	0.00078834	0.00075012	0.00072962	0.00072374	0.00072102	0.00072102	0.00072102	0.0007211456728
0.0074814496	0.0011154	0.00085869	0.00078541	0.00074585	0.0007249	0.00071876	0.00071593	0.00071593	0.00071593	0.0007160559197
0.0074669251	0.0011233	0.00085178	0.00078262	0.00074164	0.00072023	0.00071383	0.00071089	0.00071089	0.00071089	0.0007110099951
0.0074524005	0.001132	0.00084512	0.00077998	0.00073749	0.00071561	0.00070894	0.00070589	0.00070589	0.00070589	0.0007060090813
0.007437876	0.0011412	0.00083873	0.00077747	0.00073339	0.00071104	0.0007041	0.00070094	0.00070094	0.00070094	0.0007010528028
0.0074233515	0.0011512	0.00083259	0.0007751	0.00072936	0.00070653	0.0006993	0.00069603	0.00069603	0.00069603	0.0006961411295
0.0074088268	0.0011618	0.00082672	0.00077245	0.00072538	0.00070207	0.00069455	0.00069116	0.00069116	0.00069116	0.000691274664
0.0073943011	0.0011732	0.00082111	0.00076761	0.00072105	0.00069766	0.00068985	0.00068634	0.00068634	0.00068634	0.0006864444292
0.0073797758	0.0011852	0.00081576	0.00076284	0.00071618	0.0006933	0.00068519	0.00068157	0.00068157	0.00068157	0.0006816498612
0.0073652503	0.0011838	0.00081066	0.00075814	0.00071138	0.00068899	0.00068058	0.00067683	0.00067683	0.00067683	0.000676891525
0.0073507249	0.0011764	0.00080583	0.0007535	0.00070664	0.00068474	0.00067602	0.00067215	0.00067206	0.00067206	0.0006721691259
0.0073361994	0.0011692	0.00080126	0.00074892	0.00070195	0.00068054	0.0006715	0.00066751	0.00066738	0.00066738	0.0006674817952
0.0073216736	0.0011622	0.00079695	0.00074442	0.00069732	0.00067639	0.00066703	0.00066291	0.00066273	0.00066273	0.0006628308281
0.0073071482	0.0011553	0.0007929	0.00073998	0.00069274	0.00067229	0.00066261	0.00065835	0.00065811	0.00065811	0.0006582152297
0.0072926226	0.0011486	0.0007891	0.0007356	0.00068823	0.00066824	0.00065823	0.00065385	0.00065354	0.00065354	0.0006536347028
0.0072780975	0.0011421	0.00078557	0.00073129	0.00068377	0.00066425	0.0006539	0.00064938	0.00064899	0.00064899	0.0006490907067
0.0072635719	0.0011358	0.0007823	0.00072705	0.00067937	0.00066031	0.00064962	0.00064496	0.00064449	0.00064449	0.0006445832925
0.0072490462	0.0011296	0.00077929	0.00072287	0.00067503	0.00065642	0.00064538	0.00064059	0.00064001	0.00064001	0.0006401091772
0.0072345207	0.0011236	0.00077654	0.00071876	0.00067075	0.00065258	0.00064119	0.00063626	0.00063558	0.00063558	0.0006356716983
0.0072199951	0.0011178	0.00077406	0.00071472	0.00066652	0.0006488	0.00063705	0.00063197	0.00063118	0.00063118	0.0006312705229
0.0072054694	0.0011122	0.00077183	0.00071074	0.00066235	0.00064507	0.00063295	0.00062773	0.00062681	0.00062681	0.0006269039707
0.0071909441	0.0011067	0.00076986	0.00070683	0.00065824	0.00064139	0.0006289	0.00062353	0.00062249	0.00062249	0.0006225738936
0.0071764188	0.0011015	0.00076815	0.00070299	0.00065418	0.00063776	0.0006249	0.00061938	0.00061819	0.00061819	0.0006182794304
0.0071618933	0.0010964	0.0007667	0.00069921	0.00065019	0.00063419	0.00062094	0.00061528	0.00061394	0.00061394	0.0006140204499
0.0071473677	0.0010914	0.00076551	0.00069549	0.00064625	0.00063066	0.00061703	0.00061121	0.00060971	0.00060971	0.0006097971063
0.0071328422	0.0010867	0.00076459	0.00069185	0.00064237	0.00062719	0.00061317	0.00060719	0.00060553	0.00060553	0.0006056095669
0.0071183166	0.0010821	0.00076392	0.00068827	0.00063855	0.00062377	0.00060935	0.00060322	0.00060138	0.00060138	0.0006014576387
0.007103791	0.0010777	0.00076351	0.00068475	0.00063478	0.00062041	0.00060558	0.00059929	0.00059726	0.00059726	0.0005973419695
0.0070892655	0.0010734	0.00076337	0.0006813	0.00063107	0.00061709	0.00060186	0.00059541	0.00059318	0.00059318	0.0005932610294
0.0070747404	0.0010694	0.00076348	0.00067792	0.00062742	0.00061383	0.00059818	0.00059157	0.00058914	0.00058914	0.0005892162374
0.0070602148	0.0010655	0.00076386	0.00067461	0.00062383	0.00061062	0.00059455	0.00058777	0.00058513	0.00058513	0.0005852070792
0.0070456892	0.0010618	0.00076336	0.00067136	0.00062029	0.00060746	0.00059096	0.00058402	0.00058116	0.00058116	0.0005812335407
0.0070311636	0.0010337	0.00075874	0.00066817	0.00061682	0.00060435	0.00058743	0.00058032	0.00057722	0.00057722	0.0005772965181
0.007016638	0.0010016	0.00075419	0.00066488	0.0006134	0.0006013	0.00058394	0.00057666	0.00057332	0.00057332	0.00057339417
0.0070021124	0.00097192	0.00074962	0.00066044	0.00061004	0.00059779	0.00058049	0.00057304	0.00056946	0.00056946	0.0005695275872
0.0069875868	0.00094474	0.00074476	0.00065575	0.00060673	0.0005942	0.00057709	0.00056947	0.00056563	0.00056563	0.0005656967366
0.0069730618	0.00092002	0.00073996	0.00065113	0.00060348	0.00059063	0.00057374	0.00056594	0.00056183	0.00056183	0.0005619018341
0.0069585362	0.00089776	0.00073522	0.00064659	0.0006003	0.00058711	0.00057044	0.00056246	0.00055808	0.00055808	0.0005581425443
0.0069440106	0.00087796	0.00073054	0.00064213	0.00059716	0.00058353	0.00056718	0.00055902	0.00055435	0.00055435	0.0005544185887
0.0069294854	0.00086062	0.00072593	0.00063774	0.00059409	0.00057973	0.0005638	0.00055563	0.00055067	0.00055067	0.0005507284126
0.0069149603	0.00084574	0.00072137	0.00063344	0.00059107	0.00057597	0.00056031	0.00055228	0.00054702	0.00054702	0.0005470708111
0.0069004349	0.00083332	0.00071688	0.0006292	0.00058812	0.00057225	0.00055686	0.00054893	0.0005434	0.0005434	0.000543446589
0.0068859095	0.00082336	0.00071245	0.00062505	0.00058521	0.00056857	0.00055344	0.00054543	0.00053982	0.00053982	0.0005398540976
0.0068713846	0.00081587	0.00070808	0.00062097	0.00058237	0.00056493	0.00055006	0.00054196	0.00053628	0.00053628	0.0005362928665
0.0068568597	0.00081083	0.00070377	0.00061697	0.00057959	0.00056133	0.00054672	0.00053853	0.00053277	0.00053277	0.000532761584
0.0068423343	0.00080825	0.00069952	0.00061305	0.00057686	0.00055777	0.00054341	0.00053514	0.00052929	0.00052929	0.00052926484
0.0068278091	0.00080813	0.00069533	0.00060921	0.00057419	0.00055424	0.00054014	0.00053178	0.00052586	0.00052586	0.0005258003211
0.0068132837	0.00081047	0.00069121	0.00060544	0.00057158	0.00055076	0.00053691	0.00052845	0.00052246	0.00052246	0.0005223679463
0.0067987585	0.00081528	0.00068714	0.00060175	0.00056902	0.00054731	0.00053371	0.00052517	0.00051909	0.00051891	0.0005189681536
0.0067842331	0.00082254	0.00068314	0.00059813	0.00056652	0.0005439	0.00053055	0.00052192	0.00051576	0.00051554	0.0005156006815
0.0067697085	0.00083226	0.0006792	0.00059459	0.00056408	0.00054053	0.00052743	0.0005187	0.00051247	0.00051221	0.0005122658718
0.0067551831	0.00084444	0.00067532	0.00059113	0.00056155	0.0005372	0.00052435	0.00051552	0.00050921	0.00050891	0.0005089628771
0.0067406577	0.00085909	0.0006715	0.00058775	0.00055805	0.00053391	0.0005213	0.00051238	0.00050598	0.00050564	0.0005056893033
0.0067261324	0.00087619	0.00066775	0.00058444	0.0005546	0.00053066	0.00051828	0.00050928	0.0005028	0.0005024	0.0005024435536
0.0067116076	0.00089491	0.00066405	0.00058121	0.0005512	0.00052745	0.00051531	0.00050621	0.00049964	0.00049919	0.0004992278703
0.006697083	0.00088827	0.00066042	0.00057806	0.00054784	0.00052427	0.00051237	0.00050317	0.00049653	0.00049602	0.0004960376126
0.0066825584	0.00088172	0.00065685	0.00057499	0.00054452	0.00052114	0.00050947	0.00050018	0.00049345	0.00049288	0.000492873042
0.0066680349	0.00087524	0.00065334	0.00057199	0.00054124	0.00051804	0.0005066	0.00049722	0.0004904	0.00048977	0.0004897328686
0.0066535112	0.00086885	0.00064989	0.00056907	0.00053801	0.00051499	0.00050377	0.00049429	0.0004874	0.00048669	0.0004866141995
0.0066389877	0.00086253	0.0006465	0.00056623	0.00053482	0.00051197	0.00050098	0.0004914	0.00048442	0.00048364	0.0004835164433
0.0066244641	0.0008563	0.00064317	0.00056346	0.00053168	0.00050899	0.00049822	0.00048855	0.00048148	0.00048063	0.0004804384436
0.0066099405	0.00085015	0.00063991	0.00056077	0.00052858	0.00050605	0.0004955	0.00048573	0.00047858	0.00047765	0.0004773819672
0.0065954173	0.00084408	0.0006367	0.00055816	0.00052553	0.00050315	0.00049282	0.00048295	0.00047572	0.0004747	0.0004743463763
0.0065808936	0.00083809	0.00063356	0.00055562	0.00052251	0.00050029	0.00049017	0.00048021	0.00047289	0.00047178	0.0004713321427
0.0065663704	0.00083217	0.00063048	0.00055316	0.00051955	0.00049746	0.00048757	0.0004775	0.00047009	0.0004689	0.0004683386902
0.0065518467	0.00082634	0.00062746	0.00055078	0.00051662	0.00049468	0.00048499	0.00047483	0.00046733	0.00046605	0.0004653659676
0.0065373233	0.00082059	0.0006245	0.00054848	0.00051374	0.00049193	0.00048238	0.0004722	0.00046461	0.00046323	0.0004624143001
0.0065227997	0.00081492	0.00062161	0.00054625	0.0005109	0.00048923	0.0004794	0.0004696	0.00046192	0.00046044	0.0004594826289
0.0065082762	0.00080934	0.00061877	0.0005441	0.00050811	0.00048656	0.00047646	0.00046703	0.00045927	0.0004576	0.0004565701507
0.0064937529	0.00080383	0.000616	0.00054203	0.00050536	0.00048393	0.00047357	0.00046451	0.00045665	0.00045477	0.0004536762488
0.0064792295	0.0007984	0.00061329	0.00054003	0.00050266	0.00048134	0.00047072	0.00046202	0.00045407	0.00045197	0.0004508017889
0.006464706	0.00079305	0.00061064	0.00053811	0.00049999	0.00047879	0.00046792	0.00045956	0.00045153	0.00044919	0.0004479466945
0.0064501827	0.00078779	0.00060805	0.00053627	0.00049727	0.00047628	0.00046516	0.00045715	0.00044902	0.00044643	0.0004451085724
0.0064356592	0.0007826	0.00060552	0.0005345	0.00049408	0.00047381	0.00046244	0.00045476	0.00044654	0.0004437	0.0004422897559
0.0064211357	0.00077749	0.00060305	0.00053281	0.00049094	0.00047138	0.00045976	0.00045203	0.0004441	0.00044099	0.0004394907821
0.0064066124	0.00077247	0.00060065	0.0005312	0.00048785	0.00046898	0.00045713	0.00044929	0.0004417	0.00043831	0.0004367108142
0.0063920888	0.00076752	0.0005983	0.00052967	0.00048481	0.00046662	0.00045454	0.0004466	0.00043933	0.00043564	0.0004339496258
0.0063775652	0.00076266	0.00059602	0.00052821	0.00048183	0.00046431	0.000452	0.00044396	0.00043695	0.00043301	0.000431206936
0.0063630423	0.00075787	0.0005938	0.00052676	0.00047889	0.00046203	0.0004495	0.00044135	0.00043428	0.00043039	0.0004284824798
0.0063485187	0.00075317	0.00059164	0.00052364	0.00047601	0.00045979	0.00044704	0.00043874	0.00043163	0.0004278	0.0004257773036
0.0063339952	0.00074855	0.00058922	0.00052056	0.00047318	0.00045736	0.00044462	0.0004361	0.00042901	0.00042523	0.0004230932135
0.0063194718	0.00074401	0.00058554	0.0005175	0.0004704	0.00045471	0.00044225	0.00043349	0.00042641	0.00042268	0.0004204263271
0.0063049482	0.00073954	0.00058199	0.00051447	0.00046768	0.00045209	0.00043993	0.00043091	0.00042383	0.00042016	0.0004177764707
0.0062904248	0.00073516	0.00057856	0.00051147	0.000465	0.0004495	0.0004375	0.00042835	0.00042128	0.00041766	0.0004151446554
0.0062759014	0.00073086	0.00057527	0.0005085	0.00046237	0.00044693	0.00043483	0.00042581	0.00041875	0.00041519	0.0004125371353
0.0062613777	0.00072664	0.0005721	0.00050556	0.0004598	0.00044438	0.00043218	0.0004233	0.00041624	0.00041274	0.0004099411735
0.0062468546	0.0007225	0.00056905	0.00050265	0.00045728	0.00044186	0.00042955	0.00042081	0.00041376	0.00041031	0.0004073677171
0.0062323313	0.00071844	0.00056614	0.00049976	0.00045481	0.00043937	0.00042695	0.00041834	0.00041131	0.0004079	0.0004048165169
0.0062178078	0.00071446	0.00056335	0.00049691	0.00045239	0.0004369	0.00042438	0.0004159	0.00040887	0.00040552	0.0004022804684
0.0062032843	0.00071056	0.00056069	0.00049408	0.00045002	0.00043445	0.00042183	0.00041348	0.00040646	0.00040316	0.000399763808
0.0061887609	0.00070675	0.00055816	0.00049128	0.00044771	0.00043203	0.0004193	0.00041109	0.00040408	0.00040083	0.0003972659328
0.0061742373	0.00070301	0.00055575	0.00048851	0.00044544	0.00042964	0.0004168	0.00040872	0.00040171	0.00039851	0.0003947866613
0.0061597139	0.00069935	0.00055347	0.00048577	0.00044323	0.00042727	0.00041432	0.00040637	0.00039938	0.00039623	0.000392325828
0.0061451906	0.00069578	0.00055132	0.00048305	0.00044107	0.00042493	0.00041187	0.00040405	0.00039706	0.00039396	0.0003898830765
0.006130667	0.00069228	0.0005493	0.00048037	0.00043895	0.00042261	0.00040945	0.00040175	0.00039477	0.00039172	0.0003874579609
0.0061161433	0.00068886	0.00054726	0.00047771	0.0004369	0.00042032	0.00040704	0.00039947	0.0003925	0.00038944	0.0003850502077
0.0061016196	0.00068553	0.00054416	0.00047509	0.00043489	0.00041805	0.00040467	0.00039722	0.00039026	0.00038708	0.0003826596579
0.0060870958	0.00068227	0.00054109	0.00047249	0.00043293	0.00041581	0.00040231	0.00039499	0.00038804	0.00038474	0.0003802862328
0.006072572	0.0006791	0.00053804	0.00046992	0.00043103	0.00041359	0.00039999	0.00039278	0.00038584	0.00038243	0.0003779263675
0.0060580483	0.00067601	0.00053503	0.00046737	0.00042917	0.0004114	0.00039768	0.0003906	0.00038367	0.00038013	0.0003755872582
0.0060435252	0.00067299	0.00053205	0.00046486	0.00042737	0.00040923	0.00039541	0.00038832	0.00038152	0.00037786	0.0003732693694
0.0060290014	0.00067006	0.0005291	0.00046237	0.00042562	0.00040709	0.00039315	0.00038603	0.0003794	0.00037561	0.0003709633663
0.0060144778	0.00066721	0.00052618	0.00045992	0.00042392	0.00040498	0.00039092	0.00038377	0.0003773	0.00037338	0.0003686750571
0.0059999543	0.00066415	0.00052329	0.00045749	0.00042228	0.00040288	0.00038872	0.00038153	0.00037522	0.00037117	0.0003664037231
0.0059854307	0.00066039	0.00052043	0.00045509	0.00042043	0.00040082	0.00038654	0.00037932	0.00037316	0.00036898	0.0003641491972
0.0059709071	0.00065671	0.0005176	0.00045272	0.00041803	0.00039878	0.00038439	0.00037713	0.00037113	0.00036682	0.0003619112469
0.0059563837	0.00065309	0.0005148	0.00045038	0.00041566	0.00039676	0.00038226	0.00037497	0.00036913	0.00036467	0.0003596898566
0.0059418605	0.00064954	0.00051203	0.00044807	0.00041332	0.00039463	0.00038015	0.00037284	0.00036715	0.00036255	0.0003574850707
0.0059273368	0.00064606	0.00050929	0.00044578	0.000411	0.00039223	0.00037807	0.00037073	0.00036519	0.00036045	0.0003552962348
0.0059128131	0.00064264	0.00050658	0.00044352	0.00040872	0.00038986	0.00037602	0.00036865	0.00036309	0.00035837	0.0003531230567
0.0058982894	0.0006393	0.00050391	0.0004413	0.00040646	0.00038751	0.00037399	0.00036659	0.000361	0.00035632	0.0003509651852
0.0058837657	0.00063603	0.00050126	0.0004391	0.00040423	0.0003852	0.00037198	0.00036456	0.00035893	0.00035428	0.0003488224505
0.0058692419	0.00063282	0.00049864	0.00043693	0.00040203	0.00038291	0.00037	0.00036255	0.00035689	0.00035227	0.0003466948017
0.0058547181	0.00062968	0.00049605	0.00043478	0.00039986	0.00038065	0.00036805	0.00036057	0.00035486	0.00035028	0.0003445824957
0.0058401948	0.00062661	0.00049349	0.00043267	0.00039772	0.00037842	0.00036612	0.00035862	0.00035286	0.00034831	0.000342486025
0.005825671	0.00062361	0.00049096	0.00043059	0.0003956	0.00037622	0.00036421	0.00035669	0.00035088	0.00034636	0.0003404043539
0.0058111473	0.00062068	0.00048847	0.00042853	0.00039352	0.00037405	0.00036233	0.00035478	0.00034892	0.00034443	0.0003383374713
0.0057966235	0.00061782	0.000486	0.0004265	0.00039146	0.00037191	0.00036047	0.00035285	0.00034698	0.00034252	0.0003362852152
0.0057820998	0.00061502	0.00048356	0.0004245	0.00038943	0.00036979	0.00035864	0.00035084	0.00034506	0.00034064	0.0003342474773
0.005767576	0.00061229	0.00048115	0.00042253	0.00038743	0.0003677	0.00035683	0.00034884	0.00034317	0.00033878	0.0003322245809
0.0057530521	0.00060964	0.00047878	0.00042059	0.00038546	0.00036564	0.000355	0.00034687	0.0003413	0.00033694	0.0003302178722
0.0057385289	0.00060705	0.00047643	0.00041868	0.00038352	0.00036361	0.00035307	0.00034492	0.00033945	0.00033512	0.0003282264111
0.0057240052	0.00060453	0.00047411	0.00041679	0.0003816	0.00036161	0.00035116	0.000343	0.00033762	0.00033332	0.0003262500538
0.0057094814	0.00060207	0.00047183	0.00041494	0.00037972	0.00035964	0.00034927	0.00034109	0.00033578	0.00033154	0.0003242887557
0.0056949575	0.00059969	0.00046957	0.00041311	0.00037786	0.00035769	0.00034741	0.00033921	0.00033391	0.00032979	0.0003223425175
0.0056804339	0.00059737	0.00046735	0.00041131	0.00037603	0.00035577	0.00034557	0.00033735	0.00033206	0.00032805	0.0003204113652
0.0056659101	0.00059513	0.00046515	0.00040954	0.00037423	0.00035388	0.00034375	0.00033552	0.00033023	0.00032634	0.000318495296
0.0056513865	0.00059295	0.00046298	0.0004078	0.00037246	0.00035202	0.00034196	0.0003337	0.00032842	0.00032465	0.0003165943722
0.005636863	0.00059084	0.00046085	0.00040608	0.00037072	0.00035019	0.00034019	0.00033191	0.00032664	0.00032299	0.0003147085617
0.0056223394	0.0005888	0.00045874	0.0004044	0.000369	0.00034839	0.00033844	0.00033014	0.00032488	0.00032134	0.0003128378428
0.0056078156	0.00058683	0.00045667	0.00040274	0.00036732	0.00034661	0.00033671	0.0003284	0.00032315	0.00031971	0.0003109822123
0.0055932918	0.00058493	0.00045462	0.00040111	0.00036566	0.00034486	0.000335	0.00032666	0.00032144	0.00031803	0.0003091417627
0.0055787681	0.00058309	0.00045261	0.00039952	0.00036403	0.00034314	0.00033332	0.00032492	0.00031975	0.00031623	0.0003073164441
0.0055642443	0.00058132	0.00045063	0.00039794	0.00036243	0.00034145	0.00033166	0.0003232	0.00031808	0.00031445	0.0003055062084
0.0055497206	0.00057963	0.00044867	0.0003964	0.00036086	0.00033979	0.00032997	0.00032151	0.00031644	0.00031269	0.000303711007
0.0055351973	0.000578	0.00044675	0.00039489	0.00035932	0.00033816	0.00032811	0.00031984	0.00031483	0.00031095	0.0003019306974
0.0055206734	0.00057644	0.00044485	0.0003934	0.0003578	0.00033655	0.00032628	0.00031819	0.00031323	0.00030923	0.000300164818
0.0055061497	0.00057494	0.00044299	0.00039195	0.00035632	0.00033498	0.00032447	0.00031656	0.00031166	0.00030753	0.0002984130057
0.0054916258	0.00057352	0.00044116	0.00039052	0.00035486	0.00033343	0.00032268	0.00031496	0.00031011	0.00030586	0.0002966748251
0.0054771022	0.00057217	0.00043935	0.00038912	0.00035343	0.00033191	0.00032092	0.00031339	0.00030859	0.00030421	0.000294950272
0.0054625782	0.00057088	0.00043758	0.00038775	0.00035203	0.00033017	0.00031919	0.00031183	0.00030708	0.00030258	0.0002932391466
0.0054480546	0.00056966	0.00043584	0.00038641	0.00035066	0.00032845	0.00031749	0.0003103	0.0003056	0.00030097	0.0002915413253
0.0054335313	0.00056851	0.00043412	0.000385	0.00034932	0.00032675	0.0003158	0.0003088	0.00030396	0.00029938	0.0002898568941
0.0054190075	0.00056743	0.00043244	0.00038327	0.000348	0.00032508	0.00031415	0.00030732	0.00030234	0.00029781	0.0002881857412
0.0054044838	0.00056642	0.00043079	0.00038157	0.00034672	0.00032343	0.00031252	0.00030586	0.00030074	0.00029626	0.0002865279115
0.00538996	0.00056548	0.00042917	0.0003799	0.00034546	0.00032181	0.00031092	0.00030442	0.00029916	0.00029474	0.0002848833076
0.0053754362	0.0005646	0.00042758	0.00037826	0.00034423	0.00032022	0.00030934	0.00030301	0.00029761	0.00029324	0.0002832519981
0.0053609123	0.0005638	0.00042601	0.00037665	0.00034303	0.00031865	0.00030779	0.00030162	0.00029608	0.00029175	0.0002816340505
0.0053463887	0.00056306	0.00042439	0.00037507	0.00034186	0.00031711	0.00030626	0.00030026	0.00029457	0.00029029	0.0002800294473
0.005331865	0.00056239	0.00042251	0.00037353	0.00034072	0.0003156	0.00030476	0.00029883	0.00029308	0.00028886	0.0002784381419
0.0053173416	0.00056179	0.00042067	0.00037201	0.0003396	0.00031411	0.00030328	0.00029722	0.00029161	0.00028744	0.0002768602781
0.0053028177	0.00056126	0.00041886	0.00037017	0.00033823	0.00031264	0.00030184	0.00029561	0.00029017	0.00028604	0.0002752957155
0.005288294	0.0005608	0.00041709	0.0003683	0.00033675	0.0003112	0.00030041	0.00029402	0.00028875	0.00028467	0.0002737443994
0.00527377	0.0005604	0.00041535	0.00036647	0.0003353	0.00030979	0.00029901	0.00029246	0.00028734	0.00028331	0.0002722064098
0.0052592461	0.00056008	0.00041365	0.00036466	0.00033387	0.0003084	0.00029764	0.00029092	0.00028596	0.00028198	0.0002706817143
0.0052447225	0.00055982	0.00041198	0.00036288	0.00033247	0.00030704	0.0002963	0.0002894	0.00028461	0.00028067	0.0002691702618
0.005230199	0.00055963	0.00041035	0.00036113	0.00033094	0.00030571	0.00029498	0.00028791	0.00028327	0.00027938	0.0002676719475
0.0052156753	0.00055951	0.00040875	0.00035941	0.00032929	0.0003044	0.00029368	0.00028644	0.00028195	0.00027797	0.0002661866401
0.0052011508	0.00055946	0.00040718	0.00035771	0.00032767	0.00030311	0.00029241	0.00028499	0.00028066	0.00027651	0.0002647141607
0.0051866266	0.00055947	0.00040565	0.00035605	0.00032608	0.00030185	0.00029108	0.00028357	0.00027939	0.00027507	0.0002632545981
0.0051721025	0.00055674	0.00040416	0.00035441	0.00032452	0.00030062	0.00028964	0.00028217	0.00027814	0.00027365	0.0002618076106
0.005157578	0.00055401	0.0004027	0.0003528	0.00032298	0.00029941	0.00028822	0.0002808	0.00027683	0.00027225	0.0002603735958
0.0051430539	0.00055074	0.00040128	0.00035122	0.00032147	0.00029823	0.00028683	0.00027945	0.00027537	0.00027087	0.0002589525987
0.0051285298	0.00054752	0.00039989	0.00034966	0.00031999	0.00029708	0.00028546	0.00027812	0.00027393	0.00026951	0.0002575425829
0.0051140058	0.00054434	0.00039853	0.00034814	0.00031854	0.00029595	0.00028411	0.00027682	0.00027252	0.00026816	0.0002561438996
0.0050994815	0.00054121	0.00039721	0.00034664	0.00031712	0.00029484	0.00028279	0.00027554	0.00027112	0.00026683	0.0002547584597
0.0050849571	0.00053813	0.00039593	0.00034517	0.00031572	0.00029377	0.00028149	0.00027428	0.00026975	0.00026552	0.000253385219
0.0050704328	0.00053509	0.00039468	0.00034373	0.00031435	0.00029271	0.00028021	0.00027305	0.0002684	0.00026423	0.0002520234741
0.0050559084	0.0005321	0.00039347	0.00034231	0.00031301	0.00029169	0.00027896	0.00027184	0.00026707	0.00026296	0.0002506731658
0.0050413841	0.00052915	0.00039229	0.00034093	0.0003117	0.00029069	0.00027773	0.00027066	0.00026577	0.00026171	0.0002493296366
0.0050268599	0.00052626	0.00039114	0.00033957	0.00031042	0.00028971	0.00027653	0.0002695	0.00026449	0.00026047	0.0002480025267
0.005012336	0.0005234	0.00039003	0.00033824	0.00030916	0.00028876	0.00027535	0.00026836	0.00026322	0.00025925	0.0002466870434
0.0049978117	0.0005206	0.00038896	0.00033694	0.00030794	0.00028784	0.0002742	0.00026724	0.00026199	0.00025806	0.0002453865417
0.0049832876	0.00051784	0.00038792	0.00033567	0.00030674	0.00028694	0.00027306	0.00026598	0.00026066	0.00025688	0.0002440921228
0.0049687634	0.00051512	0.00038691	0.00033442	0.00030557	0.00028607	0.00027195	0.00026463	0.00025925	0.00025558	0.0002428071843
0.0049542394	0.00051246	0.00038594	0.00033321	0.00030442	0.00028522	0.00027087	0.00026331	0.00025785	0.00025425	0.0002415373851
0.0049397152	0.00050984	0.000385	0.00033202	0.00030331	0.0002844	0.00026981	0.00026201	0.00025648	0.00025295	0.0002402709361
0.0049251912	0.00050726	0.0003841	0.00033086	0.00030222	0.00028361	0.00026877	0.00026072	0.00025513	0.00025166	0.0002390176132
0.0049106679	0.00050473	0.00038324	0.00032973	0.00030116	0.00028255	0.00026776	0.00025946	0.00025379	0.0002504	0.000237773058
0.0048961445	0.00050225	0.00038235	0.00032862	0.00030013	0.00028129	0.00026677	0.00025822	0.00025248	0.00024915	0.0002365390625
0.0048816209	0.00049981	0.00038066	0.00032755	0.00029913	0.00028006	0.0002658	0.000257	0.00025119	0.00024792	0.0002353063994
0.0048670974	0.00049742	0.000379	0.0003265	0.00029815	0.00027885	0.00026486	0.0002558	0.00024991	0.0002467	0.0002340841838
0.0048525738	0.00049508	0.0003774	0.00032548	0.00029721	0.00027767	0.00026394	0.00025462	0.00024866	0.0002455	0.0002328693509
0.0048380502	0.00049278	0.00037584	0.00032449	0.00029629	0.00027651	0.00026298	0.00025346	0.00024743	0.00024432	0.0002316619021
0.0048235268	0.00049053	0.00037432	0.00032334	0.00029523	0.00027529	0.00026199	0.00025232	0.00024621	0.00024315	0.0002304618401
0.0048090037	0.00048832	0.00037285	0.00032219	0.00029418	0.00027401	0.00026103	0.0002512	0.00024502	0.00024201	0.0002292691555
0.0047944803	0.00048616	0.00037142	0.00032108	0.000293	0.00027277	0.00026009	0.0002501	0.00024385	0.00024089	0.0002280837635
0.0047799566	0.00048405	0.00037003	0.00032001	0.00029185	0.00027155	0.00025917	0.00024902	0.00024269	0.00023978	0.0002269056199
0.004765433	0.00048198	0.00036869	0.00031896	0.00029073	0.00027036	0.00025827	0.00024796	0.00024156	0.0002387	0.000225734833
0.0047509095	0.00047996	0.0003674	0.00031795	0.00028964	0.00026921	0.00025732	0.00024692	0.00024045	0.00023763	0.0002245715855
0.004736386	0.00047799	0.00036615	0.00031697	0.00028857	0.00026808	0.00025606	0.00024591	0.00023935	0.00023659	0.0002234156981
0.0047218625	0.00047606	0.00036494	0.00031602	0.00028753	0.00026699	0.00025482	0.00024491	0.00023828	0.00023556	0.0002222671751
0.0047073394	0.00047418	0.00036378	0.00031511	0.00028651	0.00026593	0.00025361	0.00024393	0.00023722	0.00023455	0.0002211260914
0.0046928158	0.00047234	0.00036267	0.00031422	0.00028553	0.0002649	0.00025241	0.00024298	0.00023619	0.00023351	0.0002199923523
0.0046782923	0.00047055	0.00036159	0.00031337	0.00028457	0.0002639	0.00025124	0.00024204	0.00023518	0.00023248	0.0002188660001
0.0046637686	0.00046881	0.00036057	0.00031256	0.00028363	0.00026293	0.0002501	0.00024112	0.00023418	0.00023148	0.0002177514124
0.0046492449	0.00046711	0.00035958	0.00031177	0.00028273	0.00026199	0.00024897	0.00024023	0.00023321	0.00023049	0.0002166368589
0.0046347214	0.00046546	0.00035864	0.00031102	0.00028185	0.00026109	0.00024787	0.00023935	0.00023225	0.00022953	0.0002155327653
0.0046201978	0.00046386	0.00035775	0.0003103	0.00028099	0.00026021	0.0002468	0.0002385	0.00023132	0.00022858	0.0002144358733
0.0046056747	0.0004623	0.0003569	0.00030961	0.00028005	0.00025936	0.00024575	0.00023767	0.0002304	0.00022749	0.0002133462038
0.0045911512	0.00046079	0.0003561	0.00030895	0.00027913	0.00025855	0.00024472	0.00023685	0.00022951	0.00022637	0.0002122634424
0.0045766277	0.00045932	0.00035534	0.00030833	0.00027824	0.00025777	0.00024371	0.00023606	0.00022864	0.00022527	0.0002111875966
0.0045621041	0.0004579	0.00035462	0.00030774	0.00027738	0.00025702	0.00024273	0.00023524	0.00022778	0.00022418	0.0002101186912
0.0045475807	0.00045653	0.00035395	0.00030718	0.00027655	0.0002563	0.00024177	0.0002342	0.00022695	0.00022309	0.0002090570257
0.0045330571	0.0004552	0.00035332	0.00030666	0.00027576	0.00025561	0.00024083	0.00023318	0.00022613	0.00022202	0.0002080019382
0.0045185337	0.00045392	0.00035246	0.00030616	0.00027488	0.00025495	0.00023992	0.00023218	0.00022534	0.00022097	0.0002069533011
0.0045040107	0.00045268	0.00035107	0.0003057	0.00027393	0.00025432	0.00023903	0.00023121	0.00022456	0.00021992	0.0002059114718
0.0044894871	0.00045149	0.00034972	0.00030528	0.00027301	0.00025372	0.00023816	0.00023026	0.00022381	0.00021889	0.0002048771782
0.0044749636	0.00045035	0.00034841	0.00030488	0.00027211	0.00025284	0.00023732	0.00022933	0.00022307	0.00021786	0.0002038529613
0.0044604401	0.00044925	0.00034715	0.00030438	0.00027124	0.00025191	0.0002365	0.00022843	0.00022236	0.00021685	0.00020282793
0.0044459166	0.0004482	0.00034592	0.0003036	0.00027039	0.00025101	0.0002357	0.00022755	0.00022166	0.00021585	0.0002018144854
0.0044313931	0.0004472	0.00034467	0.00030218	0.00026956	0.00025013	0.00023493	0.00022669	0.00022073	0.00021487	0.0002008079659
0.0044168695	0.00044624	0.00034338	0.00030071	0.00026876	0.00024927	0.00023418	0.00022585	0.00021979	0.00021389	0.0001998083744
0.0044023465	0.00044533	0.00034212	0.00029928	0.00026798	0.00024844	0.00023345	0.00022504	0.00021886	0.00021293	0.0001988157522
0.0043878229	0.00044446	0.00034092	0.0002979	0.00026723	0.00024763	0.00023275	0.00022425	0.00021794	0.00021197	0.0001978300052
0.0043732993	0.00044365	0.00033976	0.00029656	0.0002665	0.00024685	0.00023207	0.00022348	0.00021704	0.00021103	0.000196851156
0.0043587758	0.00044287	0.00033865	0.00029527	0.00026579	0.00024609	0.00023141	0.00022273	0.00021615	0.0002101	0.0001958791879
0.0043442522	0.00044215	0.00033758	0.00029402	0.0002651	0.00024535	0.00023078	0.00022201	0.00021526	0.00020919	0.0001949140611
0.0043297284	0.00044146	0.00033656	0.00029282	0.00026444	0.00024463	0.00023017	0.00022131	0.0002144	0.00020828	0.0001939557393
0.0043152047	0.00044083	0.00033558	0.00029166	0.00026381	0.00024394	0.00022945	0.00022064	0.00021354	0.00020739	0.0001930041673
0.0043006815	0.00044024	0.00033465	0.00029055	0.00026319	0.00024328	0.00022844	0.00021985	0.00021269	0.00020651	0.0001920623908
0.0042861578	0.0004397	0.00033376	0.00028948	0.00026255	0.00024253	0.00022745	0.00021906	0.00021186	0.00020564	0.000191124232
0.0042716342	0.0004392	0.00033292	0.00028842	0.00026147	0.00024153	0.00022647	0.00021828	0.00021104	0.00020478	0.0001901929753
0.0042571104	0.00043875	0.00033213	0.0002874	0.00026043	0.00024054	0.0002255	0.00021751	0.00021023	0.00020393	0.0001892684643
0.0042425867	0.00043835	0.00033138	0.00028642	0.00025944	0.00023957	0.00022455	0.00021676	0.00020943	0.0002031	0.0001883507418
0.004228063	0.00043799	0.00033068	0.00028549	0.00025849	0.00023861	0.00022362	0.00021601	0.00020865	0.00020228	0.0001874400199
0.0042135393	0.00043768	0.00033002	0.0002846	0.00025758	0.00023766	0.0002227	0.00021528	0.00020788	0.00020147	0.000186536363
0.0041990161	0.00043637	0.00032941	0.00028376	0.00025672	0.00023673	0.00022179	0.00021433	0.00020711	0.00020067	0.000185639538
0.0041844923	0.00043285	0.00032884	0.00028296	0.0002559	0.00023581	0.0002209	0.0002134	0.00020635	0.00019988	0.0001847493388
0.0041699685	0.00042947	0.00032832	0.00028221	0.00025512	0.00023491	0.00022002	0.00021247	0.0002056	0.0001991	0.0001838609378
0.0041554447	0.00042622	0.00032785	0.00028151	0.00025439	0.00023402	0.00021915	0.00021157	0.00020486	0.00019834	0.0001829841092
0.004140921	0.00042312	0.00032742	0.00028085	0.00025366	0.00023315	0.0002183	0.00021068	0.00020414	0.00019759	0.0001821141984
0.0041263972	0.00042015	0.00032703	0.00028023	0.00025262	0.00023229	0.00021747	0.0002098	0.00020337	0.00019685	0.0001812511989
0.0041118735	0.00041732	0.0003262	0.00027966	0.00025162	0.00023144	0.00021665	0.00020894	0.00020247	0.00019612	0.0001803951219
0.0040973502	0.00041464	0.00032508	0.00027913	0.00025066	0.00023061	0.00021584	0.00020809	0.00020158	0.0001954	0.0001795459786
0.0040828264	0.00041209	0.000324	0.00027824	0.00024973	0.00022979	0.00021505	0.00020725	0.0002007	0.0001947	0.0001787088397
0.0040683026	0.00040968	0.00032297	0.00027736	0.00024884	0.00022899	0.00021427	0.00020643	0.00019984	0.000194	0.0001778722378
0.0040537789	0.00040741	0.00032199	0.00027654	0.00024799	0.00022821	0.00021351	0.00020563	0.00019899	0.00019332	0.0001770420197
0.0040392551	0.00040528	0.00032105	0.00027576	0.00024718	0.00022743	0.00021276	0.00020484	0.00019816	0.00019265	0.0001762204826
0.0040247314	0.00040328	0.00032016	0.00027503	0.0002464	0.00022667	0.00021203	0.00020406	0.00019734	0.00019199	0.0001754058641
0.0040102075	0.00040143	0.00031932	0.00027413	0.00024565	0.00022593	0.00021131	0.00020329	0.00019654	0.00019135	0.0001745981427
0.0039956843	0.00039972	0.00031852	0.00027326	0.0002448	0.0002252	0.0002106	0.00020255	0.00019575	0.00019071	0.0001737973621
0.0039811605	0.00039814	0.00031777	0.00027242	0.00024396	0.00022448	0.00020991	0.00020181	0.00019497	0.00019005	0.0001730034435
0.0039666368	0.0003967	0.00031707	0.00027161	0.00024314	0.00022378	0.00020923	0.00020109	0.00019421	0.00018926	0.0001722164176
0.0039521131	0.00039541	0.00031641	0.00027073	0.00024234	0.0002231	0.00020857	0.00020038	0.00019346	0.00018848	0.0001714362711
0.0039375892	0.00039425	0.00031563	0.00026991	0.00024155	0.00022242	0.00020792	0.00019969	0.00019273	0.00018771	0.0001706629858
0.0039230654	0.00039323	0.00031464	0.00026912	0.00024077	0.00022177	0.00020729	0.00019901	0.00019201	0.00018696	0.0001698966011
0.0039085416	0.00039235	0.00031372	0.00026839	0.00024001	0.00022112	0.00020667	0.00019835	0.0001913	0.00018621	0.0001691371649
0.0038940181	0.00039161	0.00031287	0.0002677	0.00023927	0.00022049	0.00020606	0.0001977	0.00019058	0.00018548	0.0001683844926
0.0038794942	0.000391	0.00031208	0.00026705	0.00023854	0.00021988	0.00020547	0.00019707	0.00018986	0.00018476	0.0001676385645
0.0038649705	0.00039054	0.00031135	0.00026646	0.00023782	0.00021928	0.0002049	0.00019645	0.00018916	0.00018405	0.0001668997107
0.0038504467	0.00039022	0.00031069	0.0002659	0.00023712	0.00021869	0.00020433	0.00019584	0.00018847	0.00018336	0.0001661674168
0.0038359228	0.00039003	0.0003101	0.0002654	0.00023643	0.00021812	0.00020379	0.00019525	0.00018779	0.00018267	0.0001654418155
0.003821399	0.00038999	0.00030957	0.00026494	0.00023576	0.00021729	0.00020297	0.00019467	0.00018712	0.000182	0.0001647229003
0.0038068754	0.00039008	0.00030911	0.00026413	0.00023511	0.00021645	0.00020214	0.00019409	0.00018647	0.00018134	0.0001640106632
0.0037923519	0.00039031	0.00030871	0.00026301	0.00023446	0.00021563	0.00020132	0.00019335	0.00018583	0.00018069	0.0001633050903
0.0037778278	0.00039068	0.00030838	0.00026193	0.00023384	0.00021482	0.00020053	0.00019262	0.00018519	0.00018005	0.0001626061603
0.0037633043	0.00039119	0.00030812	0.00026086	0.00023322	0.00021404	0.00019975	0.00019191	0.00018458	0.00017938	0.0001619139308
0.0037487804	0.00039184	0.00030744	0.00025983	0.00023244	0.00021327	0.00019899	0.00019121	0.00018397	0.00017869	0.0001612285507
0.0037342567	0.00038688	0.00030673	0.00025881	0.00023147	0.00021252	0.00019825	0.00019053	0.00018335	0.00017802	0.0001605498341
0.0037197328	0.00038121	0.00030608	0.00025782	0.00023052	0.00021164	0.00019753	0.00018986	0.00018271	0.00017737	0.0001598777421
0.0037052091	0.00037602	0.00030406	0.00025686	0.00022959	0.00021073	0.00019682	0.00018921	0.0001821	0.00017673	0.0001592123654
0.0036906853	0.00037131	0.00030097	0.00025592	0.00022868	0.00020985	0.00019614	0.00018851	0.00018149	0.0001761	0.0001585536543
0.0036761615	0.00036708	0.00029834	0.00025501	0.00022779	0.000209	0.00019548	0.00018768	0.0001809	0.00017549	0.0001579015817
0.0036616376	0.00036333	0.00029617	0.00025412	0.00022692	0.00020817	0.00019483	0.00018688	0.00018033	0.0001749	0.0001572561634
0.0036471141	0.00036006	0.00029447	0.00025325	0.00022607	0.00020736	0.0001942	0.0001861	0.00017977	0.00017432	0.0001566172717
0.0036325901	0.00035727	0.00029322	0.00025241	0.00022524	0.00020658	0.00019359	0.00018533	0.00017911	0.00017375	0.0001559850141
0.0036180663	0.00035496	0.00029238	0.00025123	0.00022444	0.00020583	0.00019301	0.00018458	0.00017835	0.0001732	0.0001553597249
0.0036035425	0.00035313	0.00029147	0.00024868	0.00022365	0.0002051	0.00019244	0.00018386	0.0001776	0.00017266	0.0001547410797
0.0035890185	0.00035178	0.00029037	0.00024658	0.00022288	0.00020439	0.00019188	0.00018315	0.00017688	0.00017214	0.0001541290232
0.0035744947	0.00035091	0.00028768	0.00024491	0.00022213	0.00020371	0.00019135	0.00018246	0.00017617	0.00017157	0.0001535236915
0.0035599704	0.00035052	0.00028544	0.00024369	0.0002214	0.00020297	0.00019067	0.00018179	0.00017548	0.00017087	0.0001529253258
0.0035454466	0.00035061	0.00028366	0.00024291	0.0002207	0.00020225	0.00018994	0.00018113	0.00017481	0.00017019	0.0001523340128
0.0035309226	0.00035118	0.00028233	0.00024257	0.00022001	0.00020155	0.00018922	0.0001805	0.00017416	0.00016953	0.0001517497647
0.0035163985	0.00035223	0.00028145	0.00024267	0.0002192	0.00020087	0.00018853	0.00017988	0.00017353	0.00016888	0.0001511725911
0.0035018746	0.00035376	0.00028103	0.00024321	0.00021828	0.00020021	0.00018786	0.00017929	0.00017292	0.00016825	0.0001506025056
0.0034873504	0.00035577	0.00028106	0.00024409	0.00021739	0.00019957	0.0001872	0.00017871	0.00017233	0.00016765	0.0001500395098
0.0034728264	0.00035826	0.00028155	0.00024318	0.00021651	0.00019895	0.00018657	0.00017815	0.00017175	0.00016706	0.000149483608
0.0034583024	0.00036123	0.00028248	0.0002423	0.00021566	0.00019835	0.00018595	0.00017758	0.00017119	0.00016649	0.0001489347888
0.0034437783	0.00036468	0.00028388	0.00024145	0.00021482	0.00019776	0.00018535	0.00017697	0.00017066	0.00016594	0.0001483929963
0.0034292545	0.00036415	0.00028279	0.00024063	0.00021401	0.0001972	0.00018477	0.00017638	0.00017014	0.00016541	0.0001478580951
0.0034147307	0.00036353	0.00027794	0.00023983	0.00021322	0.00019665	0.00018421	0.00017581	0.00016964	0.00016489	0.0001473299269
0.0034002071	0.00036319	0.00027477	0.00023906	0.00021245	0.00019612	0.00018367	0.00017526	0.00016913	0.00016426	0.0001468084361
0.0033856832	0.00036312	0.00027328	0.00023832	0.0002117	0.00019561	0.00018315	0.00017473	0.00016848	0.00016361	0.0001462936326
0.0033711597	0.00036333	0.00027347	0.0002376	0.00021097	0.00019512	0.00018265	0.00017417	0.00016784	0.00016297	0.0001457856255
0.0033566358	0.00036381	0.00027534	0.00023691	0.00021026	0.00019449	0.00018217	0.00017363	0.00016722	0.00016234	0.0001452840049
0.0033421119	0.00036456	0.0002789	0.00023625	0.00020957	0.00019385	0.0001817	0.0001731	0.00016662	0.00016173	0.0001447886306
0.0033275878	0.00036559	0.00028343	0.00023562	0.00020891	0.00019322	0.00018126	0.00017258	0.00016603	0.00016114	0.0001442990308
0.0033130635	0.00035147	0.00028089	0.00023501	0.00020826	0.00019262	0.00018083	0.00017208	0.00016545	0.00016054	0.0001438151218
0.0032985396	0.00034222	0.000279	0.00023443	0.00020763	0.00019204	0.00018042	0.00017159	0.00016489	0.00015988	0.0001433368805
0.0032840154	0.00033775	0.00027776	0.00023388	0.00020703	0.00019148	0.00018003	0.00017112	0.00016434	0.00015925	0.0001428644124
0.0032694913	0.00033809	0.00027716	0.00023336	0.00020645	0.00019095	0.00017966	0.00017067	0.00016381	0.00015862	0.0001423976394
0.003254967	0.00034322	0.00027688	0.00023286	0.00020588	0.00019043	0.0001793	0.00017023	0.00016329	0.00015801	0.000141936584
0.003240443	0.00035316	0.00027535	0.00023239	0.00020534	0.00018993	0.00017871	0.0001698	0.00016279	0.00015742	0.0001414813677
0.003225919	0.00035932	0.00027426	0.00023195	0.00020482	0.00018945	0.00017814	0.00016939	0.0001623	0.00015684	0.0001410317843
0.0032113947	0.00035109	0.00027362	0.00023154	0.00020432	0.000189	0.00017759	0.000169	0.00016183	0.00015627	0.0001405878395
0.0031968707	0.0003442	0.00027342	0.00023115	0.00020384	0.00018847	0.00017691	0.00016849	0.00016137	0.00015571	0.0001401495717
0.0031823466	0.00033864	0.00027367	0.00023079	0.00020338	0.00018767	0.00017622	0.00016801	0.00016093	0.00015517	0.0001397169573
0.0031678225	0.00033443	0.00027403	0.00023039	0.00020295	0.00018689	0.00017556	0.00016754	0.0001605	0.00015465	0.0001392901743
0.0031532982	0.00033156	0.00027324	0.00022949	0.00020253	0.00018616	0.00017494	0.00016708	0.00016009	0.00015414	0.0001388691678
0.0031387742	0.00033003	0.00027248	0.00022835	0.00020213	0.00018546	0.00017436	0.00016664	0.00015969	0.00015364	0.000138453905
0.0031242501	0.00032983	0.00027176	0.00022725	0.00020151	0.00018479	0.00017381	0.00016616	0.0001593	0.00015315	0.0001380443864
0.003109726	0.00033098	0.00027078	0.0002262	0.00020081	0.00018416	0.00017329	0.00016565	0.00015883	0.00015268	0.000137640639
0.0030952017	0.00033347	0.00026928	0.0002252	0.00020015	0.00018357	0.00017281	0.00016515	0.00015833	0.00015223	0.0001372426148
0.0030806777	0.0003373	0.00026784	0.00022424	0.00019954	0.00018301	0.00017236	0.00016467	0.00015784	0.00015178	0.0001368501911
0.0030661535	0.00034247	0.00026643	0.00022333	0.00019897	0.00018248	0.00017195	0.00016421	0.00015737	0.00015136	0.0001364631094
0.0030516292	0.00034429	0.00026508	0.00022247	0.00019798	0.00018199	0.00017156	0.00016376	0.00015691	0.00015094	0.0001360811205
0.0030371051	0.00034379	0.00026378	0.00022164	0.00019701	0.00018142	0.00017107	0.00016333	0.00015646	0.00015054	0.0001357040772
0.0030225807	0.00034402	0.00026252	0.00022087	0.00019608	0.00018073	0.0001706	0.00016291	0.00015603	0.00015015	0.0001353318825
0.0030080563	0.00034501	0.00026131	0.00022014	0.0001952	0.00018008	0.00017014	0.00016243	0.0001556	0.00014978	0.0001349647095
0.0029935317	0.00034674	0.00026015	0.00021945	0.00019436	0.00017948	0.0001697	0.00016188	0.00015511	0.00014942	0.0001346018095
0.0029790076	0.00034922	0.00025904	0.00021881	0.00019356	0.00017891	0.00016928	0.00016135	0.00015464	0.00014908	0.0001342436179
0.0029644831	0.00035078	0.00025798	0.00021822	0.0001928	0.00017839	0.00016887	0.00016083	0.00015418	0.00014874	0.0001338901522
0.0029499588	0.00034858	0.00025696	0.00021767	0.0001921	0.00017791	0.00016848	0.00016033	0.00015373	0.00014843	0.0001335418547
0.0029354345	0.00034644	0.00025599	0.00021716	0.00019143	0.00017747	0.00016811	0.00015984	0.00015331	0.00014812	0.0001331978306
0.0029209102	0.00034436	0.00025508	0.0002167	0.00019081	0.00017707	0.00016775	0.00015937	0.00015289	0.00014783	0.0001328580137
0.0029063857	0.00034233	0.0002542	0.00021596	0.00019023	0.00017671	0.00016741	0.00015892	0.0001525	0.00014756	0.000132523
0.0028918612	0.00034035	0.00025338	0.00021496	0.00018969	0.0001764	0.00016709	0.00015848	0.00015211	0.0001473	0.0001321928658
0.002877337	0.00033843	0.00025261	0.00021402	0.0001892	0.00017613	0.00016678	0.00015806	0.00015175	0.00014705	0.0001318676282
0.0028628125	0.00033657	0.00025188	0.00021312	0.00018875	0.0001759	0.0001665	0.00015928	0.0001514	0.00014682	0.0001315470418
0.0028482881	0.00033476	0.0002512	0.00021227	0.00018835	0.00017571	0.00016618	0.00015888	0.00015106	0.0001466	0.0001312309678
0.0028337641	0.00033301	0.00025057	0.00021147	0.00018799	0.00017505	0.0001659	0.00015842	0.00015074	0.00014639	0.0001309194035
0.0028192399	0.00033131	0.00024999	0.00021072	0.00018767	0.00017441	0.00016565	0.00015793	0.00015044	0.0001462	0.0001306125874
0.0028047156	0.00032967	0.00024945	0.00021001	0.0001874	0.00017381	0.00016529	0.00015617	0.00015015	0.00014585	0.0001303107314
0.0027901914	0.00032809	0.00024896	0.00020935	0.00018717	0.00017325	0.00016472	0.00015584	0.00014987	0.00014531	0.0001300137554
0.0027756675	0.00032656	0.00024853	0.00020874	0.00018698	0.00017273	0.00016417	0.00015553	0.00014961	0.00014503	0.0001297216336
0.0027611433	0.00032509	0.00024814	0.00020818	0.00018684	0.00017225	0.00016365	0.00015523	0.00014925	0.00014477	0.0001294342998
0.0027466191	0.00032367	0.00024779	0.00020767	0.00018674	0.00017181	0.00016315	0.00015495	0.00014886	0.00014452	0.0001291523921
0.0027320953	0.00032231	0.0002475	0.0002072	0.00018669	0.00017141	0.00016268	0.00015468	0.00014848	0.00014425	0.0001288755474
0.002717571	0.000321	0.00024725	0.00020678	0.00018667	0.00017105	0.00016224	0.00015443	0.00014813	0.000144	0.0001286036588
0.0027030469	0.00031975	0.00024705	0.00020641	0.00018568	0.00017073	0.00016183	0.00015419	0.00014779	0.00014376	0.0001283367849
0.0026885227	0.00031856	0.0002469	0.00020563	0.00018458	0.00017045	0.00016144	0.00015397	0.00014746	0.00014342	0.0001280749512
0.0026739988	0.00031742	0.0002468	0.00020488	0.00018355	0.00017021	0.00016108	0.00015377	0.00014786	0.00014334	0.0001278182819
0.0026594746	0.00031633	0.00024675	0.00020419	0.00018258	0.00017	0.00016075	0.00015358	0.0001475	0.00014316	0.0001275669318
0.0026449503	0.0003153	0.00024674	0.00020357	0.00018167	0.00016984	0.00016045	0.00015341	0.00014716	0.000143	0.0001273208171
0.0026304261	0.00031433	0.00024679	0.00020301	0.00018083	0.00016972	0.00016017	0.00015298	0.00014685	0.00014287	0.0001270798971
0.0026159019	0.00031342	0.00024688	0.00020251	0.00018005	0.00016963	0.00015992	0.00015256	0.00014608	0.00014181	0.0001268441357
0.0026013777	0.00031255	0.0002465	0.00020208	0.00017933	0.00016954	0.00015969	0.00015217	0.00014585	0.00014155	0.0001266135354
0.0025868534	0.00031175	0.00024614	0.00020172	0.00017867	0.0001693	0.00015949	0.00015181	0.00014564	0.00014131	0.0001263881854
0.0025723292	0.000311	0.00024584	0.00020142	0.00017807	0.00016907	0.00015932	0.00015106	0.00014539	0.00014109	0.0001261687945
0.002557805	0.00031031	0.00024561	0.00020118	0.00017754	0.00016876	0.00015918	0.00015081	0.00014498	0.0001409	0.0001259542381
0.0025432808	0.00030967	0.00024544	0.000201	0.00017707	0.00016847	0.00015889	0.00015057	0.00014459	0.00014072	0.0001257446164
0.0025287568	0.00030908	0.00024523	0.00020089	0.00017666	0.00016821	0.00015854	0.0001503	0.00014423	0.00014056	0.0001255408891
0.0025142323	0.00030856	0.00024496	0.00020018	0.00017632	0.00016798	0.00015821	0.00014982	0.0001439	0.00014043	0.0001253358502
0.0024997078	0.00030809	0.00024371	0.00019947	0.00017603	0.00016778	0.00015791	0.00014937	0.00014359	0.00014015	0.0001251414556
0.0024851834	0.00030767	0.00024231	0.00019882	0.00017581	0.00016761	0.00015764	0.00014894	0.00014331	0.00013981	0.000124952031
0.0024706589	0.00030731	0.00024091	0.00019823	0.00017565	0.00016747	0.00015734	0.00014854	0.00014306	0.0001395	0.0001247674723
0.0024561343	0.00030701	0.00023961	0.0001977	0.00017556	0.00016735	0.00015705	0.00014817	0.00014283	0.00013922	0.0001245878055
0.0024416099	0.00030676	0.0002384	0.00019722	0.00017552	0.00016721	0.00015658	0.00014783	0.00014263	0.00013897	0.0001244130168
0.0024270853	0.00030657	0.00023728	0.00019681	0.00017555	0.00016712	0.00015602	0.00014752	0.00014245	0.00013874	0.00012424296
0.0024125609	0.00030643	0.00023626	0.00019645	0.00017564	0.0001669	0.00015549	0.00014723	0.00014229	0.00013853	0.0001240777026
0.0023980363	0.00030635	0.00023533	0.00019614	0.0001758	0.00016641	0.00015499	0.00014698	0.00014199	0.00013835	0.0001239172624
0.0023835118	0.00030632	0.00023449	0.0001959	0.00017601	0.00016597	0.00015453	0.00014675	0.00014172	0.0001382	0.0001237616457
0.0023689874	0.00030635	0.00023375	0.00019571	0.00017629	0.00016556	0.0001541	0.00014655	0.00014147	0.00013807	0.00012361085
0.0023544629	0.00030644	0.0002331	0.00019558	0.00017663	0.00016519	0.0001537	0.00014637	0.00014126	0.00013797	0.0001234648949
0.0023399383	0.00030658	0.00023255	0.00019551	0.00017703	0.00016485	0.00015333	0.00014623	0.00014107	0.00013777	0.0001233237738
0.0023254137	0.00030677	0.00023209	0.00019517	0.0001775	0.0001648	0.00015299	0.00014611	0.00014091	0.00013752	0.0001231874611
0.0023108894	0.00030703	0.00023172	0.00019467	0.00017782	0.00016449	0.00015268	0.00014602	0.00014077	0.00013729	0.0001230559565
0.0022963648	0.00030733	0.00023145	0.00019426	0.00017784	0.00016423	0.00015241	0.00014571	0.00014066	0.00013707	0.0001229292732
0.0022818402	0.0003077	0.00023127	0.00019394	0.00017783	0.00016387	0.00015216	0.00014535	0.00014059	0.00013688	0.0001228074314
0.002267316	0.00030812	0.00023118	0.00019372	0.00017756	0.00016372	0.00015195	0.00014503	0.00014054	0.0001367	0.0001226904266
0.0022527914	0.00030821	0.00023119	0.00019359	0.00017733	0.0001636	0.00015177	0.00014475	0.0001405	0.00013654	0.0001225783896
0.0022382669	0.0003075	0.00023129	0.00019355	0.00017715	0.00016352	0.00015162	0.0001445	0.00014025	0.0001364	0.000122471372
0.0022237424	0.00030688	0.00023149	0.00019361	0.00017703	0.00016345	0.0001515	0.00014429	0.00014003	0.00013624	0.0001223692771
0.0022092182	0.00030636	0.00023178	0.00019376	0.00017695	0.0001631	0.00015142	0.00014412	0.00013982	0.00013604	0.0001222723384
0.0021946939	0.00030594	0.00023216	0.00019401	0.00017693	0.0001627	0.00015136	0.00014398	0.00013963	0.00013586	0.0001221806395
0.0021801695	0.00030561	0.00023082	0.00019434	0.00017696	0.00016232	0.00015134	0.00014387	0.00013946	0.00013569	0.00012209482
0.0021656453	0.00030539	0.00022964	0.00019477	0.00017704	0.00016199	0.00015135	0.0001438	0.00013931	0.00013555	0.0001220148149
0.0021511209	0.00030526	0.00022863	0.00019465	0.00017717	0.00016169	0.00015139	0.00014377	0.00013918	0.00013539	0.0001219404744
0.0021365962	0.00030523	0.0002278	0.00019459	0.00017707	0.00016143	0.00015146	0.00014377	0.00013894	0.00013524	0.0001218715157
0.0021220716	0.0003053	0.00022715	0.0001947	0.00017713	0.00016121	0.00015113	0.00014381	0.00013866	0.00013511	0.000121807665
0.002107547	0.000304	0.00022666	0.00019497	0.00017724	0.00016102	0.00015079	0.00014388	0.0001384	0.00013495	0.0001217489547
0.0020930221	0.0003019	0.00022635	0.0001954	0.00017713	0.00016087	0.0001505	0.00014382	0.00013817	0.00013477	0.0001216952156
0.0020784972	0.0003	0.00022592	0.00019555	0.00017706	0.00016076	0.00015026	0.00014355	0.00013797	0.00013462	0.0001216464381
0.0020639726	0.00029829	0.00022552	0.00019551	0.00017702	0.00016068	0.00015006	0.00014331	0.00013779	0.00013449	0.0001216020593
0.0020494479	0.00029678	0.00022521	0.00019557	0.00017703	0.00016064	0.00014991	0.0001431	0.00013764	0.00013439	0.0001215630121
0.002034923	0.00029546	0.00022502	0.00019573	0.00017707	0.00016064	0.00014981	0.00014291	0.00013752	0.00013431	0.0001215270671
0.0020203983	0.00029434	0.00022493	0.000196	0.00017684	0.00016055	0.00014976	0.00014275	0.00013742	0.00013425	0.0001214987073
0.0020058738	0.00029341	0.00022495	0.00019638	0.00017634	0.00016042	0.00014975	0.00014261	0.00013734	0.00013423	0.0001214701125
0.0019913492	0.00029268	0.00022507	0.00019595	0.0001757	0.00016033	0.00014979	0.0001425	0.00013729	0.00013416	0.0001214488965
0.0019768245	0.00029214	0.0002253	0.00019555	0.00017513	0.0001603	0.00014988	0.00014241	0.00013727	0.00013409	0.0001214346299
0.0019623002	0.0002918	0.00022564	0.00019525	0.00017463	0.00016031	0.00015002	0.00014236	0.00013727	0.00013404	0.0001214244927
0.0019477755	0.00029165	0.00022608	0.00019505	0.00017421	0.00016001	0.0001502	0.00014232	0.00013729	0.00013402	0.0001214148192
