0.001145780204	0.00044975	0.00030978	0.00026628	0.0002355	0.00021786	0.00020925	0.00020185	0.00019659	0.00019234	0.0001677486691
0.001165440116	0.00043391	0.00030792	0.00026527	0.00023434	0.00021746	0.00020935	0.00020225	0.00019652	0.00019193	0.0001677568306
0.001185100028	0.00042226	0.00030624	0.00026445	0.00023338	0.00021723	0.00020961	0.00020276	0.00019628	0.00019205	0.0001677812996
0.00120475994	0.0004148	0.00030476	0.00026358	0.00023259	0.00021716	0.00020991	0.00020337	0.00019606	0.00019235	0.0001678219555
0.001224419852	0.00041154	0.00030347	0.00026224	0.00023198	0.00021726	0.00020992	0.00020295	0.00019752	0.00019246	0.0001678772444
0.001244079764	0.00041246	0.00030236	0.00026108	0.00023155	0.00021752	0.0002101	0.00020254	0.00019584	0.00019215	0.0001679479407
0.001263739676	0.00041758	0.00030145	0.00026012	0.00023131	0.00021795	0.00021031	0.00020234	0.00019583	0.00019214	0.0001680338663
0.001283399588	0.00042689	0.00030072	0.00025935	0.00023125	0.00021854	0.00020994	0.00020216	0.00019589	0.00019208	0.0001681415081
0.0013030595	0.00043978	0.00030019	0.00025876	0.00023136	0.0002193	0.00020952	0.00020206	0.00019601	0.00019188	0.0001682573429
0.001322719412	0.00044117	0.00029985	0.00025837	0.00023166	0.00022022	0.00020918	0.00020204	0.0001962	0.00019168	0.0001683869946
0.001342379324	0.00044443	0.0002997	0.00025817	0.00023215	0.00022131	0.00020894	0.00020211	0.00019646	0.00019162	0.0001685242446
0.001362039236	0.00044957	0.00029973	0.00025815	0.00023281	0.00022241	0.00020878	0.00020224	0.00019679	0.00019157	0.0001686821813
0.001381699148	0.00045657	0.00029996	0.00025833	0.00023365	0.00022323	0.00020871	0.00020216	0.00019718	0.00019158	0.0001688515756
0.00140135906	0.00046545	0.00030038	0.0002587	0.00023468	0.00022412	0.00020873	0.00020217	0.00019715	0.00019164	0.0001690338695
0.001421018972	0.00046835	0.00030099	0.00025925	0.00023588	0.00022411	0.00020884	0.00020227	0.00019683	0.00019175	0.0001692279924
0.001440678884	0.00046447	0.00030179	0.00026	0.00023727	0.0002242	0.00020904	0.00020245	0.00019658	0.00019192	0.0001694417141
0.001460338796	0.00046084	0.00030278	0.00026094	0.00023884	0.00022432	0.00020933	0.00020225	0.0001964	0.00019214	0.0001696545558
0.001479998708	0.00045747	0.00030396	0.00026207	0.00024059	0.00022441	0.00020971	0.00020212	0.00019629	0.0001922	0.0001698916288
0.00149965862	0.00045412	0.00030533	0.00026339	0.00024252	0.00022459	0.00021017	0.00020207	0.00019625	0.00019214	0.0001701337571
0.001519318532	0.00045081	0.00030689	0.00026489	0.00024463	0.00022487	0.00021073	0.00020209	0.00019628	0.00019215	0.0001703854398
0.001538978444	0.00044773	0.00030864	0.00026659	0.00024501	0.00022524	0.00021137	0.00020217	0.00019639	0.00019223	0.0001706510349
0.001558638356	0.00044486	0.00031058	0.00026848	0.00024488	0.0002257	0.00021211	0.00020234	0.00019656	0.00019238	0.000170929661
0.001578298268	0.00044221	0.00031271	0.00027056	0.00024486	0.00022625	0.00021293	0.00020257	0.00019681	0.00019261	0.0001712137344
0.00159795818	0.00043978	0.00031503	0.00027228	0.00024493	0.00022689	0.00021384	0.00020287	0.00019713	0.00019291	0.0001715106265
0.001617618092	0.00043757	0.00031754	0.00027203	0.00024511	0.00022762	0.00021484	0.00020325	0.00019752	0.00019328	0.0001718180167
0.001637278004	0.00043558	0.00032024	0.00027188	0.00024539	0.00022845	0.00021593	0.00020369	0.00019799	0.00019372	0.0001721368697
0.001656937916	0.00043381	0.00032313	0.00027184	0.00024576	0.00022937	0.00021688	0.00020421	0.00019852	0.00019423	0.000172467396
0.001676597828	0.00043226	0.00032621	0.0002719	0.00024624	0.00023038	0.00021702	0.0002048	0.00019913	0.00019481	0.0001728080633
0.00169625774	0.00043093	0.00032949	0.00027207	0.00024682	0.00023148	0.00021724	0.00020546	0.0001998	0.00019547	0.0001731605777
0.001715917652	0.00042982	0.00033295	0.00027233	0.0002475	0.00023267	0.00021754	0.0002062	0.00020055	0.00019619	0.0001735236725
0.001735577564	0.00042893	0.0003366	0.00027271	0.00024828	0.00023395	0.00021792	0.000207	0.00020138	0.00019691	0.0001738978055
0.001755237476	0.00042826	0.00033808	0.00027318	0.00024916	0.00023449	0.00021838	0.00020788	0.00020227	0.0001973	0.0001742883099
0.001774897388	0.0004278	0.00033832	0.00027376	0.00025014	0.00023481	0.00021893	0.00020883	0.00020286	0.00019774	0.0001746789218
0.0017945573	0.00042757	0.00033877	0.00027445	0.00025122	0.00023521	0.00021955	0.00020985	0.00020331	0.00019823	0.000175087138
0.001814217212	0.00042756	0.00033944	0.00027523	0.0002524	0.00023569	0.00022025	0.00021094	0.0002038	0.00019876	0.0001755046261
0.001833877124	0.00042777	0.00034033	0.00027613	0.00025368	0.00023625	0.00022103	0.0002121	0.00020434	0.00019933	0.0001759341599
0.001853537036	0.0004282	0.00034143	0.00027712	0.00025507	0.00023689	0.00022189	0.00021334	0.00020492	0.00019995	0.000176372641
0.001873196948	0.00042884	0.00034276	0.00027822	0.00025655	0.00023761	0.00022282	0.00021464	0.00020555	0.00020062	0.0001768187982
0.00189285686	0.00042971	0.00034429	0.00027942	0.00025813	0.00023841	0.00022384	0.0002152	0.00020622	0.00020133	0.0001772791589
0.001912516772	0.0004308	0.00034605	0.00028073	0.00025981	0.00023923	0.00022494	0.00021558	0.00020694	0.00020208	0.0001777434025
0.001932176684	0.0004321	0.00034802	0.00028214	0.0002616	0.00024014	0.00022612	0.00021602	0.0002077	0.00020288	0.0001782199947
0.001951836596	0.00043363	0.00035021	0.00028365	0.00026313	0.00024114	0.00022738	0.00021651	0.00020851	0.00020373	0.0001787094839
0.001971496508	0.00043537	0.00035262	0.00028527	0.00026386	0.00024221	0.00022872	0.00021705	0.00020937	0.00020462	0.0001792031613
0.00199115642	0.00043734	0.00035525	0.00028699	0.00026468	0.00024337	0.00023014	0.00021765	0.00021027	0.00020555	0.0001797073214
0.002010816332	0.00043952	0.00035747	0.00028882	0.00026558	0.00024461	0.00023144	0.00021829	0.00021121	0.00020653	0.0001802226371
0.002030476244	0.00044193	0.00035668	0.00029075	0.00026656	0.00024546	0.00023188	0.00021899	0.0002122	0.00020744	0.0001807486677
0.002050136156	0.00044455	0.00035605	0.00029278	0.00026728	0.00024636	0.00023238	0.00021974	0.0002132	0.00020813	0.000181284202
0.002069796068	0.0004474	0.00035558	0.00029492	0.00026779	0.00024731	0.00023293	0.00022054	0.00021409	0.00020886	0.0001818290363
0.00208945598	0.00045046	0.00035527	0.00029716	0.00026835	0.00024833	0.00023354	0.00022139	0.00021503	0.00020945	0.0001823810732
0.002109115892	0.00045375	0.00035511	0.00029951	0.00026896	0.0002494	0.0002342	0.00022229	0.00021603	0.00021	0.0001829473993
0.002128775804	0.00045725	0.00035512	0.00030195	0.00026962	0.00025054	0.00023492	0.00022324	0.00021707	0.0002106	0.0001835297143
0.002148435716	0.00046097	0.00035528	0.00030419	0.00027034	0.00025173	0.00023568	0.00022425	0.00021797	0.00021123	0.0001841118847
0.002168095628	0.00046492	0.0003556	0.00030566	0.00027112	0.00025299	0.00023651	0.00022531	0.00021862	0.0002119	0.0001847099692
0.00218775554	0.00046908	0.00035608	0.00030718	0.00027194	0.00025418	0.00023738	0.00022642	0.00021931	0.00021261	0.0001853186235
0.002207415452	0.00047346	0.00035672	0.00030877	0.00027282	0.00025537	0.00023831	0.00022758	0.00022004	0.00021336	0.0001859375905
0.002227075364	0.00047806	0.00035752	0.00031042	0.00027375	0.0002566	0.0002393	0.00022879	0.00022081	0.00021415	0.000186566395
0.002246735276	0.00048289	0.00035848	0.00031212	0.00027474	0.00025789	0.00024034	0.00023005	0.00022161	0.00021497	0.0001872059512
0.002266395188	0.00048793	0.00035959	0.00031389	0.00027578	0.00025923	0.00024143	0.00023137	0.00022246	0.00021584	0.0001878555663
0.0022860551	0.00049319	0.00036087	0.00031572	0.00027687	0.00026062	0.00024258	0.00023273	0.00022334	0.00021674	0.0001885157517
0.002305715012	0.00049867	0.0003623	0.00031761	0.00027802	0.00026194	0.00024378	0.00023412	0.00022426	0.00021768	0.0001891862431
0.002325374924	0.00050437	0.00036389	0.00031956	0.00027921	0.00026328	0.00024503	0.00023521	0.00022522	0.00021867	0.0001898684811
0.002345034836	0.00051029	0.00036564	0.00032156	0.00028047	0.00026466	0.00024634	0.00023634	0.00022622	0.00021962	0.0001905587047
0.002364694748	0.00051541	0.00036755	0.00032363	0.00028177	0.0002661	0.0002477	0.00023753	0.00022726	0.00022032	0.0001912604627
0.00238435466	0.00051721	0.00036962	0.00032576	0.00028313	0.00026733	0.00024912	0.00023877	0.00022834	0.00022105	0.0001919722517
0.002404014572	0.00051895	0.00037185	0.00032795	0.00028454	0.0002684	0.00025059	0.00024006	0.00022946	0.00022182	0.0001926941254
0.002423674484	0.00052077	0.00037423	0.0003302	0.00028601	0.00026942	0.00025212	0.0002414	0.00023058	0.00022263	0.0001934260828
0.002443334396	0.00052267	0.00037678	0.00033251	0.00028753	0.00027033	0.0002537	0.0002428	0.00023138	0.00022348	0.0001941679733
0.002462994308	0.00052465	0.00037948	0.00033488	0.0002891	0.00027129	0.00025508	0.00024398	0.00023222	0.00022436	0.000194920113
0.00248265422	0.00052672	0.00038234	0.00033684	0.00029072	0.0002723	0.00025634	0.00024483	0.00023309	0.00022528	0.0001956825258
0.002502314132	0.00052886	0.00038536	0.00033772	0.0002924	0.00027334	0.00025763	0.0002457	0.000234	0.00022624	0.00019645395
0.002521974044	0.00053109	0.00038854	0.00033872	0.00029413	0.00027443	0.00025896	0.00024662	0.00023495	0.00022723	0.0001972367139
0.002541633956	0.0005334	0.00039188	0.00033983	0.00029592	0.00027556	0.00026034	0.00024756	0.00023754	0.00023101	0.0001980282983
0.002561293868	0.00053579	0.00039538	0.00034104	0.00029775	0.00027673	0.00026176	0.00024854	0.00023861	0.00023199	0.0001988322841
0.00258095378	0.00053826	0.00039904	0.00034237	0.00029965	0.00027792	0.00026321	0.00024955	0.00023802	0.00023042	0.0001996425387
0.002600613692	0.00054082	0.00040285	0.00034379	0.00030159	0.00027916	0.00026471	0.00025059	0.00023911	0.00023156	0.0002004652044
0.002620273604	0.00054345	0.00040528	0.00034452	0.00030359	0.00028044	0.00026625	0.00025167	0.00024024	0.00023273	0.0002012976597
0.002639933516	0.00054617	0.00040709	0.00034533	0.00030564	0.00028177	0.00026783	0.00025276	0.00024317	0.00023562	0.0002021413535
0.002659593428	0.00054897	0.00040898	0.00034622	0.00030774	0.00028313	0.00026945	0.00025384	0.00024439	0.00023653	0.0002029963851
0.00267925334	0.00055185	0.00041097	0.00034717	0.0003099	0.00028454	0.00027111	0.00025495	0.00024563	0.00023746	0.0002038639313
0.002698913252	0.00055481	0.00041304	0.0003482	0.00031211	0.00028598	0.00027281	0.00025609	0.00024691	0.00023843	0.0002047447835
0.002718573164	0.00055785	0.00041521	0.00034929	0.00031438	0.00028747	0.00027455	0.00025726	0.00024802	0.00023943	0.0002056360404
0.002738233076	0.00056097	0.00041713	0.00035046	0.00031669	0.00028901	0.00027564	0.00025846	0.00024906	0.00024046	0.0002065374973
0.002757892988	0.00056418	0.00041895	0.00035171	0.00031906	0.00029058	0.0002767	0.0002597	0.00025012	0.00024151	0.0002074527986
0.0027775529	0.00056747	0.00042085	0.00035302	0.00032149	0.0002922	0.00027779	0.00026096	0.00025122	0.0002426	0.0002083816464
0.002797212812	0.00057084	0.00042282	0.00035441	0.00032397	0.00029385	0.00027891	0.00026226	0.00025234	0.00024371	0.0002093217153
0.002816872724	0.00057429	0.00042487	0.00035587	0.00032471	0.00029555	0.00028007	0.00026359	0.0002535	0.00024486	0.0002102737538
0.002836532636	0.00057782	0.00042699	0.00035741	0.00032543	0.0002973	0.00028126	0.00026495	0.00025468	0.00024603	0.0002112387313
0.002856192548	0.00058143	0.00042919	0.00035901	0.00032621	0.00029908	0.00028248	0.00026634	0.00025589	0.00024723	0.0002122166193
0.00287585246	0.00058513	0.00043146	0.00036069	0.00032706	0.00030091	0.00028373	0.00026776	0.00025714	0.00024846	0.0002132060472
0.002895512372	0.0005889	0.00043381	0.00036244	0.00032796	0.00030277	0.00028502	0.00026921	0.00025841	0.00024972	0.0002142089037
0.002915172284	0.00059276	0.00043623	0.00036426	0.00032893	0.00030468	0.00028633	0.0002707	0.0002597	0.00025101	0.000215223981
0.002934832196	0.0005967	0.00043872	0.00036616	0.00032996	0.00030664	0.00028768	0.00027221	0.00026099	0.00025233	0.000216251806
0.002954492108	0.00060072	0.0004413	0.00036812	0.00033106	0.00030863	0.00028907	0.00027376	0.0002623	0.00025368	0.000217294298
0.00297415202	0.00060482	0.00044394	0.00037016	0.00033221	0.00031067	0.00029048	0.00027534	0.00026365	0.000255	0.0002183511254
0.002993811931	0.00060901	0.00044667	0.00037228	0.00033343	0.00031274	0.00029193	0.00027666	0.00026502	0.00025621	0.0002194216289
0.003013471843	0.00061327	0.00044946	0.00037446	0.00033471	0.00031486	0.0002934	0.00027792	0.00026642	0.00025745	0.0002205077555
0.003033131755	0.00061762	0.00045233	0.00037672	0.00033605	0.00031703	0.00029492	0.00027922	0.00026785	0.0002587	0.0002216068888
0.003052791667	0.00062205	0.00045528	0.00037905	0.00033745	0.00031921	0.00029646	0.00028054	0.00026931	0.00025991	0.0002227214506
0.003072451579	0.00062656	0.0004583	0.00038145	0.00033891	0.0003212	0.00029803	0.0002819	0.0002708	0.00026116	0.0002238504802
0.003092111491	0.00063115	0.0004614	0.00038392	0.00034044	0.00032322	0.00029964	0.00028328	0.00027232	0.00026243	0.0002249932787
0.003111771403	0.00063582	0.00046457	0.00038647	0.00034203	0.00032497	0.00030128	0.0002847	0.00027381	0.00026373	0.0002261505708
0.003131431315	0.00064058	0.00046782	0.00038909	0.00034368	0.00032608	0.00030295	0.00028615	0.00027504	0.00026505	0.0002273237434
0.003151091227	0.00064448	0.00047114	0.00039178	0.00034539	0.00032725	0.00030466	0.00028763	0.00027629	0.00026641	0.0002285114615
0.003170751139	0.00064666	0.00047453	0.00039454	0.00034717	0.00032847	0.00030686	0.00029291	0.00027867	0.00026779	0.0002297138366
0.003190411051	0.00064947	0.000478	0.00039738	0.00034901	0.00032975	0.00030816	0.00029068	0.00027889	0.0002692	0.000230932139
0.003210070963	0.00065291	0.00048155	0.00039977	0.0003509	0.00033107	0.00030995	0.00029225	0.00028023	0.00027064	0.0002321662944
0.003229730875	0.00065697	0.00048517	0.00040171	0.00035286	0.00033246	0.00031157	0.00029385	0.00028159	0.00027211	0.0002334196094
0.003249390787	0.00066166	0.00048887	0.00040371	0.00035489	0.00033389	0.00031323	0.00029549	0.00028299	0.00027361	0.0002346814393
0.003269050699	0.00066698	0.00049264	0.00040577	0.00035697	0.00033538	0.00031493	0.00029715	0.00028442	0.00027513	0.0002359611763
0.003288710611	0.00067292	0.00049648	0.00040788	0.00035912	0.00033692	0.00031668	0.00029884	0.00028587	0.00027668	0.0002372537618
0.003308370523	0.0006795	0.0005004	0.00041006	0.00036133	0.00033852	0.00031848	0.00030057	0.00028735	0.00027826	0.0002385652323
0.003328030435	0.00066238	0.0005044	0.00041229	0.0003636	0.00034017	0.00032032	0.00030232	0.00028886	0.00027987	0.000239889838
0.003347690347	0.00066674	0.00050847	0.00041457	0.00036593	0.00034186	0.0003222	0.00030411	0.0002904	0.0002815	0.0002412286263
0.003367350259	0.00069953	0.00051261	0.00041692	0.00036832	0.00034335	0.00032413	0.00030593	0.00029197	0.00028317	0.0002425840656
0.003387010171	0.00070981	0.00051683	0.00041932	0.00037078	0.00034489	0.00032611	0.00030772	0.00029356	0.00028486	0.0002439599828
0.003406670083	0.0007094	0.00052113	0.00042179	0.0003733	0.00034647	0.00032813	0.00030928	0.00029519	0.00028658	0.0002453441827
0.003426329995	0.00072169	0.0005255	0.00042431	0.00037588	0.00034809	0.00032981	0.00031087	0.00029684	0.00028832	0.0002467425849
0.003445989907	0.00072774	0.00052994	0.00042688	0.00037852	0.00034976	0.00033111	0.0003125	0.00029852	0.0002901	0.0002481591609
0.003465649819	0.00073389	0.00053446	0.00042952	0.00038123	0.00035147	0.00033245	0.00031417	0.00030009	0.0002919	0.0002495911787
0.003485309731	0.00074011	0.00053906	0.00043221	0.00038394	0.00035324	0.00033383	0.00031588	0.00030156	0.00029367	0.0002510382063
0.003504969643	0.00074641	0.00054373	0.00043496	0.00038613	0.00035504	0.00033526	0.00031763	0.00030306	0.0002952	0.0002525005994
0.003524629555	0.0007455	0.00054847	0.00043777	0.00038837	0.00035689	0.00033672	0.00031942	0.0003046	0.00029675	0.0002539784213
0.003544289467	0.00075926	0.00055329	0.00044064	0.00039066	0.00035879	0.00033823	0.00032124	0.00030618	0.00029831	0.0002554713644
0.003563949379	0.00076581	0.00055357	0.00044356	0.000393	0.00036073	0.00033978	0.00032311	0.00030779	0.00029965	0.0002569808976
0.003583609291	0.00077244	0.00055082	0.00044654	0.00039539	0.00036272	0.00034137	0.0003249	0.00030943	0.00030103	0.0002585034149
0.003603269203	0.00077915	0.00054863	0.00044958	0.00039782	0.00036475	0.00034301	0.00032626	0.00031112	0.00030244	0.0002600423152
0.003622929115	0.00078288	0.00054701	0.00045268	0.0004003	0.00036682	0.00034469	0.00032765	0.00031284	0.00030388	0.0002615967045
0.003642589027	0.0007791	0.00054595	0.00045584	0.00040283	0.00036895	0.0003464	0.00032909	0.0003146	0.00030535	0.0002631671694
0.003662248939	0.00077589	0.00054546	0.00045905	0.00040541	0.00037111	0.00034817	0.00033056	0.00031639	0.00030686	0.0002647518634
0.003681908851	0.00077326	0.00054553	0.00046232	0.00040803	0.00037333	0.00034997	0.00033208	0.00031822	0.00030839	0.0002663526834
0.003701568763	0.00077121	0.00054616	0.00046565	0.0004107	0.00037558	0.00035181	0.00033364	0.00032008	0.00030996	0.0002679694208
0.003721228675	0.00076974	0.00054736	0.00046904	0.00041342	0.00037775	0.0003537	0.00033523	0.00032198	0.00031156	0.0002696007964
0.003740888587	0.00070256	0.00054913	0.00047249	0.00041619	0.00037996	0.00035563	0.00033687	0.00032392	0.00031319	0.0002712499697
0.003760548499	0.0007223	0.00055145	0.00047599	0.000419	0.00038221	0.0003576	0.00033854	0.0003259	0.00031485	0.0002729130142
0.003780208411	0.00074843	0.00055434	0.00047955	0.00042186	0.0003845	0.00035962	0.00034025	0.00032791	0.00031655	0.0002745891023
0.003799868323	0.00076967	0.0005578	0.00048317	0.00042477	0.00038755	0.00035733	0.00033758	0.00032872	0.00031828	0.0002762840949
0.003819528235	0.0007711	0.00056182	0.00048684	0.00042773	0.00038996	0.00035941	0.00033914	0.0003304	0.00032004	0.0002779901665
0.003839188147	0.00077311	0.0005664	0.00049058	0.00043074	0.00039235	0.00036156	0.00034076	0.00033214	0.00032183	0.0002797140933
0.003858848059	0.0007757	0.00057155	0.00049403	0.00043379	0.00039478	0.00036376	0.00034242	0.00033393	0.00032365	0.0002814510838
0.003878507971	0.00077887	0.00057726	0.00049727	0.00043689	0.00039725	0.00036603	0.00034415	0.00033558	0.0003255	0.0002832040474
0.003898167883	0.00078262	0.00058354	0.00050031	0.00044004	0.00039908	0.00036836	0.00034593	0.00033695	0.00032727	0.0002849733425
0.003917827795	0.00078696	0.00058691	0.00050177	0.00044324	0.00039998	0.00037075	0.00034776	0.00033836	0.00032879	0.0002867577861
0.003937487707	0.00079187	0.00058526	0.00050342	0.00044353	0.00040098	0.00037321	0.00034965	0.00033982	0.00033035	0.0002885526345
0.003957147619	0.00079736	0.00058448	0.00050524	0.00044476	0.00040207	0.00037572	0.00035159	0.00034133	0.00033195	0.000290364963
0.003976807531	0.00080343	0.00058455	0.00050726	0.00045305	0.00040327	0.0003783	0.00035359	0.00034288	0.0003336	0.0002921965893
0.003996467443	0.00081008	0.00058547	0.00050945	0.00044763	0.00040456	0.00038094	0.00035564	0.00034448	0.00033529	0.0002940385831
0.004016127355	0.00081025	0.00058725	0.00051183	0.00045876	0.00040595	0.00038364	0.00035775	0.00034612	0.00033703	0.0002958955179
0.004035787267	0.0008102	0.00058988	0.00051438	0.00046169	0.00040745	0.00038559	0.00035992	0.00034781	0.00033882	0.000297764052
0.004055447179	0.00081102	0.00059337	0.00051712	0.00046465	0.00040904	0.00038651	0.00036213	0.00034955	0.00034038	0.0002996510184
0.004075107091	0.00081271	0.00059771	0.00052005	0.00046766	0.00041073	0.00038751	0.00036441	0.00035132	0.00034128	0.0003015566892
0.004094767003	0.00081527	0.00060291	0.00052315	0.00047071	0.00041252	0.00038861	0.00036674	0.00035315	0.00034264	0.0003034729288
0.004114426915	0.0008187	0.00060896	0.00052644	0.00047381	0.00042121	0.00038979	0.00036912	0.00035502	0.00034405	0.0003054043801
0.004134086827	0.00082301	0.00061587	0.00052991	0.00047695	0.00041639	0.00039106	0.00037145	0.00035689	0.00034549	0.0003073505632
0.004153746739	0.00082818	0.00062363	0.00053357	0.00048013	0.00041848	0.00039242	0.00037341	0.00035856	0.00034698	0.0003093114802
0.004173406651	0.00083423	0.00063225	0.0005374	0.00048172	0.00042067	0.00039387	0.00037542	0.00036027	0.00034851	0.0003112875319
0.004193066563	0.00084115	0.00064172	0.00054142	0.00048289	0.00042295	0.00039541	0.00037748	0.00036202	0.00035008	0.0003132791911
0.004212726475	0.00079808	0.00064598	0.00053358	0.00047295	0.00043811	0.00040649	0.00038798	0.00037273	0.00036187	0.000315286714
0.004232386387	0.0008576	0.00064864	0.00055	0.00047613	0.00042782	0.00039875	0.00038172	0.00036566	0.00035334	0.0003173071144
0.004252046299	0.0008067	0.0006515	0.00054099	0.00047739	0.00044388	0.00041708	0.00039431	0.00037746	0.0003661	0.0003193451639
0.004271706211	0.00087753	0.00065455	0.00055932	0.00048277	0.00044166	0.00041604	0.00039079	0.00037891	0.00036476	0.0003213957036
0.004291366123	0.00088881	0.0006578	0.00056303	0.00048629	0.00044327	0.00041757	0.00039268	0.00038134	0.0003686	0.0003234650843
0.004311026035	0.00082081	0.00065412	0.00055304	0.00048486	0.00045329	0.00042251	0.00039897	0.00038325	0.00037225	0.0003255496115
0.004330685947	0.00082582	0.00065506	0.00055581	0.00048757	0.00045627	0.00042425	0.00040068	0.00038549	0.00037463	0.0003276514901
0.004350345859	0.00083099	0.0006561	0.00055842	0.00049038	0.00045781	0.00042587	0.00040245	0.00038778	0.00037681	0.0003297700693
0.004370005771	0.00094261	0.00067279	0.00057136	0.0004984	0.00045061	0.00042458	0.00040112	0.00038843	0.00037758	0.0003319005188
0.004389665683	0.00084179	0.00065851	0.00056392	0.00049632	0.00046116	0.00043072	0.00040624	0.00039256	0.00038098	0.0003340504916
0.004409325595	0.00084743	0.00065988	0.00056681	0.00049945	0.00046298	0.00043149	0.00040824	0.0003946	0.00038273	0.0003362157113
0.004428985507	0.00085322	0.00066135	0.0005698	0.00050268	0.00046488	0.00043348	0.00041032	0.00039671	0.00038455	0.000338397762
0.004448645419	0.00085917	0.00066293	0.00057288	0.00050603	0.00046687	0.00043554	0.00041248	0.00039858	0.00038644	0.0003405983824
0.004468305331	0.00086527	0.00066462	0.00057605	0.00050948	0.00046895	0.00043768	0.00041471	0.00040053	0.00038839	0.0003428118953
0.004487965243	0.00087153	0.00066641	0.00057932	0.0005128	0.00047113	0.0004399	0.00041702	0.00040255	0.0003904	0.0003450440173
0.004507625155	0.00087794	0.00066831	0.00058268	0.00051538	0.00047318	0.00044219	0.0004194	0.00040464	0.00039248	0.0003472966312
0.004527285067	0.00088451	0.00067031	0.00058614	0.00051805	0.00047527	0.00044455	0.00042186	0.00040681	0.00039463	0.0003495723439
0.004546944979	0.00089124	0.00067242	0.00058969	0.00052082	0.00047744	0.000447	0.00042439	0.00040905	0.00039684	0.0003518710882
0.004566604891	0.00089812	0.00067464	0.00059333	0.00052367	0.00047969	0.00044951	0.000427	0.00041136	0.00039912	0.000354195778
0.004586264803	0.00090516	0.00067697	0.00059707	0.00052661	0.00048201	0.00045211	0.00042968	0.0004136	0.00040146	0.0003565416297
0.004605924715	0.00091236	0.0006794	0.00059878	0.00052965	0.00048441	0.00045477	0.00043244	0.00041547	0.00040387	0.0003589127117
0.004625584627	0.00091971	0.00068194	0.00060056	0.00053277	0.00048688	0.00045752	0.00043469	0.00041742	0.00040597	0.0003613088796
0.004645244539	0.00092721	0.00068458	0.00060243	0.00053598	0.00048942	0.00045988	0.00043659	0.00041944	0.00040779	0.0003637322739
0.004664904451	0.00093487	0.00068733	0.00060441	0.00053148	0.00049204	0.00046169	0.00043825	0.00042265	0.0004087	0.0003661817333
0.004684564363	0.00094269	0.00069019	0.00060649	0.00053428	0.00049451	0.0004637	0.00044071	0.0004225	0.00040853	0.000368657165
0.004704224275	0.00095066	0.00069315	0.00060868	0.00053716	0.00049657	0.00046578	0.00044308	0.00042468	0.00041053	0.0003711585822
0.004723884187	0.00095879	0.00069623	0.00061097	0.00054012	0.00049871	0.00046794	0.00044496	0.00042703	0.0004126	0.0003736859343
0.004743544099	0.00096708	0.0006994	0.00061336	0.00054317	0.00050093	0.00047017	0.00044725	0.00042939	0.00041473	0.00037623961
0.004763204011	0.00097552	0.00070269	0.00061585	0.00054631	0.0005011	0.00046848	0.00044512	0.00042686	0.00041175	0.0003788189392
0.004782863923	0.00098412	0.00070608	0.00061845	0.00054953	0.00050475	0.00047098	0.00044773	0.00042958	0.00041419	0.0003814248363
0.004802523835	0.00099287	0.00070958	0.00062115	0.00055283	0.00050804	0.00047355	0.0004504	0.00043237	0.00041669	0.0003840558197
0.004822183747	0.0010018	0.00071318	0.00062395	0.00055622	0.00051057	0.0004762	0.00045315	0.00043523	0.00041925	0.0003867121481
0.004841843659	0.0010096	0.00071689	0.00062686	0.0005597	0.00051317	0.00047893	0.00045596	0.00043816	0.00042188	0.0003893957798
0.004861503571	0.0010129	0.00072071	0.00062986	0.00056326	0.00051585	0.00048173	0.00045883	0.00044115	0.00042457	0.0003921071508
0.004881163483	0.0010164	0.00072464	0.00063298	0.00056691	0.00051689	0.00048276	0.0004543	0.00043614	0.00042732	0.0003948496285
0.004900823395	0.0010202	0.00072867	0.00063619	0.00057064	0.00052143	0.00048755	0.00046479	0.00044733	0.00043014	0.0003976157491
0.004920483307	0.0010243	0.00073281	0.00063951	0.00057445	0.00052157	0.00048806	0.00045922	0.00044127	0.00043256	0.0004004155544
0.004940143219	0.0010287	0.00073705	0.00064293	0.00057835	0.00052403	0.00049262	0.00046423	0.00044394	0.00043512	0.0004032440465
0.004959803131	0.0010334	0.0007414	0.00064646	0.00058121	0.00053326	0.00049686	0.00047421	0.00045133	0.00043774	0.0004061074278
0.004979463043	0.0010383	0.00074586	0.00065008	0.00058378	0.00053931	0.00049957	0.00046713	0.00044948	0.00044044	0.000409019628
0.004999122955	0.0010436	0.00075043	0.00065381	0.00058644	0.00054288	0.00050596	0.00048064	0.00045657	0.0004432	0.0004119750852
0.005018782867	0.0010491	0.0007551	0.00065765	0.00058921	0.0005457	0.00050813	0.00048355	0.00045929	0.00044603	0.0004149786159
0.005038442779	0.0010541	0.00075987	0.00066158	0.00059206	0.00054857	0.00051038	0.00048606	0.00046208	0.00044893	0.0004180283389
0.005058102691	0.0010581	0.00076476	0.00066562	0.00059501	0.00055153	0.00051271	0.00048866	0.00046494	0.00045189	0.0004211242251
0.005077762603	0.0010625	0.00076975	0.00066976	0.00059806	0.00054354	0.00051102	0.00048461	0.00046453	0.00045493	0.000424269078
0.005097422515	0.0010671	0.00077485	0.00067401	0.0006012	0.00055773	0.00052524	0.00050061	0.00047339	0.00046077	0.0004274562622
0.005117082427	0.0010721	0.00078005	0.00067836	0.00060443	0.00056098	0.0005202	0.00049597	0.00047392	0.0004612	0.0004306981819
0.005136742339	0.0010773	0.00078536	0.00068281	0.00060776	0.00056432	0.00053119	0.00050493	0.00047938	0.00046703	0.0004339776461
0.005156402251	0.0010829	0.00079078	0.00068736	0.00061118	0.00056775	0.0005343	0.00050721	0.00048248	0.00047025	0.0004373103157
0.005176062163	0.0010888	0.00079631	0.00069202	0.0006147	0.00055994	0.00052555	0.00050076	0.00048129	0.00047106	0.000440690785
0.005195722075	0.0010951	0.00080194	0.00069678	0.00061831	0.00056346	0.00052869	0.00050139	0.00048484	0.00047437	0.000444119022
0.005215381987	0.0011016	0.00080768	0.00070164	0.00062202	0.00056707	0.00053192	0.00050492	0.00048847	0.00047774	0.00044759514
0.005235041899	0.0011085	0.00081352	0.00070661	0.00062553	0.00057076	0.00053522	0.00050851	0.00049216	0.00048118	0.0004511191293
0.00525470181	0.0011156	0.00081947	0.00071168	0.000629	0.00057453	0.00053861	0.00051218	0.00049593	0.00048468	0.0004546911242
0.005274361722	0.0011231	0.00082553	0.00071685	0.00063256	0.00057839	0.00054207	0.00051591	0.00049976	0.00048825	0.000458310614
0.005294021634	0.0011309	0.00083169	0.00072213	0.00063621	0.00058232	0.00054562	0.00051971	0.00050352	0.00049189	0.0004619783761
0.005313681546	0.001139	0.00083796	0.00072751	0.00063993	0.00058591	0.00054924	0.00052358	0.00050689	0.00049548	0.0004656939231
0.005333341458	0.0011475	0.00084434	0.00073299	0.00064374	0.00058923	0.00055283	0.0005268	0.00051033	0.00049871	0.0004694611355
0.00535300137	0.0011562	0.00085083	0.00073857	0.00064763	0.00059264	0.00055607	0.00053009	0.00051385	0.00050202	0.000473269495
0.005372661282	0.0011653	0.00085742	0.00074426	0.0006516	0.00059612	0.00055939	0.00053345	0.00051745	0.00050541	0.0004771282147
0.005392321194	0.0011747	0.00086411	0.00075005	0.00065566	0.00059968	0.00056279	0.0005369	0.00052113	0.00050887	0.0004810357478
0.005411981106	0.0011844	0.00087092	0.00075595	0.0006598	0.00060333	0.00056628	0.00054043	0.00052489	0.00051241	0.0004849936935
0.005431641018	0.0011944	0.00087783	0.00076194	0.00066402	0.00060705	0.00056984	0.00054403	0.00052845	0.00051602	0.0004890006047
0.00545130093	0.0012047	0.00088485	0.00076804	0.00066833	0.00061086	0.00057348	0.00054772	0.00053192	0.00051972	0.0004930583518
0.005470960842	0.0012154	0.00089197	0.00077308	0.00067271	0.00061475	0.00057721	0.00055149	0.00053547	0.00052349	0.0004971659195
0.005490620754	0.0012263	0.0008992	0.00077805	0.00067719	0.00061871	0.00058101	0.00055534	0.00053909	0.00052733	0.0005013235671
0.005510280666	0.0012376	0.00090654	0.0007831	0.00068174	0.00062276	0.0005849	0.00055927	0.00054279	0.00053126	0.0005055325822
0.005529940578	0.0012492	0.00091398	0.00078824	0.00068638	0.00062689	0.00058886	0.00056328	0.00054657	0.00053526	0.0005097898197
0.00554960049	0.0012611	0.00092153	0.00079346	0.0006911	0.0006311	0.00059291	0.00056737	0.00055044	0.00053933	0.0005140970285
0.005569260402	0.0012733	0.00092919	0.00079876	0.0006959	0.00063539	0.00059703	0.00057154	0.00055438	0.00054349	0.0005184551099
0.005588920314	0.0012859	0.00093696	0.00080416	0.00070078	0.00063976	0.00060124	0.00057579	0.00055839	0.00054772	0.0005228648947
0.005608580226	0.0012987	0.00094483	0.00080963	0.00070575	0.00064421	0.00060553	0.00058013	0.00056249	0.00055203	0.0005273259198
0.005628240138	0.0013119	0.0009528	0.0008152	0.0007108	0.00064875	0.0006099	0.00058454	0.00056667	0.00055641	0.0005318387871
0.00564790005	0.0013254	0.00096089	0.00082084	0.00071594	0.00065336	0.00061435	0.00058903	0.00057093	0.00056087	0.0005364038471
0.005667559962	0.0013392	0.00096908	0.00082658	0.00072115	0.00065805	0.00061887	0.0005936	0.00057526	0.00056541	0.0005410215553
0.005687219874	0.0013533	0.00097738	0.0008324	0.00072645	0.00066283	0.00062348	0.00059826	0.00057967	0.00057003	0.0005456941873
0.005706879786	0.0013678	0.00098578	0.0008383	0.00073184	0.00066768	0.00062817	0.00060285	0.00058417	0.00057436	0.0005504163742
0.005726539698	0.0013825	0.00099429	0.00084429	0.0007373	0.00067262	0.00063295	0.00060735	0.00058874	0.00057873	0.000555195995
0.00574619961	0.0013976	0.0010029	0.00085036	0.00074285	0.00067763	0.0006378	0.00061193	0.00059339	0.00058317	0.0005600360244
0.005765859522	0.0013929	0.0010116	0.00085652	0.00074848	0.00068273	0.00064273	0.00061658	0.00059812	0.00058769	0.0005649245843
0.005785519434	0.0013887	0.0010205	0.00086277	0.0007542	0.00068791	0.00064774	0.00062132	0.00060293	0.00059229	0.0005698675842
0.005805179346	0.0013855	0.0010294	0.0008691	0.00075999	0.00069317	0.00065283	0.00062613	0.00060781	0.00059696	0.0005748666689
0.005824839258	0.0013834	0.0010384	0.00087551	0.00076587	0.00069851	0.00065801	0.00063103	0.00061278	0.00060171	0.0005799203385
0.00584449917	0.0013823	0.0010476	0.00088201	0.00077184	0.00070393	0.00066326	0.000636	0.00061782	0.00060654	0.0005850293735
0.005864159082	0.0013823	0.0010569	0.0008886	0.00077788	0.00070943	0.0006686	0.00064105	0.00062295	0.00061144	0.0005901948119
0.005883818994	0.0013833	0.0010662	0.00089527	0.00078401	0.00071501	0.00067401	0.00064618	0.00062815	0.00061642	0.0005954166467
0.005903478906	0.0013854	0.0010757	0.00090202	0.00079022	0.00072067	0.00067951	0.00065139	0.00063343	0.00062148	0.0006006948923
0.005923138818	0.0013886	0.0010853	0.00090887	0.00079652	0.00072642	0.00068508	0.00065668	0.00063879	0.00062662	0.0006060298685
0.00594279873	0.0013928	0.001092	0.00091579	0.0008029	0.00073224	0.00069074	0.00066205	0.00064423	0.00063183	0.0006114294522
0.005962458642	0.001398	0.0011047	0.0009228	0.00080936	0.00073814	0.00069648	0.00066749	0.00064975	0.00063711	0.0006168815652
0.005982118554	0.0014043	0.0011146	0.0009299	0.0008159	0.00074413	0.00070229	0.00067302	0.00065535	0.00064248	0.0006224026984
0.006001778466	0.0014117	0.0011246	0.00093709	0.00082253	0.0007502	0.00070819	0.00067862	0.00066102	0.00064792	0.0006279884988
0.006021438378	0.0014201	0.0011238	0.00094435	0.00082923	0.00075634	0.00071417	0.00068431	0.00066678	0.00065344	0.0006336408756
0.00604109829	0.0014295	0.0011386	0.00095171	0.00083603	0.00076257	0.00072023	0.00069007	0.00067261	0.00065903	0.0006393526545
0.006060758202	0.00144	0.0011395	0.00095914	0.0008429	0.00076888	0.00072637	0.00069591	0.0006783	0.00066471	0.0006451267136
0.006080418114	0.0014516	0.0011366	0.00096667	0.00084986	0.00077527	0.00073259	0.00070184	0.00068395	0.00067045	0.0006509651235
0.006100078026	0.0014642	0.0011343	0.00097428	0.0008569	0.00078173	0.00073889	0.00070784	0.00068969	0.00067628	0.0006568692952
0.006119737938	0.0014779	0.0011328	0.00098197	0.00088963	0.00081073	0.00075482	0.00071665	0.0006965	0.00068327	0.000662835763
0.00613939785	0.0014926	0.001132	0.00098838	0.00089678	0.00081759	0.00076124	0.00072293	0.00070247	0.00068911	0.000668866783
0.006159057762	0.0015084	0.0011319	0.00099359	0.00087852	0.00080163	0.00075828	0.00072631	0.00070735	0.00069422	0.0006749634695
0.006178717674	0.0015252	0.0011326	0.0009994	0.00088589	0.00080842	0.0007649	0.00073263	0.0007134	0.00070035	0.0006811202235
0.006198377586	0.001543	0.0011339	0.0010058	0.00089334	0.00081529	0.0007716	0.00073902	0.00071952	0.00070656	0.0006873425815
0.006218037498	0.001562	0.0011359	0.0010129	0.00093204	0.00085475	0.00080741	0.00074881	0.00072711	0.00071324	0.0006936281296
0.00623769741	0.0015819	0.0011387	0.0010074	0.00092165	0.00082972	0.00077942	0.00075835	0.0007353	0.00071921	0.0006999780811
0.006257357322	0.001603	0.0011422	0.0010142	0.0009285	0.00083504	0.00078476	0.00076323	0.000742	0.00072565	0.0007063923824
0.006277017234	0.001625	0.0011464	0.0010212	0.00093557	0.00084053	0.00079026	0.00076827	0.00074878	0.00073217	0.0007128689724
0.006296677146	0.0016482	0.0011512	0.0010284	0.00094032	0.00084617	0.00079592	0.00077346	0.00075564	0.00073876	0.000719413207
0.006316337058	0.0016723	0.0011568	0.0010357	0.00094518	0.00085197	0.00080174	0.0007788	0.00076258	0.00074543	0.0007260262358
0.00633599697	0.0016976	0.0011632	0.0010408	0.00095021	0.00085793	0.00080772	0.0007843	0.0007696	0.00075218	0.0007327080641
0.006355656882	0.0017239	0.0011702	0.0010459	0.00095541	0.00086405	0.00081385	0.00078995	0.00077669	0.000759	0.0007394628025
0.006375316794	0.0017512	0.0011779	0.0010511	0.00096032	0.00087032	0.00082015	0.00079576	0.00078311	0.00077074	0.0007462842708
0.006394976706	0.0017796	0.0011863	0.0010566	0.00096521	0.00087676	0.0008266	0.00080172	0.00078889	0.00077288	0.0007531828654
0.006414636618	0.001809	0.0011955	0.0010624	0.00097035	0.00088335	0.00083321	0.00080783	0.00079451	0.00077993	0.0007601564142
0.00643429653	0.001839	0.0012054	0.0010684	0.00097574	0.0008901	0.00083998	0.0008141	0.00080027	0.00078706	0.0007672046775
0.006453956442	0.0018585	0.0012159	0.0010746	0.00098137	0.00089701	0.00084691	0.00082052	0.00080618	0.00079352	0.0007743285256
0.006473616354	0.0018795	0.0012272	0.0010811	0.00098724	0.00090408	0.000854	0.00082709	0.00081223	0.00079957	0.000781525669
0.006493276266	0.0019018	0.0012392	0.0010879	0.00099336	0.00090555	0.00086362	0.00083806	0.00082094	0.00080577	0.0007887986626
0.006512936178	0.0019257	0.0012519	0.0010949	0.00099973	0.0009113	0.00087096	0.00084462	0.00082755	0.00081211	0.0007961459876
0.00653259609	0.0019509	0.0012654	0.0011021	0.0010043	0.00091724	0.00087846	0.00085132	0.0008343	0.0008186	0.0008035683881
0.006552256002	0.0019776	0.0012795	0.0011096	0.0010089	0.00092336	0.00088612	0.00085816	0.0008412	0.00082523	0.0008110656178
0.006571915914	0.0019961	0.0012943	0.0011173	0.0010136	0.00092968	0.00089393	0.00086516	0.00084825	0.00083201	0.0008186377048
0.006591575826	0.0020135	0.0013079	0.0011253	0.0010186	0.00093619	0.00090191	0.0008723	0.00085544	0.00083893	0.0008262845639
0.006611235738	0.0020314	0.001314	0.0011335	0.0010238	0.00094289	0.00090923	0.00087958	0.00086278	0.00084599	0.0008340062581
0.00663089565	0.0020499	0.0013204	0.001142	0.0010291	0.00094977	0.00091529	0.00088702	0.00087024	0.0008532	0.0008418028287
0.006650555562	0.0020688	0.001327	0.0011507	0.0010347	0.00095685	0.00092153	0.0008946	0.00087754	0.00086056	0.0008496743912
0.006670215474	0.0020883	0.0013339	0.0011597	0.0010405	0.00096411	0.00092794	0.00090232	0.00088499	0.00086805	0.000857620329
0.006689875386	0.0021082	0.0013411	0.0011689	0.0010464	0.00097156	0.00093454	0.0009102	0.00089258	0.00087569	0.0008656415389
0.006709535298	0.0021287	0.0013485	0.0011784	0.0010526	0.00097921	0.00094131	0.00091813	0.00089734	0.00088348	0.0008737374949
0.00672919521	0.0021497	0.0013562	0.0011881	0.001059	0.00098704	0.00094827	0.00092535	0.00090434	0.0008914	0.0008819078381
0.006748855122	0.0021712	0.0013642	0.0011966	0.0010656	0.00099506	0.0009554	0.00093274	0.00091152	0.00089869	0.0008901531923
0.006768515034	0.0021932	0.0013724	0.0012037	0.0010914	0.0010243	0.00096803	0.00094086	0.00092047	0.00090617	0.000898482013
0.006788174946	0.0022158	0.0013808	0.001211	0.0011	0.0010315	0.00097596	0.00094834	0.0009264	0.00091381	0.0009069259562
0.006807834858	0.0022388	0.0013895	0.0012185	0.0011088	0.0010406	0.00098409	0.00095578	0.00093411	0.00092164	0.0009154904763
0.00682749477	0.0022624	0.0013985	0.0012263	0.0011178	0.0010476	0.0009924	0.00096341	0.00094199	0.00092964	0.0009241754175
0.006847154682	0.0022849	0.0014078	0.0012344	0.0011271	0.0010547	0.0010009	0.00097121	0.00095005	0.00093781	0.0009329795027
0.006866814594	0.0023018	0.0014173	0.0012421	0.0011366	0.0010621	0.001004	0.00097578	0.00095828	0.00094617	0.0009419041466
0.006886474506	0.0021782	0.001427	0.00125	0.0011463	0.0010697	0.0010129	0.00098397	0.00096669	0.00095469	0.0009509511331
0.006906134418	0.0019879	0.001437	0.0012581	0.0011563	0.0010775	0.001022	0.00099233	0.00097528	0.0009634	0.0009601254442
0.00692579433	0.0018526	0.0014473	0.0012665	0.0011665	0.0010855	0.0010313	0.0010009	0.00098405	0.00097228	0.0009694284855
0.006945454242	0.0017723	0.0014579	0.0012751	0.0011769	0.0010937	0.0010407	0.0010096	0.00099299	0.00098134	0.0009788600598
0.006965114154	0.001747	0.0014687	0.0012839	0.0011876	0.0011021	0.0010558	0.0010218	0.0010021	0.00099057	0.0009884243496
0.006984774066	0.0017766	0.0014797	0.001293	0.0011985	0.0011107	0.0010656	0.0010308	0.0010114	0.00099998	0.0009981302107
0.007004433978	0.0018613	0.001491	0.0013024	0.0012096	0.0011195	0.0010756	0.0010401	0.0010209	0.0010096	0.001007980625
0.00702409389	0.0020009	0.0015026	0.001312	0.001221	0.0011285	0.0010857	0.0010495	0.0010305	0.0010193	0.001017974743
0.007043753802	0.0021955	0.0015144	0.0013218	0.0011888	0.0011316	0.0010839	0.001059	0.0010403	0.0010293	0.001028112623
0.007063413714	0.0024294	0.0015265	0.0013319	0.0011987	0.0011404	0.0010939	0.0010688	0.0010503	0.0010394	0.001038394237
0.007083073626	0.002425	0.001538	0.0013416	0.0012087	0.0011494	0.0011041	0.0010787	0.0010605	0.0010497	0.001048819619
0.007102733538	0.0024259	0.0015457	0.0013513	0.001219	0.0011586	0.0011145	0.0010889	0.0010709	0.0010601	0.001059389032
0.00712239345	0.002432	0.0015538	0.0013614	0.0012294	0.001168	0.001125	0.0010992	0.0010814	0.0010708	0.00107010171
0.007142053362	0.0024434	0.0015623	0.0013716	0.0012401	0.0011776	0.0011357	0.0011096	0.0010921	0.0010816	0.001080958296
0.007161713274	0.00246	0.0015713	0.0013807	0.001251	0.0011874	0.0011466	0.0011203	0.001103	0.0010926	0.001091971879
0.007181373186	0.0024677	0.0015807	0.00139	0.001262	0.0011973	0.0011577	0.0011311	0.0011141	0.0011037	0.001103161109
0.007201033098	0.0024628	0.0015904	0.0013996	0.0012733	0.0012075	0.0011689	0.0011421	0.0011253	0.0011151	0.001114528528
0.00722069301	0.0024596	0.0016007	0.0014093	0.0012848	0.0012179	0.0011804	0.0011533	0.0011367	0.0011266	0.00112606837
0.007240352922	0.002458	0.0016113	0.0014193	0.0012965	0.0012284	0.001192	0.0011647	0.0011483	0.0011383	0.001137787162
0.007260012834	0.0024181	0.0016224	0.0014295	0.0013084	0.0012392	0.0012038	0.0011762	0.0011601	0.0011502	0.001149680292
0.007279672746	0.0023843	0.0016338	0.0014399	0.0013204	0.0012501	0.0012158	0.001188	0.001172	0.0011622	0.001161750663
0.007299332658	0.0023615	0.0016457	0.0014527	0.0013324	0.0012687	0.0012279	0.0011999	0.0011841	0.0011745	0.001173996756
0.00731899257	0.0023496	0.0016581	0.0014625	0.0013443	0.0012794	0.0012402	0.0012119	0.0011964	0.0011869	0.001186419246
0.007338652482	0.0023487	0.0016708	0.0014725	0.0013565	0.0012903	0.0012528	0.0012242	0.0012089	0.0011994	0.001199017924
0.007358312394	0.0023587	0.001684	0.0014828	0.0013688	0.0013014	0.0012654	0.0012366	0.0012216	0.0012122	0.001211792661
0.007377972306	0.0023797	0.0016976	0.0014933	0.0013814	0.0013127	0.0012783	0.0012492	0.0012344	0.0012251	0.001224743722
0.007397632218	0.0024116	0.0017051	0.0015041	0.0013943	0.0013243	0.0012914	0.001262	0.0012474	0.0012382	0.001237870582
0.00741729213	0.0024545	0.0017116	0.0015151	0.0014073	0.0013322	0.0012973	0.001275	0.0012606	0.0012515	0.001251173774
0.007436952042	0.0025096	0.0017188	0.0015264	0.0014206	0.0013447	0.0013096	0.0012881	0.0012739	0.001265	0.001264653595
0.007456611954	0.0025003	0.0017268	0.0015379	0.0014341	0.0013574	0.0013221	0.0013015	0.0012875	0.0012786	0.001278309167
0.007476271866	0.0024944	0.0017354	0.0015497	0.0014478	0.0013703	0.0013348	0.001315	0.0013012	0.0012924	0.001292140999
0.007495931778	0.0024918	0.0017448	0.0015617	0.0014618	0.0013834	0.0013477	0.0013287	0.0013151	0.0013064	0.001306147997
0.00751559169	0.0024926	0.0017549	0.0015739	0.001476	0.001398	0.0013691	0.0013519	0.0013329	0.0013206	0.00132033247
0.007535251601	0.0024967	0.0017657	0.0015864	0.0014904	0.001411	0.0013826	0.001365	0.0013471	0.0013349	0.001334692002
0.007554911513	0.0025042	0.0017773	0.0015988	0.0015041	0.0014242	0.0013964	0.0013784	0.0013614	0.0013494	0.0013492282
0.007574571425	0.0025035	0.0017895	0.0016095	0.001517	0.0014377	0.0014103	0.0013919	0.0013759	0.0013641	0.001363940642
0.007594231337	0.0024896	0.0018025	0.0016205	0.0015302	0.0014514	0.0014245	0.0014057	0.0013906	0.001379	0.001378829083
0.007613891249	0.002477	0.0018163	0.0016319	0.0015437	0.0014652	0.0014382	0.0014145	0.0014021	0.001394	0.001393894911
0.007633551161	0.0024656	0.0018307	0.0016435	0.0015573	0.0014793	0.0014519	0.0014294	0.0014172	0.0014092	0.001409134726
0.007653211073	0.0024554	0.0018459	0.0016555	0.001568	0.0014936	0.0014658	0.0014445	0.0014325	0.0014246	0.0014245515
0.007672870985	0.0024465	0.0018618	0.0016678	0.0015789	0.0015082	0.0014799	0.0014598	0.001448	0.0014402	0.001440144577
0.007692530897	0.0024388	0.0018784	0.0016805	0.00159	0.0015229	0.0014943	0.0014753	0.0014636	0.0014559	0.001455914459
0.007712190809	0.0024323	0.0018957	0.0016934	0.0016015	0.0015379	0.0015088	0.0014909	0.0014795	0.0014719	0.001471859313
0.007731850721	0.0024271	0.0019138	0.0017067	0.0016132	0.001553	0.0015236	0.0015067	0.0014955	0.001488	0.001487980841
0.007751510633	0.0024232	0.0019326	0.0017203	0.0016253	0.0015684	0.0015386	0.0015227	0.0015117	0.0015042	0.001504278791
0.007771170545	0.0024205	0.0019521	0.0017342	0.0016377	0.001584	0.0015537	0.0015388	0.0015265	0.0015207	0.001520752312
0.007790830457	0.002419	0.0019723	0.0017484	0.0016504	0.0015998	0.0015691	0.0015546	0.0015426	0.0015373	0.001537402282
0.007810490369	0.0024187	0.0019933	0.0017629	0.0016634	0.0016153	0.0015933	0.0015702	0.0015589	0.0015541	0.001554228387
0.007830150281	0.0024197	0.002015	0.0017778	0.0016767	0.0016304	0.0016078	0.0015865	0.0015755	0.0015711	0.001571230648
0.007849810193	0.0024219	0.0020374	0.001793	0.0016903	0.0016457	0.0016226	0.0016031	0.0015923	0.0015882	0.001588409085
0.007869470105	0.0024254	0.0020605	0.0018447	0.0017458	0.0016612	0.0016377	0.0016199	0.001609	0.0016056	0.001605763896
0.007889130017	0.0024301	0.0020844	0.0018601	0.0017634	0.0016771	0.0016531	0.0016367	0.0016261	0.0016231	0.001623294394
0.007908789929	0.0024361	0.002109	0.0018762	0.0017813	0.0016932	0.0016687	0.0016532	0.0016434	0.0016408	0.001641001217
0.007928449841	0.0024433	0.0021343	0.0018923	0.0017995	0.0017096	0.0016846	0.0016697	0.0016609	0.0016586	0.001658884556
0.007948109753	0.0024517	0.0021603	0.001906	0.001818	0.0017263	0.0017007	0.0016864	0.0016786	0.0016767	0.001676943599
0.007967769665	0.0024614	0.0021825	0.0019201	0.0018337	0.0017432	0.0017171	0.0017034	0.0016966	0.0016949	0.001695178665
0.007987429577	0.0024723	0.0021845	0.0019459	0.0017941	0.001757	0.0017332	0.0017228	0.0017153	0.0017132	0.001713590107
0.008007089489	0.0024844	0.0021877	0.0019648	0.0018101	0.0017727	0.0017508	0.0017382	0.001733	0.0017318	0.001732180093
0.008026749401	0.0024978	0.0021919	0.0019842	0.0018265	0.0017887	0.001768	0.001756	0.0017515	0.0017505	0.001750943529
0.008046409313	0.0025125	0.0021972	0.0020042	0.0018432	0.001805	0.0017855	0.001774	0.0017702	0.0017695	0.001769883158
0.008066069225	0.0025283	0.0022036	0.0020247	0.0018601	0.0018216	0.0018033	0.0017923	0.0017891	0.0017885	0.001788997368
0.008085729137	0.0025455	0.0022112	0.0019999	0.0018774	0.0018386	0.0018213	0.0018108	0.0018082	0.0018076	0.001808289548
0.008105389049	0.0025638	0.0022198	0.0020193	0.001895	0.0018558	0.0018396	0.0018296	0.0018275	0.001827	0.001827757904
0.008125048961	0.0025834	0.0022295	0.0020389	0.0019129	0.0018733	0.0018582	0.0018487	0.001847	0.0018465	0.001847402438
0.008144708873	0.0026042	0.0022403	0.0020589	0.0019311	0.0018911	0.001877	0.001868	0.0018668	0.0018662	0.001867222917
0.008164368785	0.0026263	0.0022523	0.0020791	0.0019496	0.0019093	0.0018961	0.0018876	0.0018867	0.0018862	0.00188721968
0.008184028697	0.0026496	0.0022653	0.0020997	0.0019684	0.0019277	0.0019155	0.0019074	0.0019068	0.0019063	0.001907394389
0.008203688609	0.0026741	0.0022794	0.0021206	0.0019875	0.0019465	0.0019352	0.0019275	0.0019269	0.0019269	0.001927759989
0.008223348521	0.0026999	0.0022947	0.0021419	0.002007	0.0019655	0.0019551	0.0019478	0.0019473	0.0019473	0.001948326492
0.008243008433	0.002727	0.002311	0.0021619	0.0020267	0.0019849	0.0019751	0.0019684	0.0019684	0.0019684	0.001969093911
0.008262668345	0.0027552	0.0023284	0.0021823	0.0020467	0.0020045	0.0019954	0.0019893	0.0019893	0.0019893	0.001990063095
0.008282328257	0.0027847	0.0023469	0.0022031	0.0020671	0.0020245	0.002016	0.0020104	0.0020104	0.0020104	0.00201126179
0.008301988169	0.0028155	0.0023666	0.0022162	0.0020877	0.0020448	0.0020368	0.0020318	0.0020318	0.0020318	0.002032715493
0.008321648081	0.0028475	0.0023873	0.0022267	0.0021087	0.0020653	0.0020579	0.0020534	0.0020534	0.0020534	0.002054423486
0.008341307993	0.0028807	0.0024068	0.0022378	0.00213	0.0020862	0.0020793	0.0020753	0.0020753	0.0020753	0.002076385714
0.008360967905	0.0029152	0.0024197	0.0022498	0.0021516	0.0021074	0.002101	0.0020975	0.0020975	0.0020975	0.00209860221
0.008380627817	0.0029509	0.0024334	0.0022625	0.0021734	0.0021289	0.002123	0.0021199	0.0021199	0.0021199	0.002121072573
0.008400287729	0.0029878	0.0024479	0.0022759	0.0021956	0.0021507	0.0021453	0.0021426	0.0021426	0.0021426	0.002143797669
0.008419947641	0.003026	0.0024631	0.0022901	0.0022181	0.0021714	0.0021669	0.0021655	0.0021655	0.0021655	0.002166776517
0.008439607553	0.0030654	0.002479	0.0023051	0.0022344	0.0021936	0.0021898	0.0021887	0.0021887	0.0021887	0.002190009639
0.008459267465	0.0031061	0.0024958	0.0023208	0.0022514	0.0022161	0.002213	0.0022121	0.0022121	0.0022121	0.002213497994
0.008478927377	0.003148	0.0025133	0.0023373	0.0022692	0.002239	0.0022365	0.0022358	0.0022358	0.0022358	0.002237238775
0.008498587289	0.0031911	0.0025315	0.0023545	0.0022878	0.0022622	0.0022602	0.0022597	0.0022597	0.0022597	0.002261234645
0.008518247201	0.0032355	0.0025505	0.0023725	0.0023071	0.0022858	0.0022843	0.002284	0.002284	0.002284	0.002285485248
0.008537907113	0.0032812	0.0025703	0.0023913	0.0023271	0.0023098	0.0023086	0.0023086	0.0023086	0.0023086	0.002309989437
0.008557567025	0.003328	0.0025908	0.0024108	0.0023479	0.0023341	0.0023333	0.0023333	0.0023333	0.0023333	0.002334749531
0.008577226937	0.0033761	0.0026121	0.002431	0.0023694	0.0023587	0.0023582	0.0023582	0.0023582	0.0023582	0.00235976748
0.008596886849	0.0034255	0.0026342	0.0024521	0.0023917	0.0023837	0.0023837	0.0023837	0.0023837	0.0023837	0.002385041194
0.008616546761	0.003476	0.002657	0.0024738	0.0024147	0.002409	0.002409	0.002409	0.002409	0.002409	0.002410576838
0.008636206673	0.0035279	0.0026806	0.0024964	0.0024384	0.0024347	0.0024347	0.0024347	0.0024347	0.0024347	0.002436394871
0.008655866585	0.0035809	0.0027049	0.0025197	0.0024629	0.0024607	0.0024607	0.0024607	0.0024607	0.0024607	0.002462500646
0.008675526497	0.0036352	0.00273	0.0025437	0.0024882	0.0024882	0.0024882	0.0024882	0.0024882	0.0024882	0.002488925455
0.008695186409	0.0036908	0.0027559	0.0025686	0.0025142	0.0025142	0.0025142	0.0025142	0.0025142	0.0025142	0.002515699268
0.008714846321	0.0037476	0.0027825	0.0025941	0.0025409	0.0025409	0.0025409	0.0025409	0.0025409	0.0025409	0.002542822207
0.008734506233	0.0038056	0.0028099	0.0026205	0.0025684	0.0025684	0.0025684	0.0025684	0.0025684	0.0025684	0.002570422384
0.008754166145	0.0038648	0.002838	0.0026476	0.0025966	0.0025966	0.0025966	0.0025966	0.0025966	0.0025966	0.002598762248
0.008773826057	0.0039253	0.0028669	0.0026754	0.0026256	0.0026256	0.0026256	0.0026256	0.0026256	0.0026256	0.002627850853
0.008793485969	0.0039871	0.0028966	0.002704	0.0026553	0.0026553	0.0026553	0.0026553	0.0026553	0.0026553	0.002657687817
0.008813145881	0.0040501	0.002927	0.0027334	0.0026858	0.0026858	0.0026858	0.0026858	0.0026858	0.0026858	0.002688273101
0.008832805793	0.0041143	0.0029582	0.0027635	0.002717	0.002717	0.002717	0.002717	0.002717	0.002717	0.002719606677
0.008852465705	0.0041797	0.0029902	0.0027944	0.002749	0.002749	0.002749	0.002749	0.002749	0.002749	0.002751688428
0.008872125617	0.0042464	0.0030229	0.002826	0.0027817	0.0027817	0.0027817	0.0027817	0.0027817	0.0027817	0.002784518647
0.008891785529	0.0043144	0.0030563	0.0028584	0.0028151	0.0028151	0.0028151	0.0028151	0.0028151	0.0028151	0.002818097145
0.008911445441	0.0043836	0.0030906	0.0028916	0.0028493	0.0028493	0.0028493	0.0028493	0.0028493	0.0028493	0.002852423941
0.008931105353	0.004454	0.0031256	0.0029255	0.0028843	0.0028843	0.0028843	0.0028843	0.0028843	0.0028843	0.002887499064
0.008950765265	0.0045256	0.0031613	0.0029602	0.0029199	0.0029199	0.0029199	0.0029199	0.0029199	0.0029199	0.002923322496
0.008970425177	0.0045985	0.0031978	0.0029956	0.0029564	0.0029564	0.0029564	0.0029564	0.0029564	0.0029564	0.002959894242
0.008990085089	0.0045845	0.0032351	0.0030318	0.0029935	0.0029935	0.0029935	0.0029935	0.0029935	0.0029935	0.002997214321
0.009009745001	0.0045434	0.0032732	0.0030687	0.0030315	0.0030315	0.0030315	0.0030315	0.0030315	0.0030315	0.003035282693
0.009029404913	0.0045098	0.003312	0.0031064	0.0030701	0.0030701	0.0030701	0.0030701	0.0030701	0.0030701	0.003074099346
0.009049064825	0.0044837	0.0033515	0.0031449	0.0031095	0.0031095	0.0031095	0.0031095	0.0031095	0.0031095	0.003113665894
0.009068724737	0.0044651	0.0033918	0.0031841	0.0031497	0.0031497	0.0031497	0.0031497	0.0031497	0.0031497	0.003153977516
0.009088384649	0.004454	0.0034329	0.0032241	0.0031906	0.0031906	0.0031906	0.0031906	0.0031906	0.0031906	0.003195039127
0.009108044561	0.0044504	0.0034747	0.0032648	0.0032323	0.0032323	0.0032323	0.0032323	0.0032323	0.0032323	0.003236849266
0.009127704473	0.0044543	0.0035174	0.0033063	0.0032747	0.0032747	0.0032747	0.0032747	0.0032747	0.0032747	0.003279407481
0.009147364385	0.0044657	0.0035607	0.0033486	0.0033178	0.0033178	0.0033178	0.0033178	0.0033178	0.0033178	0.003322714058
0.009167024297	0.0044846	0.0036048	0.0033916	0.0033617	0.0033617	0.0033617	0.0033617	0.0033617	0.0033617	0.003366768887
0.009186684209	0.004511	0.0036497	0.0034354	0.0034063	0.0034063	0.0034063	0.0034063	0.0034063	0.0034063	0.003411575442
0.009206344121	0.0045448	0.0036954	0.0034799	0.0034517	0.0034517	0.0034517	0.0034517	0.0034517	0.0034517	0.003457123423
0.009226004033	0.0045862	0.0037418	0.0035252	0.0034978	0.0034978	0.0034978	0.0034978	0.0034978	0.0034978	0.003503423393
0.009245663945	0.0046351	0.0037889	0.0035712	0.0035447	0.0035447	0.0035447	0.0035447	0.0035447	0.0035447	0.00355047151
0.009265323857	0.0046915	0.0038369	0.003618	0.0035923	0.0035923	0.0035923	0.0035923	0.0035923	0.0035923	0.00359826797
0.009284983769	0.0047554	0.0038856	0.0036656	0.0036406	0.0036406	0.0036406	0.0036406	0.0036406	0.0036406	0.003646812465
0.009304643681	0.0048267	0.003935	0.0037139	0.0036897	0.0036897	0.0036897	0.0036897	0.0036897	0.0036897	0.003696105522
0.009324303593	0.0049056	0.0039852	0.003763	0.0037396	0.0037396	0.0037396	0.0037396	0.0037396	0.0037396	0.003746146998
0.009343963505	0.004992	0.0040362	0.0038128	0.0037902	0.0037902	0.0037902	0.0037902	0.0037902	0.0037902	0.003796936677
0.009363623417	0.0050859	0.0040879	0.0038634	0.0038415	0.0038415	0.0038415	0.0038415	0.0038415	0.0038415	0.003848474659
0.009383283329	0.0051872	0.0041404	0.0039147	0.0038936	0.0038936	0.0038936	0.0038936	0.0038936	0.0038936	0.003900760995
0.009402943241	0.0052961	0.0041937	0.0039668	0.0039464	0.0039464	0.0039464	0.0039464	0.0039464	0.0039464	0.003953795608
0.009422603153	0.0054125	0.0042477	0.0040197	0.004	0.004	0.004	0.004	0.004	0.004	0.004007578539
0.009442263065	0.0055363	0.0043025	0.0040733	0.0040543	0.0040543	0.0040543	0.0040543	0.0040543	0.0040543	0.004062109762
0.009461922977	0.0056677	0.004358	0.0041277	0.0041094	0.0041094	0.0041094	0.0041094	0.0041094	0.0041094	0.004117389304
0.009481582889	0.0058065	0.0044143	0.0041828	0.0041652	0.0041652	0.0041652	0.0041652	0.0041652	0.0041652	0.004173417153
0.009501242801	0.0059529	0.0044714	0.0042387	0.0042218	0.0042218	0.0042218	0.0042218	0.0042218	0.0042218	0.004230193309
0.009520902713	0.0061068	0.0045292	0.0042954	0.0042791	0.0042791	0.0042791	0.0042791	0.0042791	0.0042791	0.004287717787
0.009540562625	0.0062681	0.0045878	0.0043528	0.0043371	0.0043371	0.0043371	0.0043371	0.0043371	0.0043371	0.004345990545
0.009560222537	0.006437	0.0046253	0.004411	0.0043959	0.0043959	0.0043959	0.0043959	0.0043959	0.0043959	0.004405012306
0.009579882449	0.0066133	0.0046603	0.0044699	0.0044554	0.0044554	0.0044554	0.0044554	0.0044554	0.0044554	0.004464781081
0.009599542361	0.0067972	0.0046974	0.0045296	0.0045157	0.0045157	0.0045157	0.0045157	0.0045157	0.0045157	0.004525299934
0.009619202273	0.0069885	0.0047366	0.00459	0.0045768	0.0045768	0.0045768	0.0045768	0.0045768	0.0045768	0.004586565191
0.009638862185	0.0071083	0.0047781	0.0046512	0.0046385	0.0046385	0.0046385	0.0046385	0.0046385	0.0046385	0.004648579253
0.009658522097	0.0071775	0.0048218	0.0047132	0.0047011	0.0047011	0.0047011	0.0047011	0.0047011	0.0047011	0.004711341942
0.009678182009	0.007249	0.0048676	0.0047759	0.0047643	0.0047643	0.0047643	0.0047643	0.0047643	0.0047643	0.004774852896
0.009697841921	0.0073229	0.0049156	0.0048394	0.0048283	0.0048283	0.0048283	0.0048283	0.0048283	0.0048283	0.004839112701
0.009717501833	0.0073991	0.0049658	0.0049036	0.0048931	0.0048931	0.0048931	0.0048931	0.0048931	0.0048931	0.004904120006
0.009737161745	0.0074776	0.0050182	0.0049686	0.0049586	0.0049586	0.0049586	0.0049586	0.0049586	0.0049586	0.004969876442
0.009756821657	0.0075585	0.0050728	0.0050348	0.0050248	0.0050248	0.0050248	0.0050248	0.0050248	0.0050248	0.005036380305
0.009776481569	0.0076417	0.0051295	0.0050982	0.0050918	0.0050918	0.0050918	0.0050918	0.0050918	0.0050918	0.005103632569
0.009796141481	0.0077271	0.0051885	0.0051632	0.0051596	0.0051596	0.0051596	0.0051596	0.0051596	0.0051596	0.005171633943
0.009815801392	0.0077587	0.0052496	0.0052296	0.0052281	0.0052281	0.0052281	0.0052281	0.0052281	0.0052281	0.005240382603
0.009835461304	0.0076326	0.0053129	0.0052977	0.0052977	0.0052977	0.0052977	0.0052977	0.0052977	0.0052977	0.00530988009
0.009855121216	0.007516	0.0053784	0.0053672	0.0053672	0.0053672	0.0053672	0.0053672	0.0053672	0.0053672	0.005380179746
0.009874781128	0.0074091	0.0054461	0.0054384	0.0054384	0.0054384	0.0054384	0.0054384	0.0054384	0.0054384	0.005451874688
0.00989444104	0.0073118	0.0055159	0.005511	0.005511	0.005511	0.005511	0.005511	0.005511	0.005511	0.005525128796
0.009914100952	0.0072241	0.0055879	0.0055852	0.0055852	0.0055852	0.0055852	0.0055852	0.0055852	0.0055852	0.005599941976
0.009933760864	0.0071461	0.0056622	0.005661	0.005661	0.005661	0.005661	0.005661	0.005661	0.005661	0.005676315062
0.009953420776	0.0070776	0.0057386	0.0057386	0.0057386	0.0057386	0.0057386	0.0057386	0.0057386	0.0057386	0.005754245986
0.009973080688	0.0070188	0.0058172	0.0058172	0.0058172	0.0058172	0.0058172	0.0058172	0.0058172	0.0058172	0.005833816105
0.0099927406	0.0069696	0.0058979	0.0058979	0.0058979	0.0058979	0.0058979	0.0058979	0.0058979	0.0058979	0.005915509757
0.01001240051	0.00693	0.0059809	0.0059809	0.0059809	0.0059809	0.0059809	0.0059809	0.0059809	0.0059809	0.005999412126
0.01003206042	0.0069	0.006066	0.006066	0.006066	0.006066	0.006066	0.006066	0.006066	0.006066	0.00608552274
0.01005172034	0.0068796	0.0061533	0.0061533	0.0061533	0.0061533	0.0061533	0.0061533	0.0061533	0.0061533	0.006173841583
0.01007138025	0.0068689	0.0062428	0.0062428	0.0062428	0.0062428	0.0062428	0.0062428	0.0062428	0.0062428	0.006264368653
0.01009104016	0.0068678	0.0063345	0.0063345	0.0063345	0.0063345	0.0063345	0.0063345	0.0063345	0.0063345	0.006357103942
0.01011070007	0.0068763	0.0064284	0.0064284	0.0064284	0.0064284	0.0064284	0.0064284	0.0064284	0.0064284	0.006452047458
0.01013035998	0.0068944	0.0065244	0.0065244	0.0065244	0.0065244	0.0065244	0.0065244	0.0065244	0.0065244	0.006549199204
0.0101500199	0.0069222	0.0066227	0.0066227	0.0066227	0.0066227	0.0066227	0.0066227	0.0066227	0.0066227	0.006648559177
0.01016967981	0.0069595	0.0067231	0.0067231	0.0067231	0.0067231	0.0067231	0.0067231	0.0067231	0.0067231	0.006750127378
0.01018933972	0.0070065	0.0068257	0.0068257	0.0068257	0.0068257	0.0068257	0.0068257	0.0068257	0.0068257	0.0068539038
0.01020899963	0.0070631	0.0069305	0.0069305	0.0069305	0.0069305	0.0069305	0.0069305	0.0069305	0.0069305	0.006959888551
0.01022865954	0.0071293	0.0070374	0.0070374	0.0070374	0.0070374	0.0070374	0.0070374	0.0070374	0.0070374	0.007068081392
0.01024831946	0.0072051	0.0071466	0.0071466	0.0071466	0.0071466	0.0071466	0.0071466	0.0071466	0.0071466	0.007178482502
0.01026797937	0.0072906	0.0072579	0.0072579	0.0072579	0.0072579	0.0072579	0.0072579	0.0072579	0.0072579	0.007291091877
0.01028763928	0.0073857	0.0073714	0.0073714	0.0073714	0.0073714	0.0073714	0.0073714	0.0073714	0.0073714	0.007405910118
0.01030729919	0.0074903	0.0074903	0.0074903	0.0074903	0.0074903	0.0074903	0.0074903	0.0074903	0.0074903	0.007522935175
0.0103269591	0.0076046	0.0076046	0.0076046	0.0076046	0.0076046	0.0076046	0.0076046	0.0076046	0.0076046	0.007643813691
0.01034661902	0.0077286	0.0077286	0.0077286	0.0077286	0.0077286	0.0077286	0.0077286	0.0077286	0.0077286	0.007774321685
0.01036627893	0.0078621	0.0078621	0.0078621	0.0078621	0.0078621	0.0078621	0.0078621	0.0078621	0.0078621	0.007914957489
0.01038593884	0.0080053	0.0080053	0.0080053	0.0080053	0.0080053	0.0080053	0.0080053	0.0080053	0.0080053	0.008065731719
0.01040559875	0.0081581	0.0081581	0.0081581	0.0081581	0.0081581	0.0081581	0.0081581	0.0081581	0.0081581	0.008226620474
0.01042525866	0.0083205	0.0083205	0.0083205	0.0083205	0.0083205	0.0083205	0.0083205	0.0083205	0.0083205	0.008397644322
0.01044491858	0.0084925	0.0084925	0.0084925	0.0084925	0.0084925	0.0084925	0.0084925	0.0084925	0.0084925	0.008578798552
0.01046457849	0.0086741	0.0086741	0.0086741	0.0086741	0.0086741	0.0086741	0.0086741	0.0086741	0.0086741	0.008770082519
0.0104842384	0.0088654	0.0088654	0.0088654	0.0088654	0.0088654	0.0088654	0.0088654	0.0088654	0.0088654	0.008971498992
0.01050389831	0.0090663	0.0090663	0.0090663	0.0090663	0.0090663	0.0090663	0.0090663	0.0090663	0.0090663	0.009183041514
0.01052355822	0.0092768	0.0092768	0.0092768	0.0092768	0.0092768	0.0092768	0.0092768	0.0092768	0.0092768	0.009404712403
0.01054321814	0.0094969	0.0094969	0.0094969	0.0094969	0.0094969	0.0094969	0.0094969	0.0094969	0.0094969	0.009636516765
0.01056287805	0.0097266	0.0097266	0.0097266	0.0097266	0.0097266	0.0097266	0.0097266	0.0097266	0.0097266	0.009878446037
0.01058253796	0.009966	0.009966	0.009966	0.009966	0.009966	0.009966	0.009966	0.009966	0.009966	0.01013050674
0.01060219787	0.010215	0.010215	0.010215	0.010215	0.010215	0.010215	0.010215	0.010215	0.010215	0.01039269724
0.01062185778	0.010474	0.010474	0.010474	0.010474	0.010474	0.010474	0.010474	0.010474	0.010474	0.0106650227
0.0106415177	0.010742	0.010742	0.010742	0.010742	0.010742	0.010742	0.010742	0.010742	0.010742	0.01094747039
0.01066117761	0.01102	0.01102	0.01102	0.01102	0.01102	0.01102	0.01102	0.01102	0.01102	0.01124004834
0.01068083752	0.011307	0.011307	0.011307	0.011307	0.011307	0.011307	0.011307	0.011307	0.011307	0.01154275531
0.01070049743	0.011604	0.011604	0.011604	0.011604	0.011604	0.011604	0.011604	0.011604	0.011604	0.01185559289
0.01072015734	0.011911	0.011911	0.011911	0.011911	0.011911	0.011911	0.011911	0.011911	0.011911	0.01217856309
0.01073981726	0.012227	0.012227	0.012227	0.012227	0.012227	0.012227	0.012227	0.012227	0.012227	0.01251165894
0.01075947717	0.012553	0.012553	0.012553	0.012553	0.012553	0.012553	0.012553	0.012553	0.012553	0.01285488468
0.01077913708	0.012888	0.012888	0.012888	0.012888	0.012888	0.012888	0.012888	0.012888	0.012888	0.01320824043
0.01079879699	0.013234	0.013234	0.013234	0.013234	0.013234	0.013234	0.013234	0.013234	0.013234	0.01357172739
0.0108184569	0.013588	0.013588	0.013588	0.013588	0.013588	0.013588	0.013588	0.013588	0.013588	0.01394534186
0.01083811682	0.013953	0.013953	0.013953	0.013953	0.013953	0.013953	0.013953	0.013953	0.013953	0.01432908593
0.01085777673	0.014327	0.014327	0.014327	0.014327	0.014327	0.014327	0.014327	0.014327	0.014327	0.01472296078
0.01087743664	0.01471	0.01471	0.01471	0.01471	0.01471	0.01471	0.01471	0.01471	0.01471	0.01512696412
0.01089709655	0.015104	0.015104	0.015104	0.015104	0.015104	0.015104	0.015104	0.015104	0.015104	0.01554110076
0.01091675646	0.015507	0.015507	0.015507	0.015507	0.015507	0.015507	0.015507	0.015507	0.015507	0.01596535975
0.01093641638	0.015919	0.015919	0.015919	0.015919	0.015919	0.015919	0.015919	0.015919	0.015919	0.0163997522
0.01095607629	0.016341	0.016341	0.016341	0.016341	0.016341	0.016341	0.016341	0.016341	0.016341	0.01684427362
