0.001432	37	53	168	285	422	455	959	1129	1274	1304	0.139998	0.069420	0.082354	0.058168	0.111683	0.130248	0.112256	0.136154	0.059363	0.100355	
0.001455	37	53	168	285	422	455	959	1129	1274	1304	0.135005	0.069446	0.086745	0.059329	0.113324	0.129220	0.112159	0.136891	0.058440	0.099440	
0.001478	37	53	168	285	422	455	959	1129	1274	1304	0.130012	0.069472	0.091136	0.060491	0.114965	0.128193	0.112063	0.137627	0.057517	0.098525	
0.001501	37	53	168	285	422	455	959	1129	1274	1304	0.125019	0.069498	0.095527	0.061652	0.116606	0.127165	0.111966	0.138363	0.056593	0.097610	
0.001524	37	53	168	285	422	455	959	1129	1274	1304	0.120026	0.069525	0.099918	0.062814	0.118247	0.126137	0.111869	0.139100	0.055670	0.096695	
0.001547	37	53	168	256	410	422	959	1055	1129	1304	0.099778	0.069195	0.092978	0.059482	0.091186	0.130115	0.137474	0.085504	0.126598	0.107690	
0.001570	37	53	168	410	422	959	1015	1055	1129	1304	0.102585	0.070522	0.083637	0.078243	0.132798	0.133777	0.080940	0.088469	0.123175	0.105854	
0.001593	37	53	168	285	422	455	959	1129	1274	1304	0.105047	0.069603	0.113091	0.066298	0.123170	0.123055	0.111578	0.141309	0.052899	0.093950	
0.001616	37	53	168	285	422	455	959	1129	1274	1304	0.100054	0.069629	0.117482	0.067460	0.124811	0.122027	0.111481	0.142045	0.051976	0.093035	
0.001639	37	53	78	168	285	422	455	959	1129	1304	0.122031	0.071295	0.053392	0.095265	0.061850	0.118451	0.131256	0.114725	0.139108	0.092627	
0.001662	37	53	78	168	285	422	455	959	1129	1304	0.116722	0.071143	0.054320	0.099472	0.062864	0.119972	0.130070	0.114150	0.139782	0.091504	
0.001685	37	53	78	168	285	422	455	959	1129	1304	0.111413	0.070991	0.055249	0.103679	0.063878	0.121493	0.128885	0.113576	0.140455	0.090381	
0.001708	37	53	78	168	285	422	455	959	1129	1304	0.106104	0.070839	0.056178	0.107886	0.064891	0.123015	0.127699	0.113002	0.141128	0.089258	
0.001731	37	53	78	168	285	422	455	959	1129	1304	0.100795	0.070687	0.057107	0.112093	0.065905	0.124536	0.126513	0.112427	0.141802	0.088135	
0.001754	37	53	78	168	285	422	455	959	1129	1304	0.095486	0.070535	0.058036	0.116299	0.066919	0.126057	0.125327	0.111853	0.142475	0.087013	
0.001777	37	53	78	168	285	410	422	455	959	1129	0.104989	0.066335	0.056989	0.101173	0.066105	0.067714	0.133000	0.128733	0.132200	0.142763	
0.001799	37	53	168	285	422	455	523	1129	1274	1304	0.119725	0.069577	0.108899	0.063353	0.121012	0.147812	0.055439	0.133435	0.063930	0.116818	
0.001822	37	53	168	285	422	455	523	1129	1274	1304	0.116764	0.069384	0.110870	0.063860	0.121524	0.146830	0.057897	0.133051	0.063506	0.116314	
0.001845	37	53	168	285	422	455	523	1129	1274	1304	0.113803	0.069192	0.112841	0.064368	0.122035	0.145849	0.060354	0.132667	0.063082	0.115810	
0.001868	37	53	78	168	285	410	422	455	959	1129	0.083236	0.065278	0.060284	0.117589	0.069378	0.070720	0.138813	0.122065	0.128346	0.144291	
0.001891	37	53	78	168	285	410	422	455	959	1129	0.077798	0.065014	0.061108	0.121693	0.070196	0.071472	0.140267	0.120398	0.127383	0.144673	
0.001914	53	78	168	285	422	455	733	959	1015	1129	0.070236	0.059927	0.117011	0.072511	0.141759	0.110106	0.075934	0.134082	0.091262	0.127172	
0.001937	53	78	168	285	422	455	733	959	1015	1129	0.069861	0.061264	0.123398	0.073104	0.142712	0.106653	0.072432	0.130731	0.091034	0.128811	
0.001960	53	78	168	285	422	455	733	959	1015	1129	0.069487	0.062600	0.129785	0.073698	0.143665	0.103199	0.068931	0.127379	0.090805	0.130450	
0.001983	53	78	168	285	422	455	733	959	1015	1129	0.069112	0.063937	0.136172	0.074291	0.144619	0.099746	0.065429	0.124028	0.090577	0.132090	
0.002006	53	78	168	285	422	455	733	959	1015	1129	0.068737	0.065273	0.142559	0.074885	0.145572	0.096293	0.061928	0.120676	0.090348	0.133729	
0.002029	53	78	168	285	410	422	455	959	1015	1129	0.063409	0.062324	0.124954	0.068589	0.062473	0.152459	0.105807	0.137999	0.089227	0.132760	
0.002052	53	78	168	285	410	422	455	959	1015	1129	0.062877	0.063523	0.131633	0.069068	0.063684	0.153130	0.100829	0.133363	0.088128	0.133763	
0.002075	53	78	168	285	422	455	706	959	1015	1129	0.071942	0.058306	0.120863	0.072302	0.142994	0.118160	0.041400	0.146463	0.094684	0.132885	
0.002098	53	78	168	285	422	455	706	959	1015	1129	0.071771	0.058815	0.125619	0.072629	0.142978	0.114214	0.044211	0.143003	0.093510	0.133250	
0.002121	53	78	168	285	381	410	422	733	959	1129	0.075401	0.058716	0.111929	0.067732	0.112938	0.082243	0.151080	0.078175	0.141680	0.120105	
0.002144	53	78	168	285	381	410	422	959	1129	1304	0.072393	0.058373	0.118258	0.060937	0.111533	0.084117	0.151155	0.129673	0.121393	0.092167	
0.002167	53	78	168	285	381	410	422	959	1129	1304	0.071370	0.059726	0.125038	0.061927	0.113726	0.084437	0.151369	0.122412	0.122581	0.087413	
0.002190	53	78	168	285	381	410	422	959	1015	1129	0.070395	0.063736	0.126808	0.061913	0.099071	0.076246	0.156412	0.134652	0.084366	0.126401	
0.002213	53	78	168	285	381	410	422	959	1015	1129	0.069286	0.064954	0.134051	0.062894	0.101976	0.076897	0.156288	0.125860	0.080425	0.127369	
0.002236	53	78	168	285	381	410	422	959	1015	1129	0.068177	0.066171	0.141294	0.063876	0.104880	0.077548	0.156163	0.117069	0.076485	0.128336	
0.002259	53	78	168	285	381	410	422	959	1015	1129	0.067067	0.067389	0.148538	0.064857	0.107785	0.078199	0.156039	0.108277	0.072545	0.129304	
0.002282	53	160	168	285	422	455	706	959	1118	1129	0.066363	0.061399	0.124877	0.074728	0.125365	0.132980	0.051401	0.159848	0.059412	0.143628	
0.002305	53	78	168	410	422	523	959	1015	1129	1304	0.065157	0.060589	0.122495	0.078175	0.160813	0.062084	0.128813	0.102884	0.115454	0.103535	
0.002328	53	168	285	410	422	455	523	1129	1274	1304	0.059767	0.144402	0.071803	0.072538	0.147249	0.127213	0.089676	0.117462	0.060029	0.109860	
0.002351	53	168	285	410	422	455	523	1129	1274	1304	0.059443	0.146114	0.071944	0.072974	0.147046	0.124927	0.093036	0.116801	0.058954	0.108762	
0.002374	53	78	168	285	410	422	455	523	1129	1304	0.062990	0.062084	0.135695	0.070602	0.073989	0.149933	0.141229	0.073460	0.121287	0.108732	
0.002397	53	78	168	285	410	422	455	523	1129	1304	0.062502	0.062165	0.137382	0.070643	0.074284	0.149534	0.138499	0.077104	0.120514	0.107374	
0.002420	53	78	168	285	410	422	455	523	1129	1304	0.062013	0.062246	0.139070	0.070684	0.074579	0.149134	0.135769	0.080748	0.119740	0.106016	
0.002443	53	78	168	285	410	422	455	523	1129	1304	0.061525	0.062327	0.140758	0.070725	0.074874	0.148735	0.133038	0.084392	0.118967	0.104658	
0.002466	53	78	168	285	410	422	455	523	1129	1304	0.061037	0.062408	0.142445	0.070766	0.075169	0.148336	0.130308	0.088036	0.118194	0.103300	
0.002488	53	78	168	285	410	422	455	523	1129	1304	0.060548	0.062489	0.144133	0.070807	0.075464	0.147937	0.127578	0.091680	0.117421	0.101942	
0.002511	53	78	168	285	410	422	455	523	1129	1304	0.060060	0.062571	0.145820	0.070848	0.075759	0.147538	0.124848	0.095324	0.116648	0.100585	
0.002534	53	78	168	285	410	422	455	523	1129	1304	0.059572	0.062652	0.147508	0.070889	0.076054	0.147139	0.122118	0.098968	0.115875	0.099227	
0.002557	53	78	168	285	410	422	455	523	1129	1304	0.059083	0.062733	0.149195	0.070930	0.076349	0.146740	0.119387	0.102612	0.115102	0.097869	
0.002580	53	78	168	285	410	422	455	523	1129	1304	0.058595	0.062814	0.150883	0.070971	0.076644	0.146341	0.116657	0.106256	0.114329	0.096511	
0.002603	53	78	168	285	352	422	455	523	1129	1304	0.069648	0.063258	0.153529	0.079824	0.017847	0.146987	0.152030	0.092754	0.114898	0.109225	
0.002626	53	78	168	285	352	422	455	523	1129	1304	0.069312	0.063203	0.154882	0.079889	0.018426	0.146667	0.149914	0.095721	0.113826	0.108160	
0.002649	53	78	168	285	352	422	455	523	1129	1304	0.068976	0.063149	0.156236	0.079954	0.019004	0.146348	0.147798	0.098688	0.112755	0.107094	
0.002672	53	78	168	285	352	422	455	523	1129	1304	0.068639	0.063095	0.157589	0.080018	0.019582	0.146028	0.145682	0.101654	0.111683	0.106029	
0.002695	53	78	168	285	352	422	455	523	1129	1304	0.068303	0.063040	0.158943	0.080083	0.020161	0.145709	0.143567	0.104621	0.110611	0.104964	
0.002718	53	78	168	285	352	422	455	523	1129	1304	0.067966	0.062986	0.160296	0.080148	0.020739	0.145389	0.141451	0.107588	0.109539	0.103898	
0.002741	53	78	168	285	352	422	455	523	1129	1304	0.067630	0.062932	0.161650	0.080212	0.021317	0.145070	0.139335	0.110555	0.108467	0.102833	
0.002764	53	78	168	285	352	422	455	523	1129	1304	0.067295	0.062878	0.163002	0.080277	0.021896	0.144750	0.137219	0.113520	0.107395	0.101768	
0.002787	2	53	168	285	381	410	422	523	1129	1304	0.042127	0.079476	0.128743	0.071094	0.116107	0.107876	0.146879	0.080783	0.104875	0.122041	
0.002810	2	53	168	285	381	410	422	523	1129	1304	0.043637	0.078912	0.129361	0.071434	0.114897	0.108056	0.145727	0.083623	0.104002	0.120351	
0.002833	53	168	197	285	352	422	455	523	1129	1304	0.071265	0.155771	0.048590	0.089410	0.020454	0.152108	0.142906	0.108619	0.105732	0.105146	
0.002856	53	168	285	352	422	455	523	924	1129	1304	0.072228	0.163564	0.089441	0.019969	0.156621	0.141117	0.096023	0.034710	0.106257	0.120070	
0.002879	53	168	285	352	422	455	523	924	1129	1304	0.071904	0.164422	0.089545	0.020392	0.156460	0.139109	0.098021	0.035658	0.105242	0.119246	
0.002902	53	168	285	352	422	455	523	924	1129	1304	0.071581	0.165280	0.089649	0.020816	0.156299	0.137101	0.100020	0.036606	0.104228	0.118421	
0.002925	2	53	168	285	381	410	422	523	1129	1304	0.051185	0.076093	0.132453	0.073135	0.108846	0.108959	0.139968	0.097820	0.099636	0.111904	
0.002948	53	168	285	352	422	455	523	924	1129	1304	0.070933	0.166996	0.089858	0.021663	0.155977	0.133084	0.104018	0.038502	0.102198	0.116771	
0.002971	2	53	168	285	381	410	422	523	1129	1304	0.054205	0.074965	0.133690	0.073815	0.106426	0.109320	0.137665	0.103500	0.097889	0.108525	
0.002994	53	168	285	352	422	455	523	924	1129	1304	0.070286	0.168712	0.090066	0.022510	0.155655	0.129068	0.108016	0.040397	0.100169	0.115122	
0.003017	2	53	168	285	352	381	410	422	523	1304	0.043714	0.085601	0.133077	0.081161	0.020894	0.125237	0.109064	0.164147	0.098231	0.138874	
0.003040	2	53	168	285	352	381	410	422	523	1304	0.044935	0.085078	0.133614	0.081352	0.021340	0.124150	0.108841	0.162921	0.100620	0.137149	
0.003063	2	53	168	285	352	381	410	422	523	1304	0.046156	0.084555	0.134151	0.081544	0.021787	0.123063	0.108617	0.161694	0.103009	0.135424	
0.003086	2	53	168	285	352	381	410	422	523	1304	0.047377	0.084031	0.134688	0.081735	0.022233	0.121975	0.108394	0.160468	0.105399	0.133699	
0.003109	2	53	168	285	352	381	410	422	523	1304	0.048598	0.083508	0.135225	0.081927	0.022680	0.120888	0.108170	0.159242	0.107788	0.131974	
0.003132	2	53	168	285	352	381	410	422	523	1304	0.049819	0.082985	0.135762	0.082118	0.023127	0.119801	0.107946	0.158015	0.110177	0.130249	
0.003154	2	53	168	285	352	381	410	422	523	1304	0.051040	0.082462	0.136299	0.082310	0.023573	0.118714	0.107723	0.156789	0.112566	0.128523	
0.003177	2	53	168	285	352	381	410	422	523	1304	0.052261	0.081938	0.136837	0.082501	0.024020	0.117626	0.107499	0.155563	0.114956	0.126798	
0.003200	2	53	168	285	352	381	410	422	523	1304	0.053482	0.081415	0.137374	0.082693	0.024467	0.116539	0.107276	0.154337	0.117345	0.125073	
0.003223	2	53	168	285	352	381	410	422	523	1304	0.054703	0.080892	0.137911	0.082884	0.024913	0.115452	0.107052	0.153110	0.119734	0.123348	
0.003246	2	53	168	285	352	381	410	422	523	1304	0.055924	0.080370	0.138447	0.083077	0.025360	0.114365	0.106828	0.151883	0.122122	0.121623	
0.003269	2	53	168	285	352	381	410	422	523	1304	0.057145	0.079846	0.138984	0.083268	0.025807	0.113278	0.106605	0.150657	0.124512	0.119898	
0.003292	2	53	168	285	352	381	410	422	523	1304	0.058366	0.079323	0.139521	0.083459	0.026253	0.112191	0.106381	0.149431	0.126901	0.118173	
0.003315	2	53	168	285	352	381	410	422	523	1304	0.059587	0.078800	0.140058	0.083651	0.026700	0.111103	0.106157	0.148205	0.129290	0.116448	
0.003338	2	53	168	285	293	352	381	410	422	523	0.047943	0.090494	0.124171	0.093622	0.077075	0.022252	0.150471	0.120029	0.181656	0.092287	
0.003361	2	53	168	285	352	381	410	422	523	1304	0.062029	0.077753	0.141133	0.084034	0.027593	0.108929	0.105710	0.145752	0.134069	0.112998	
0.003384	2	53	168	285	352	381	410	422	523	1304	0.063250	0.077230	0.141670	0.084225	0.028040	0.107842	0.105486	0.144526	0.136458	0.111273	
0.003407	2	53	168	285	352	381	410	422	523	1304	0.064471	0.076706	0.142207	0.084417	0.028486	0.106754	0.105263	0.143300	0.138847	0.109548	
0.003430	2	53	168	285	352	381	410	422	523	1304	0.065692	0.076183	0.142744	0.084608	0.028933	0.105667	0.105039	0.142073	0.141237	0.107823	
0.003453	2	53	168	285	352	381	410	422	523	1304	0.066913	0.075660	0.143281	0.084800	0.029380	0.104580	0.104816	0.140847	0.143626	0.106098	
0.003476	2	53	168	285	293	352	381	410	422	523	0.055575	0.085729	0.125847	0.093200	0.080244	0.025012	0.139593	0.116603	0.170843	0.107353	
0.003499	2	53	168	285	293	352	381	410	422	523	0.056847	0.084935	0.126127	0.093129	0.080772	0.025472	0.137781	0.116032	0.169041	0.109864	
0.003522	2	53	168	285	293	352	381	410	422	523	0.058119	0.084141	0.126406	0.093059	0.081300	0.025932	0.135968	0.115461	0.167239	0.112375	
0.003545	2	53	168	285	293	352	381	410	422	523	0.059391	0.083347	0.126686	0.092989	0.081828	0.026391	0.134155	0.114890	0.165437	0.114886	
0.003568	2	53	168	285	293	352	410	422	523	1304	0.065659	0.078675	0.137151	0.085391	0.072438	0.026544	0.113836	0.156870	0.144279	0.119156	
0.003591	2	53	168	285	293	352	410	422	523	1304	0.066810	0.078067	0.137350	0.085532	0.073187	0.026983	0.113449	0.155482	0.146308	0.116832	
0.003614	2	53	168	285	293	352	410	422	523	1304	0.067960	0.077459	0.137549	0.085673	0.073936	0.027422	0.113063	0.154094	0.148336	0.114507	
0.003637	2	53	168	285	293	352	381	410	422	523	0.064480	0.080172	0.127803	0.092708	0.083940	0.028231	0.126903	0.112605	0.158228	0.124930	
0.003660	2	53	168	285	293	352	381	410	422	523	0.065752	0.079377	0.128082	0.092638	0.084468	0.028691	0.125090	0.112034	0.156426	0.127441	
0.003683	2	53	168	285	293	352	381	410	422	523	0.067024	0.078583	0.128362	0.092567	0.084996	0.029151	0.123278	0.111463	0.154624	0.129952	
0.003706	2	53	168	285	293	352	381	410	422	523	0.068296	0.077789	0.128641	0.092497	0.085524	0.029611	0.121465	0.110892	0.152821	0.132463	
0.003729	2	53	168	285	293	352	381	410	422	523	0.069568	0.076995	0.128920	0.092427	0.086052	0.030071	0.119652	0.110321	0.151019	0.134974	
0.003752	2	53	168	285	293	352	381	410	422	523	0.070840	0.076201	0.129200	0.092356	0.086580	0.030531	0.117839	0.109750	0.149217	0.137485	
0.003775	2	53	168	285	293	352	381	410	422	523	0.072112	0.075407	0.129479	0.092286	0.087108	0.030991	0.116026	0.109179	0.147415	0.139996	
0.003798	2	53	168	285	293	352	381	410	422	523	0.073384	0.074613	0.129758	0.092216	0.087637	0.031451	0.114213	0.108608	0.145613	0.142507	
0.003821	2	53	168	285	293	352	381	410	422	523	0.074657	0.073819	0.130038	0.092145	0.088165	0.031911	0.112400	0.108037	0.143811	0.145018	
0.003843	2	53	168	285	293	352	381	410	422	523	0.075929	0.073025	0.130317	0.092075	0.088693	0.032370	0.110587	0.107466	0.142008	0.147529	
0.003866	2	53	168	285	293	352	381	410	422	523	0.077201	0.072231	0.130597	0.092005	0.089221	0.032830	0.108774	0.106895	0.140206	0.150040	
0.003889	2	53	168	285	293	352	381	410	422	523	0.078473	0.071436	0.130876	0.091934	0.089749	0.033290	0.106962	0.106324	0.138404	0.152552	
0.003912	2	53	168	285	293	352	381	410	422	523	0.079745	0.070642	0.131155	0.091864	0.090277	0.033750	0.105149	0.105753	0.136602	0.155063	
0.003935	2	53	168	285	293	352	381	410	422	523	0.081017	0.069848	0.131435	0.091794	0.090805	0.034210	0.103336	0.105182	0.134800	0.157574	
0.003958	2	53	168	197	285	293	352	410	422	523	0.074765	0.084638	0.124885	0.061653	0.103222	0.085756	0.026588	0.117156	0.174339	0.146998	
0.003981	2	53	168	285	293	352	410	422	523	924	0.060783	0.085652	0.142696	0.104459	0.090924	0.026738	0.119092	0.189503	0.134266	0.045888	
0.004004	2	53	168	285	293	352	410	422	523	924	0.061758	0.084654	0.142612	0.104317	0.091307	0.027172	0.117968	0.187428	0.136069	0.046717	
0.004027	2	53	168	285	293	352	410	422	523	924	0.062733	0.083656	0.142528	0.104174	0.091689	0.027607	0.116844	0.185353	0.137871	0.047545	
0.004050	2	53	168	285	293	352	410	422	523	924	0.063708	0.082658	0.142444	0.104032	0.092072	0.028041	0.115721	0.183278	0.139673	0.048374	
0.004073	2	53	168	285	293	352	410	422	523	924	0.064683	0.081660	0.142360	0.103889	0.092454	0.028476	0.114597	0.181204	0.141475	0.049202	
0.004096	2	53	168	285	293	352	410	422	523	924	0.065658	0.080662	0.142276	0.103746	0.092837	0.028911	0.113473	0.179129	0.143277	0.050030	
0.004119	2	53	168	285	293	352	410	422	523	924	0.066633	0.079665	0.142191	0.103604	0.093220	0.029346	0.112350	0.177054	0.145078	0.050859	
0.004142	2	53	168	285	293	352	410	422	523	924	0.067608	0.078667	0.142107	0.103462	0.093602	0.029780	0.111226	0.174979	0.146881	0.051688	
0.004165	2	53	168	285	293	352	410	422	523	924	0.068583	0.077669	0.142023	0.103319	0.093985	0.030215	0.110102	0.172904	0.148683	0.052516	
0.004188	2	53	168	285	293	352	410	422	523	924	0.069558	0.076671	0.141939	0.103177	0.094368	0.030649	0.108979	0.170829	0.150485	0.053345	
0.004211	2	53	168	285	293	352	410	422	523	924	0.070533	0.075674	0.141855	0.103034	0.094750	0.031084	0.107855	0.168755	0.152288	0.054173	
0.004234	2	53	168	285	293	352	410	422	523	924	0.071508	0.074676	0.141771	0.102892	0.095133	0.031519	0.106731	0.166680	0.154090	0.055001	
0.004257	2	53	168	285	293	352	410	422	523	924	0.072483	0.073678	0.141687	0.102749	0.095515	0.031953	0.105608	0.164605	0.155892	0.055830	
0.004280	2	53	168	285	293	352	410	422	523	924	0.073457	0.072680	0.141603	0.102607	0.095898	0.032388	0.104484	0.162530	0.157694	0.056658	
0.004303	2	53	168	285	293	352	410	422	523	924	0.074432	0.071682	0.141519	0.102464	0.096281	0.032822	0.103360	0.160456	0.159497	0.057487	
0.004326	2	53	168	285	293	352	410	422	523	924	0.075407	0.070684	0.141435	0.102322	0.096663	0.033257	0.102237	0.158381	0.161299	0.058315	
0.004349	2	53	168	285	293	352	410	422	523	924	0.076382	0.069686	0.141351	0.102179	0.097046	0.033692	0.101113	0.156306	0.163101	0.059144	
0.004372	2	53	168	285	293	352	410	422	523	924	0.077357	0.068688	0.141267	0.102036	0.097429	0.034126	0.099989	0.154231	0.164903	0.059972	
0.004395	2	53	168	285	293	352	410	422	523	924	0.078332	0.067691	0.141183	0.101894	0.097811	0.034561	0.098866	0.152157	0.166705	0.060801	
0.004418	2	53	168	285	293	352	410	422	523	924	0.079307	0.066693	0.141099	0.101751	0.098194	0.034995	0.097742	0.150082	0.168508	0.061629	
0.004441	2	53	168	285	293	295	352	422	523	924	0.059491	0.099828	0.156313	0.109641	0.091481	0.068063	0.033225	0.186791	0.136926	0.058242	
0.004464	2	53	168	285	293	295	352	422	523	924	0.060522	0.098648	0.155775	0.109156	0.091631	0.068945	0.033582	0.184454	0.138367	0.058919	
0.004487	2	53	168	285	293	295	352	422	523	924	0.061553	0.097468	0.155237	0.108671	0.091782	0.069828	0.033940	0.182117	0.139808	0.059595	
0.004510	2	53	168	285	293	295	352	422	523	924	0.062585	0.096288	0.154699	0.108185	0.091932	0.070711	0.034298	0.179780	0.141249	0.060272	
0.004532	2	53	168	285	293	295	352	422	523	924	0.063616	0.095109	0.154160	0.107701	0.092083	0.071594	0.034656	0.177443	0.142689	0.060948	
0.004555	2	53	168	285	293	295	352	422	523	924	0.064648	0.093929	0.153622	0.107215	0.092233	0.072477	0.035013	0.175106	0.144130	0.061625	
0.004578	2	53	168	285	293	295	352	422	523	924	0.065679	0.092749	0.153084	0.106730	0.092384	0.073360	0.035371	0.172770	0.145572	0.062301	
0.004601	2	53	168	285	293	295	352	422	523	924	0.066710	0.091569	0.152546	0.106245	0.092534	0.074242	0.035729	0.170433	0.147013	0.062978	
0.004624	2	53	168	285	293	295	352	422	523	924	0.067742	0.090389	0.152008	0.105760	0.092685	0.075125	0.036086	0.168096	0.148454	0.063655	
0.004647	2	53	168	285	293	295	352	422	523	924	0.068773	0.089209	0.151470	0.105275	0.092835	0.076008	0.036444	0.165759	0.149895	0.064331	
0.004670	2	53	168	285	293	295	352	422	523	924	0.069805	0.088029	0.150932	0.104789	0.092986	0.076891	0.036802	0.163423	0.151337	0.065008	
0.004693	2	53	168	285	293	295	352	422	523	924	0.070836	0.086849	0.150394	0.104304	0.093136	0.077773	0.037159	0.161086	0.152778	0.065684	
0.004716	2	53	168	285	293	295	352	422	523	924	0.071867	0.085669	0.149856	0.103819	0.093286	0.078656	0.037517	0.158749	0.154219	0.066361	
0.004739	2	53	168	285	293	295	352	422	523	924	0.072899	0.084489	0.149318	0.103334	0.093437	0.079539	0.037875	0.156412	0.155660	0.067037	
0.004762	2	53	168	285	293	295	352	422	523	924	0.073930	0.083310	0.148780	0.102849	0.093587	0.080422	0.038232	0.154075	0.157101	0.067714	
0.004785	2	53	168	285	293	295	352	422	523	924	0.074962	0.082130	0.148242	0.102364	0.093738	0.081304	0.038590	0.151738	0.158542	0.068390	
0.004808	2	53	168	285	293	295	352	422	523	924	0.075993	0.080950	0.147704	0.101878	0.093888	0.082187	0.038948	0.149402	0.159983	0.069067	
0.004831	2	53	168	285	293	295	352	422	523	924	0.077024	0.079770	0.147166	0.101393	0.094039	0.083070	0.039306	0.147065	0.161424	0.069743	
0.004854	2	53	168	285	293	295	352	422	523	924	0.078056	0.078590	0.146628	0.100908	0.094189	0.083953	0.039663	0.144728	0.162866	0.070420	
0.004877	2	53	168	285	293	295	352	422	523	924	0.079087	0.077410	0.146090	0.100423	0.094340	0.084835	0.040021	0.142391	0.164307	0.071097	
0.004900	2	53	168	285	293	295	352	422	523	924	0.080119	0.076230	0.145551	0.099938	0.094490	0.085718	0.040379	0.140054	0.165748	0.071773	
0.004923	2	53	168	285	293	295	352	422	523	924	0.081150	0.075050	0.145013	0.099452	0.094641	0.086601	0.040736	0.137718	0.167189	0.072450	
0.004946	2	53	168	285	293	295	352	422	523	924	0.082181	0.073870	0.144475	0.098967	0.094791	0.087484	0.041094	0.135381	0.168630	0.073126	
0.004969	2	168	285	293	295	316	352	422	523	924	0.060463	0.168581	0.104881	0.106578	0.073484	0.065754	0.033573	0.174233	0.148748	0.063706	
0.004992	2	168	285	293	295	316	352	422	523	924	0.061587	0.167404	0.103995	0.106588	0.074430	0.066620	0.033894	0.171379	0.149860	0.064243	
0.005015	2	168	285	293	295	316	352	422	523	924	0.062711	0.166227	0.103109	0.106598	0.075377	0.067486	0.034214	0.168525	0.150973	0.064779	
0.005038	2	168	285	293	295	316	352	422	523	924	0.063835	0.165050	0.102223	0.106608	0.076323	0.068352	0.034535	0.165671	0.152086	0.065316	
0.005061	2	168	285	293	295	316	352	422	523	924	0.064959	0.163873	0.101337	0.106618	0.077270	0.069218	0.034856	0.162818	0.153198	0.065853	
0.005084	2	168	285	293	295	316	352	422	523	924	0.066083	0.162696	0.100451	0.106628	0.078216	0.070084	0.035176	0.159964	0.154311	0.066390	
0.005107	2	168	285	293	295	316	352	422	523	924	0.067207	0.161519	0.099565	0.106638	0.079163	0.070951	0.035497	0.157110	0.155423	0.066927	
0.005130	2	168	285	293	295	316	352	422	523	924	0.068332	0.160341	0.098680	0.106648	0.080109	0.071817	0.035818	0.154257	0.156535	0.067464	
0.005153	2	168	285	293	295	316	352	422	523	924	0.069456	0.159164	0.097793	0.106658	0.081056	0.072683	0.036138	0.151403	0.157648	0.068000	
0.005176	2	168	285	293	295	316	352	422	523	924	0.070580	0.157987	0.096907	0.106668	0.082002	0.073549	0.036459	0.148549	0.158760	0.068537	
0.005198	2	168	285	293	295	316	352	422	523	924	0.071704	0.156811	0.096021	0.106678	0.082949	0.074415	0.036780	0.145696	0.159873	0.069074	
0.005221	2	168	285	293	295	316	352	422	523	924	0.072828	0.155634	0.095135	0.106688	0.083895	0.075282	0.037100	0.142842	0.160986	0.069611	
0.005244	2	168	293	295	316	352	410	422	523	924	0.082302	0.134220	0.105291	0.090721	0.081342	0.035869	0.092444	0.147499	0.167064	0.063248	
0.005267	2	168	293	295	316	352	410	422	523	924	0.083150	0.133624	0.105415	0.091624	0.082191	0.036210	0.090689	0.145130	0.168096	0.063871	
0.005290	2	168	293	295	316	352	410	422	523	924	0.083998	0.133028	0.105540	0.092527	0.083041	0.036551	0.088933	0.142761	0.169128	0.064494	
0.005313	2	79	168	230	285	293	295	316	352	523	0.077690	0.075110	0.175276	0.072885	0.098913	0.122093	0.081717	0.086319	0.038872	0.171125	
0.005336	2	168	285	293	295	316	352	422	523	924	0.078448	0.149748	0.090705	0.106738	0.088628	0.079612	0.038704	0.128574	0.166549	0.072295	
0.005359	2	168	285	293	295	316	352	422	523	924	0.079572	0.148571	0.089819	0.106748	0.089574	0.080479	0.039024	0.125720	0.167661	0.072832	
0.005382	2	79	168	230	285	293	295	316	352	523	0.082200	0.073403	0.166949	0.072569	0.092009	0.121216	0.086033	0.089872	0.040290	0.175460	
0.005405	2	79	168	230	285	293	295	316	352	523	0.083703	0.072834	0.164173	0.072464	0.089708	0.120924	0.087471	0.091056	0.040763	0.176905	
0.005428	2	168	230	285	293	295	316	352	523	924	0.075776	0.194325	0.069803	0.125263	0.117868	0.084755	0.078808	0.037222	0.156563	0.059615	
0.005451	2	168	230	285	293	295	316	352	523	924	0.076938	0.191495	0.069616	0.123075	0.117564	0.085928	0.079766	0.037621	0.157573	0.060422	
0.005474	2	168	230	285	293	295	316	352	523	924	0.078101	0.188665	0.069429	0.120887	0.117260	0.087102	0.080724	0.038021	0.158583	0.061229	
0.005497	2	168	230	285	293	295	316	352	523	924	0.079263	0.185835	0.069242	0.118700	0.116956	0.088275	0.081682	0.038420	0.159592	0.062035	
0.005520	2	168	230	285	293	295	316	352	523	924	0.080425	0.183005	0.069055	0.116512	0.116652	0.089448	0.082640	0.038820	0.160602	0.062842	
0.005543	2	168	230	285	293	295	316	352	523	924	0.081587	0.180175	0.068867	0.114324	0.116347	0.090622	0.083597	0.039219	0.161613	0.063648	
0.005566	2	168	230	285	293	295	316	352	523	924	0.082750	0.177345	0.068680	0.112136	0.116043	0.091795	0.084555	0.039618	0.162623	0.064455	
0.005589	2	168	230	285	293	295	316	352	523	924	0.083912	0.174515	0.068493	0.109948	0.115739	0.092968	0.085513	0.040018	0.163633	0.065262	
0.005612	2	168	230	285	293	295	316	352	523	924	0.085074	0.171685	0.068306	0.107760	0.115435	0.094142	0.086471	0.040417	0.164643	0.066068	
0.005635	2	168	230	285	293	295	316	352	523	924	0.086236	0.168855	0.068119	0.105572	0.115130	0.095315	0.087428	0.040817	0.165653	0.066875	
0.005658	2	168	230	285	293	295	316	352	523	924	0.087398	0.166025	0.067931	0.103384	0.114826	0.096488	0.088386	0.041216	0.166663	0.067681	
0.005681	2	168	230	285	293	295	316	352	523	924	0.088561	0.163195	0.067744	0.101196	0.114522	0.097661	0.089344	0.041616	0.167673	0.068488	
0.005704	2	168	230	285	293	295	316	352	523	924	0.089723	0.160365	0.067557	0.099008	0.114218	0.098835	0.090302	0.042015	0.168683	0.069295	
0.005727	2	168	230	285	293	295	316	352	523	924	0.090885	0.157535	0.067370	0.096821	0.113914	0.100008	0.091260	0.042415	0.169692	0.070101	
0.005750	2	168	230	285	293	295	316	352	523	924	0.092047	0.154705	0.067183	0.094633	0.113609	0.101181	0.092217	0.042814	0.170702	0.070908	
0.005773	2	168	230	285	293	295	316	352	523	924	0.093210	0.151875	0.066995	0.092445	0.113305	0.102355	0.093175	0.043213	0.171712	0.071714	
0.005796	2	168	230	285	293	295	316	352	523	924	0.094372	0.149045	0.066808	0.090257	0.113001	0.103528	0.094133	0.043613	0.172722	0.072521	
0.005819	2	168	230	285	293	295	316	352	523	924	0.095534	0.146215	0.066621	0.088069	0.112697	0.104701	0.095091	0.044012	0.173732	0.073328	
0.005842	2	168	230	285	293	295	316	352	523	924	0.096696	0.143385	0.066434	0.085881	0.112392	0.105875	0.096048	0.044412	0.174742	0.074134	
0.005865	2	168	230	285	293	295	316	352	523	924	0.097858	0.140555	0.066246	0.083693	0.112088	0.107048	0.097006	0.044811	0.175752	0.074941	
0.005887	2	168	230	285	293	295	316	352	523	924	0.099021	0.137725	0.066059	0.081505	0.111784	0.108221	0.097964	0.045211	0.176762	0.075747	
0.005910	2	168	230	285	293	295	316	352	523	924	0.100183	0.134895	0.065872	0.079317	0.111480	0.109394	0.098922	0.045610	0.177772	0.076554	
0.005933	2	168	230	285	293	295	316	352	523	924	0.101345	0.132065	0.065685	0.077130	0.111176	0.110568	0.099879	0.046010	0.178782	0.077361	
0.005956	2	168	230	285	293	295	316	352	523	924	0.102507	0.129235	0.065498	0.074942	0.110871	0.111741	0.100837	0.046409	0.179792	0.078167	
0.005979	2	168	230	285	293	295	316	352	523	924	0.103670	0.126405	0.065310	0.072754	0.110567	0.112914	0.101795	0.046808	0.180802	0.078974	
0.006002	2	293	295	316	352	424	503	523	924	1074	0.096152	0.127204	0.098158	0.080437	0.044994	0.156727	0.117629	0.146405	0.061306	0.070989	
0.006025	2	168	230	293	295	316	352	523	657	924	0.091032	0.142755	0.070667	0.116187	0.115117	0.100457	0.043789	0.185005	0.061377	0.073614	
0.006048	2	168	230	293	295	316	352	523	657	924	0.092655	0.138330	0.070145	0.115427	0.116238	0.101275	0.044285	0.185958	0.060927	0.074760	
0.006071	2	168	230	293	295	316	352	523	657	924	0.094278	0.133905	0.069623	0.114666	0.117358	0.102094	0.044781	0.186912	0.060478	0.075906	
0.006094	2	168	230	293	295	316	352	523	657	924	0.095901	0.129480	0.069101	0.113905	0.118479	0.102912	0.045277	0.187865	0.060028	0.077051	
0.006117	2	168	230	293	295	316	352	523	657	924	0.097524	0.125055	0.068579	0.113144	0.119600	0.103731	0.045773	0.188819	0.059579	0.078197	
0.006140	2	168	230	293	295	316	352	523	657	924	0.099147	0.120630	0.068057	0.112383	0.120720	0.104549	0.046269	0.189773	0.059129	0.079343	
0.006163	2	168	230	293	295	316	352	523	657	924	0.100770	0.116204	0.067535	0.111622	0.121841	0.105368	0.046765	0.190726	0.058680	0.080488	
0.006186	2	293	295	316	352	424	503	523	924	1074	0.107960	0.114496	0.108559	0.089248	0.049128	0.127434	0.103676	0.158982	0.072370	0.068147	
0.006209	2	293	295	316	352	424	503	523	924	1074	0.109436	0.112908	0.109859	0.090349	0.049645	0.123772	0.101932	0.160554	0.073753	0.067791	
0.006232	2	293	295	316	352	424	503	523	924	1074	0.110912	0.111319	0.111159	0.091450	0.050162	0.120111	0.100188	0.162126	0.075136	0.067436	
0.006255	2	293	295	316	352	424	503	523	924	1074	0.112388	0.109731	0.112459	0.092551	0.050679	0.116449	0.098444	0.163698	0.076519	0.067081	
0.006278	2	152	168	230	293	295	316	352	523	924	0.104204	0.063899	0.121688	0.064871	0.106182	0.120939	0.111973	0.050483	0.182973	0.072790	
0.006301	2	168	230	293	295	316	352	445	523	924	0.102416	0.135446	0.069551	0.110508	0.120732	0.111189	0.047053	0.043663	0.181751	0.077690	
0.006324	2	293	295	316	352	424	503	523	924	1074	0.116816	0.104966	0.116360	0.095855	0.052229	0.105464	0.093211	0.168414	0.080668	0.066015	
0.006347	2	293	295	316	352	424	503	523	924	1074	0.118292	0.103377	0.117660	0.096957	0.052746	0.101803	0.091467	0.169987	0.082051	0.065660	
0.006370	2	293	295	316	352	424	503	523	924	1074	0.119768	0.101789	0.118960	0.098058	0.053263	0.098141	0.089723	0.171559	0.083434	0.065304	
0.006393	2	230	293	295	316	352	424	523	637	924	0.110945	0.075692	0.133608	0.111884	0.108883	0.049018	0.128766	0.175313	0.020798	0.085093	
0.006416	2	230	293	295	316	352	424	523	637	924	0.112114	0.075147	0.131708	0.112572	0.109596	0.049446	0.125381	0.176393	0.021259	0.086385	
0.006439	2	230	293	295	316	352	424	523	637	924	0.113283	0.074602	0.129807	0.113260	0.110309	0.049873	0.121995	0.177473	0.021720	0.087677	
0.006462	2	230	293	295	316	352	424	523	637	924	0.114451	0.074057	0.127907	0.113948	0.111022	0.050300	0.118610	0.178553	0.022181	0.088969	
0.006485	2	230	293	295	316	352	424	523	637	924	0.115620	0.073511	0.126007	0.114637	0.111735	0.050727	0.115225	0.179633	0.022642	0.090261	
0.006508	2	230	293	295	316	352	523	637	657	924	0.111435	0.084343	0.139647	0.120771	0.116005	0.044094	0.203885	0.018439	0.075806	0.085575	
0.006531	2	230	293	295	316	352	523	637	657	924	0.112747	0.083285	0.136893	0.121227	0.116445	0.044751	0.204215	0.019074	0.074193	0.087171	
0.006554	2	230	293	295	316	352	523	637	657	924	0.114059	0.082227	0.134139	0.121684	0.116885	0.045407	0.204545	0.019708	0.072580	0.088767	
0.006576	2	230	293	295	316	352	523	637	657	924	0.115371	0.081169	0.131385	0.122140	0.117325	0.046064	0.204874	0.020342	0.070967	0.090363	
0.006599	2	230	293	295	316	352	424	523	637	924	0.121463	0.070786	0.116507	0.118077	0.115300	0.052864	0.098300	0.185033	0.024948	0.096722	
0.006622	2	230	293	295	316	352	523	637	657	924	0.117995	0.079053	0.125876	0.123053	0.118205	0.047378	0.205534	0.021611	0.067741	0.093555	
0.006645	2	230	293	295	316	352	503	523	637	924	0.117683	0.075601	0.127978	0.121237	0.120186	0.048805	0.091803	0.189366	0.022244	0.085097	
0.006668	2	152	197	295	316	325	352	445	523	1074	0.130700	0.084593	0.110499	0.126627	0.091940	0.063252	0.046697	0.063227	0.204557	0.077907	
0.006691	2	152	197	295	316	325	352	445	523	1074	0.133766	0.083824	0.106503	0.127468	0.093079	0.063065	0.048589	0.065251	0.203778	0.074677	
0.006714	2	152	197	295	316	325	352	445	523	1074	0.136832	0.083054	0.102508	0.128308	0.094219	0.062877	0.050482	0.067275	0.202998	0.071447	
0.006737	2	152	197	295	316	325	352	445	523	1074	0.139898	0.082285	0.098512	0.129148	0.095358	0.062690	0.052374	0.069299	0.202218	0.068217	
0.006760	2	230	293	295	316	352	523	637	924	1074	0.125592	0.077361	0.118409	0.122259	0.124053	0.050817	0.195825	0.024017	0.092770	0.068896	
0.006783	2	230	293	295	316	352	523	637	924	1074	0.126882	0.076019	0.115026	0.122666	0.124230	0.051502	0.196226	0.024711	0.094656	0.068083	
0.006806	2	230	293	295	316	352	523	637	924	1074	0.128172	0.074676	0.111642	0.123073	0.124407	0.052186	0.196626	0.025405	0.096541	0.067270	
0.006829	2	230	293	295	316	352	523	637	846	924	0.123610	0.079390	0.129589	0.119887	0.124928	0.049269	0.201050	0.022366	0.063110	0.086801	
0.006852	2	157	197	293	295	316	352	445	523	924	0.133666	0.031244	0.088633	0.115706	0.134364	0.106890	0.045858	0.062559	0.206056	0.075025	
0.006875	2	157	197	293	295	316	352	445	523	924	0.134653	0.032116	0.086997	0.111857	0.134870	0.106860	0.046655	0.063679	0.205409	0.076905	
0.006898	2	197	295	316	325	352	445	523	924	1074	0.135026	0.096933	0.138414	0.098395	0.062358	0.048326	0.067609	0.207876	0.070141	0.074923	
0.006921	2	197	295	316	325	352	445	523	924	1074	0.136419	0.093318	0.138706	0.098937	0.061935	0.049526	0.068915	0.206358	0.073372	0.072514	
0.006944	2	197	295	316	325	352	445	523	924	1074	0.137811	0.089702	0.138999	0.099480	0.061512	0.050726	0.070222	0.204839	0.076603	0.070105	
0.006967	2	197	295	316	325	352	445	523	924	1074	0.139204	0.086086	0.139291	0.100023	0.061089	0.051926	0.071529	0.203321	0.079834	0.067697	
0.006990	2	157	197	293	295	316	352	445	523	924	0.139584	0.036476	0.078817	0.092613	0.137401	0.106712	0.050641	0.069279	0.202174	0.086302	
0.007013	2	152	197	295	316	325	352	445	523	924	0.136686	0.073257	0.083296	0.137954	0.102332	0.059991	0.053150	0.076079	0.202979	0.074276	
0.007036	2	157	197	295	316	325	352	445	523	924	0.134231	0.030840	0.114720	0.146997	0.101444	0.065290	0.045487	0.070611	0.226527	0.063853	
0.007059	2	157	197	293	295	316	352	445	523	924	0.142543	0.039093	0.073909	0.081067	0.138919	0.106623	0.053033	0.072639	0.200232	0.091941	
0.007082	2	157	197	293	295	316	352	445	523	924	0.143530	0.039965	0.072273	0.077218	0.139425	0.106594	0.053830	0.073759	0.199585	0.093821	
0.007105	2	157	238	293	295	316	352	523	657	924	0.128424	0.034515	0.045491	0.096697	0.143268	0.112110	0.047522	0.217421	0.072497	0.102055	
0.007128	2	197	238	293	295	316	352	445	523	924	0.138672	0.080040	0.042208	0.082402	0.144211	0.109837	0.045203	0.064956	0.204975	0.087496	
0.007151	2	157	197	295	316	325	352	445	523	924	0.139032	0.036945	0.095728	0.145462	0.100977	0.062300	0.051192	0.075768	0.213815	0.078780	
0.007174	2	157	197	295	316	325	352	445	523	924	0.139993	0.038166	0.091929	0.145155	0.100884	0.061702	0.052333	0.076799	0.211273	0.081765	
0.007197	2	157	197	295	316	325	352	445	523	924	0.140953	0.039386	0.088131	0.144848	0.100791	0.061104	0.053474	0.077831	0.208731	0.084750	
0.007220	2	157	197	295	316	325	352	445	523	924	0.141913	0.040607	0.084333	0.144541	0.100697	0.060506	0.054615	0.078862	0.206189	0.087735	
0.007242	2	157	197	295	316	325	352	445	523	924	0.142874	0.041828	0.080534	0.144234	0.100604	0.059908	0.055756	0.079894	0.203647	0.090720	
0.007265	2	157	197	295	316	325	352	445	523	924	0.143834	0.043049	0.076736	0.143927	0.100511	0.059310	0.056898	0.080925	0.201105	0.093706	
0.007288	2	157	197	295	316	325	352	445	523	924	0.144795	0.044270	0.072937	0.143620	0.100417	0.058712	0.058039	0.081956	0.198562	0.096691	
0.007311	2	157	197	295	316	325	352	445	523	924	0.145755	0.045491	0.069139	0.143313	0.100324	0.058114	0.059180	0.082988	0.196020	0.099676	
0.007334	2	157	197	238	295	316	352	445	523	924	0.141544	0.034248	0.105658	0.037050	0.156020	0.104184	0.044596	0.072987	0.224297	0.079415	
0.007357	2	197	238	295	316	352	379	445	523	924	0.134157	0.091239	0.047924	0.146839	0.102262	0.044192	0.071470	0.067520	0.210486	0.083913	
0.007380	2	197	238	295	316	352	379	445	523	924	0.134431	0.088527	0.049778	0.146546	0.102024	0.044696	0.071959	0.067868	0.208290	0.085882	
0.007403	2	197	238	295	316	352	379	445	523	924	0.134706	0.085814	0.051632	0.146253	0.101786	0.045200	0.072449	0.068216	0.206094	0.087850	
0.007426	2	157	197	238	295	316	352	445	523	924	0.142540	0.036980	0.095594	0.043672	0.154843	0.102909	0.046554	0.074445	0.215704	0.086760	
0.007449	2	157	197	238	295	316	352	445	523	924	0.142789	0.037663	0.093077	0.045327	0.154549	0.102590	0.047043	0.074809	0.213556	0.088596	
0.007472	2	157	197	238	295	316	352	445	523	924	0.143038	0.038346	0.090561	0.046983	0.154254	0.102271	0.047533	0.075174	0.211408	0.090432	
0.007495	2	157	197	238	295	316	352	445	523	924	0.143287	0.039029	0.088045	0.048638	0.153960	0.101952	0.048022	0.075538	0.209259	0.092268	
0.007518	2	157	197	238	295	316	352	445	523	924	0.143536	0.039712	0.085529	0.050294	0.153666	0.101633	0.048511	0.075903	0.207111	0.094104	
0.007541	2	157	197	238	295	316	352	445	523	924	0.143785	0.040395	0.083013	0.051949	0.153372	0.101314	0.049001	0.076267	0.204963	0.095941	
0.007564	2	157	197	238	295	316	352	445	523	924	0.144034	0.041078	0.080497	0.053605	0.153077	0.100995	0.049490	0.076632	0.202815	0.097777	
0.007587	2	157	197	238	295	316	352	445	523	924	0.144283	0.041761	0.077981	0.055260	0.152783	0.100676	0.049979	0.076996	0.200667	0.099613	
0.007610	2	238	295	316	352	379	523	637	924	1103	0.143131	0.045978	0.133616	0.128576	0.043460	0.077765	0.251734	0.024353	0.090461	0.060927	
0.007633	2	238	295	316	352	379	523	637	924	1103	0.143243	0.047880	0.132337	0.127478	0.043764	0.078001	0.248632	0.025151	0.092090	0.061424	
0.007656	2	238	295	316	352	379	523	637	924	1103	0.143356	0.049782	0.131059	0.126381	0.044067	0.078236	0.245530	0.025950	0.093719	0.061920	
0.007679	2	238	295	316	352	379	523	637	924	1103	0.143468	0.051683	0.129780	0.125284	0.044370	0.078472	0.242429	0.026749	0.095348	0.062416	
0.007702	2	238	295	316	352	379	523	637	924	1103	0.143580	0.053585	0.128501	0.124187	0.044674	0.078708	0.239327	0.027547	0.096977	0.062912	
0.007725	2	238	295	316	352	379	523	637	924	1103	0.143692	0.055487	0.127223	0.123090	0.044977	0.078944	0.236226	0.028346	0.098606	0.063409	
0.007748	2	238	295	316	352	379	523	637	924	1103	0.143804	0.057389	0.125944	0.121993	0.045280	0.079180	0.233124	0.029145	0.100236	0.063905	
0.007771	2	238	295	316	352	379	523	637	924	1103	0.143917	0.059291	0.124665	0.120896	0.045584	0.079416	0.230023	0.029943	0.101865	0.064401	
0.007794	2	238	295	316	352	379	523	637	924	1103	0.144029	0.061192	0.123387	0.119798	0.045887	0.079652	0.226921	0.030742	0.103494	0.064897	
0.007817	2	238	295	316	352	379	523	637	924	1103	0.144141	0.063094	0.122108	0.118701	0.046190	0.079888	0.223819	0.031541	0.105123	0.065394	
0.007840	2	238	295	316	352	379	523	637	924	1103	0.144253	0.064996	0.120829	0.117604	0.046494	0.080124	0.220718	0.032339	0.106752	0.065890	
0.007863	2	238	295	316	352	379	523	637	924	1103	0.144366	0.066898	0.119551	0.116507	0.046797	0.080360	0.217616	0.033138	0.108382	0.066386	
0.007886	2	238	295	316	352	379	523	637	924	1103	0.144478	0.068800	0.118272	0.115410	0.047100	0.080596	0.214515	0.033937	0.110011	0.066882	
0.007909	2	238	295	316	352	379	523	637	924	1103	0.144590	0.070701	0.116993	0.114313	0.047404	0.080832	0.211413	0.034736	0.111640	0.067378	
0.007931	2	238	295	316	352	379	523	637	924	1103	0.144702	0.072603	0.115715	0.113216	0.047707	0.081068	0.208311	0.035534	0.113269	0.067875	
0.007954	2	238	295	316	352	379	523	637	924	1103	0.144814	0.074505	0.114436	0.112119	0.048010	0.081304	0.205209	0.036333	0.114898	0.068371	
0.007977	2	157	238	295	316	352	523	637	924	1103	0.155159	0.041788	0.065205	0.128033	0.117943	0.050132	0.223148	0.034358	0.114213	0.070022	
0.008000	2	157	238	295	316	352	523	637	924	1103	0.155225	0.042417	0.066932	0.126793	0.116801	0.050433	0.220101	0.035088	0.115731	0.070479	
0.008023	2	157	238	295	316	352	523	637	924	1103	0.155292	0.043046	0.068658	0.125553	0.115659	0.050733	0.217053	0.035819	0.117250	0.070936	
0.008046	2	157	238	295	316	352	523	637	924	1103	0.155358	0.043675	0.070384	0.124314	0.114517	0.051034	0.214006	0.036550	0.118769	0.071393	
0.008069	2	157	238	295	316	352	523	637	924	1103	0.155424	0.044304	0.072111	0.123074	0.113374	0.051335	0.210959	0.037281	0.120288	0.071850	
0.008092	2	238	248	295	316	352	523	637	924	1103	0.158540	0.070347	0.049070	0.125058	0.118542	0.045902	0.216692	0.036729	0.110909	0.068212	
0.008115	2	238	248	295	316	352	523	637	924	1103	0.158607	0.071835	0.050332	0.123897	0.117494	0.046047	0.213864	0.037365	0.112040	0.068519	
0.008138	2	238	248	295	316	352	523	637	924	1103	0.158673	0.073323	0.051595	0.122736	0.116447	0.046191	0.211036	0.038001	0.113171	0.068827	
0.008161	2	238	248	295	316	352	523	637	924	1103	0.158740	0.074811	0.052857	0.121575	0.115400	0.046336	0.208208	0.038636	0.114302	0.069135	
0.008184	2	238	248	295	316	352	523	637	924	1103	0.158806	0.076299	0.054120	0.120414	0.114352	0.046481	0.205380	0.039272	0.115433	0.069442	
0.008207	2	238	248	295	316	352	523	637	924	1103	0.158872	0.077787	0.055382	0.119253	0.113305	0.046626	0.202552	0.039908	0.116564	0.069750	
0.008230	2	238	248	295	316	352	523	637	924	1103	0.158939	0.079275	0.056645	0.118092	0.112258	0.046771	0.199724	0.040543	0.117695	0.070058	
0.008253	2	238	248	295	316	352	523	637	924	1103	0.159005	0.080764	0.057908	0.116931	0.111210	0.046916	0.196896	0.041179	0.118826	0.070366	
0.008276	2	238	248	295	316	352	523	637	924	1103	0.159072	0.082252	0.059170	0.115770	0.110163	0.047060	0.194068	0.041814	0.119957	0.070673	
0.008299	2	157	238	248	295	316	352	523	637	924	0.149516	0.046241	0.075534	0.059612	0.138322	0.113488	0.051793	0.201662	0.035236	0.128595	
0.008322	2	157	238	248	295	316	352	523	637	924	0.149500	0.046742	0.076914	0.060830	0.137253	0.112418	0.051957	0.198866	0.035811	0.129710	
0.008345	2	157	238	248	295	316	352	523	637	924	0.149484	0.047244	0.078294	0.062048	0.136183	0.111347	0.052121	0.196069	0.036386	0.130824	
0.008368	2	157	238	248	295	316	352	523	637	924	0.149468	0.047745	0.079674	0.063265	0.135113	0.110277	0.052285	0.193272	0.036961	0.131939	
0.008391	2	157	238	248	295	316	352	523	637	924	0.149452	0.048247	0.081054	0.064483	0.134044	0.109207	0.052449	0.190476	0.037536	0.133053	
0.008414	2	157	238	248	295	316	352	523	637	924	0.149435	0.048749	0.082434	0.065701	0.132974	0.108137	0.052613	0.187679	0.038111	0.134168	
0.008437	2	157	238	248	316	352	523	637	924	1103	0.165247	0.047716	0.075868	0.060438	0.110100	0.050102	0.237114	0.046280	0.121395	0.085740	
0.008460	2	157	238	248	316	352	523	637	924	1103	0.165111	0.048207	0.077299	0.061649	0.108842	0.050226	0.233564	0.046814	0.122445	0.085843	
0.008483	2	157	238	248	316	352	523	637	924	1103	0.164974	0.048698	0.078730	0.062861	0.107584	0.050350	0.230014	0.047348	0.123495	0.085947	
0.008506	2	157	238	248	316	352	523	637	924	1103	0.164838	0.049189	0.080160	0.064072	0.106326	0.050475	0.226464	0.047882	0.124546	0.086050	
0.008529	2	157	238	248	316	352	523	637	924	1103	0.164701	0.049680	0.081591	0.065283	0.105067	0.050599	0.222913	0.048416	0.125596	0.086153	
0.008552	2	157	238	248	316	352	523	637	924	1103	0.164565	0.050171	0.083022	0.066494	0.103809	0.050723	0.219363	0.048950	0.126646	0.086257	
0.008575	2	157	238	248	316	352	523	637	924	1103	0.164428	0.050663	0.084452	0.067706	0.102551	0.050848	0.215812	0.049484	0.127696	0.086360	
0.008597	2	157	238	248	316	352	523	637	924	1103	0.164291	0.051154	0.085883	0.068917	0.101293	0.050972	0.212262	0.050018	0.128746	0.086464	
0.008620	2	157	238	248	316	352	523	637	924	1103	0.164155	0.051645	0.087313	0.070128	0.100035	0.051096	0.208712	0.050552	0.129796	0.086567	
0.008643	2	157	238	248	316	352	523	637	924	1103	0.164018	0.052136	0.088744	0.071340	0.098777	0.051220	0.205162	0.051086	0.130847	0.086670	
0.008666	2	157	238	248	316	352	523	637	924	1103	0.163882	0.052627	0.090175	0.072551	0.097519	0.051345	0.201612	0.051620	0.131897	0.086774	
0.008689	2	157	238	248	352	379	523	637	924	1103	0.158097	0.051347	0.091638	0.068862	0.053257	0.087202	0.219488	0.049125	0.132062	0.088922	
0.008712	2	157	238	248	352	379	523	637	924	1103	0.157856	0.051822	0.093097	0.070103	0.053332	0.086807	0.215285	0.049683	0.133084	0.088931	
0.008735	2	157	238	248	352	379	523	637	924	1103	0.157615	0.052297	0.094555	0.071344	0.053407	0.086412	0.211081	0.050242	0.134105	0.088940	
0.008758	2	157	238	248	352	379	523	637	924	1103	0.157374	0.052772	0.096014	0.072584	0.053482	0.086017	0.206878	0.050800	0.135127	0.088950	
0.008781	2	157	238	248	352	379	523	637	924	1103	0.157133	0.053247	0.097473	0.073825	0.053557	0.085622	0.202676	0.051359	0.136149	0.088959	
0.008804	2	157	238	248	352	379	523	637	924	1103	0.156892	0.053722	0.098932	0.075066	0.053632	0.085226	0.198473	0.051917	0.137171	0.088968	
0.008827	2	157	238	248	352	442	523	637	924	1103	0.169864	0.053721	0.083792	0.070733	0.050100	0.043429	0.252043	0.049398	0.133500	0.093420	
0.008850	2	157	238	248	352	442	523	637	924	1103	0.169449	0.054120	0.085117	0.071849	0.050087	0.043916	0.247814	0.049895	0.134397	0.093357	
0.008873	2	157	238	248	352	442	523	637	924	1103	0.169034	0.054518	0.086441	0.072964	0.050075	0.044403	0.243585	0.050392	0.135294	0.093294	
0.008896	2	157	238	248	352	442	523	637	924	1103	0.168619	0.054917	0.087766	0.074079	0.050062	0.044891	0.239356	0.050888	0.136191	0.093232	
0.008919	2	157	238	248	352	442	523	637	924	1103	0.168204	0.055316	0.089091	0.075195	0.050049	0.045378	0.235127	0.051385	0.137088	0.093169	
0.008942	2	157	238	248	352	442	523	637	924	1103	0.167789	0.055714	0.090415	0.076310	0.050037	0.045865	0.230898	0.051881	0.137985	0.093106	
0.008965	2	157	238	248	352	442	523	637	924	1103	0.167374	0.056113	0.091740	0.077426	0.050024	0.046352	0.226669	0.052378	0.138882	0.093043	
0.008988	2	157	238	248	352	442	523	637	924	1103	0.166959	0.056511	0.093064	0.078541	0.050011	0.046839	0.222440	0.052874	0.139779	0.092980	
0.009011	2	157	238	248	352	442	523	637	924	1103	0.166544	0.056910	0.094389	0.079656	0.049999	0.047327	0.218211	0.053371	0.140676	0.092918	
0.009034	2	157	238	248	352	442	523	637	924	1103	0.166129	0.057309	0.095714	0.080772	0.049986	0.047814	0.213982	0.053868	0.141573	0.092855	
0.009057	2	157	238	248	352	442	523	637	924	1103	0.165714	0.057707	0.097038	0.081887	0.049974	0.048301	0.209753	0.054364	0.142470	0.092792	
0.009080	2	157	238	248	352	442	523	637	924	1103	0.165299	0.058106	0.098363	0.083003	0.049961	0.048788	0.205524	0.054861	0.143367	0.092729	
0.009103	2	157	238	248	352	442	523	637	924	1103	0.164884	0.058504	0.099687	0.084118	0.049948	0.049275	0.201295	0.055357	0.144264	0.092667	
0.009126	2	157	238	248	352	442	523	637	924	1103	0.164469	0.058903	0.101012	0.085233	0.049936	0.049763	0.197066	0.055854	0.145160	0.092604	
0.009149	2	157	238	248	352	442	523	637	924	1103	0.164054	0.059302	0.102336	0.086349	0.049923	0.050250	0.192837	0.056351	0.146057	0.092541	
0.009172	2	157	238	248	352	442	523	637	924	1103	0.163639	0.059700	0.103661	0.087464	0.049911	0.050737	0.188608	0.056847	0.146954	0.092478	
0.009195	2	157	238	248	352	442	523	637	924	1103	0.163224	0.060099	0.104985	0.088579	0.049898	0.051224	0.184379	0.057344	0.147851	0.092416	
0.009218	2	157	238	248	352	442	523	637	924	1103	0.162809	0.060498	0.106310	0.089695	0.049885	0.051712	0.180150	0.057840	0.148748	0.092353	
0.009241	2	157	238	248	352	442	523	637	924	1103	0.162394	0.060896	0.107635	0.090810	0.049873	0.052199	0.175921	0.058337	0.149645	0.092290	
0.009264	2	157	238	248	352	442	523	637	924	1103	0.161979	0.061295	0.108959	0.091926	0.049860	0.052686	0.171692	0.058834	0.150542	0.092227	
0.009286	2	157	238	248	352	442	523	637	924	1103	0.161564	0.061693	0.110284	0.093041	0.049847	0.053173	0.167464	0.059330	0.151439	0.092165	
0.009309	2	157	238	248	352	442	523	637	924	1103	0.161149	0.062092	0.111608	0.094156	0.049835	0.053661	0.163235	0.059827	0.152336	0.092102	
0.009332	2	157	238	248	352	442	523	637	924	1103	0.160734	0.062490	0.112933	0.095272	0.049822	0.054148	0.159006	0.060323	0.153233	0.092039	
0.009355	2	157	238	248	352	442	523	637	924	1103	0.160319	0.062889	0.114258	0.096387	0.049810	0.054635	0.154777	0.060820	0.154130	0.091976	
0.009378	2	157	238	248	352	442	523	637	924	1103	0.159903	0.063288	0.115582	0.097503	0.049797	0.055122	0.150548	0.061316	0.155027	0.091914	
0.009401	2	157	238	248	352	442	523	637	924	1103	0.159488	0.063686	0.116907	0.098618	0.049784	0.055609	0.146319	0.061813	0.155924	0.091851	
0.009424	2	157	238	248	352	442	523	637	924	1103	0.159073	0.064085	0.118231	0.099733	0.049772	0.056097	0.142090	0.062310	0.156821	0.091788	
0.009447	2	157	238	248	352	442	523	637	924	1103	0.158658	0.064483	0.119556	0.100849	0.049759	0.056584	0.137861	0.062806	0.157718	0.091725	
0.009470	2	157	238	248	352	442	523	637	924	1103	0.158243	0.064882	0.120880	0.101964	0.049746	0.057071	0.133632	0.063303	0.158615	0.091663	
0.009493	2	157	238	248	352	442	523	637	924	1103	0.157828	0.065281	0.122205	0.103080	0.049734	0.057558	0.129403	0.063799	0.159512	0.091600	
0.009516	2	157	238	248	352	442	523	637	924	1103	0.157413	0.065679	0.123530	0.104195	0.049721	0.058046	0.125174	0.064296	0.160409	0.091537	
0.009539	2	157	238	248	352	442	523	637	924	1103	0.156998	0.066078	0.124854	0.105310	0.049709	0.058533	0.120945	0.064793	0.161306	0.091474	
0.009562	2	157	238	248	352	442	445	637	924	1103	0.191023	0.069685	0.104476	0.099303	0.048310	0.051330	0.099944	0.057078	0.177439	0.101411	
0.009585	2	157	238	248	352	442	445	637	924	1103	0.188410	0.069904	0.106611	0.100678	0.048283	0.052190	0.098367	0.057803	0.177529	0.100227	
0.009608	2	157	238	248	352	442	445	637	924	1103	0.185796	0.070122	0.108745	0.102053	0.048256	0.053050	0.096790	0.058527	0.177618	0.099042	
0.009631	2	157	238	248	352	442	445	637	924	1103	0.183182	0.070340	0.110880	0.103428	0.048230	0.053910	0.095213	0.059252	0.177707	0.097858	
0.009654	2	157	238	248	352	442	445	637	924	1103	0.180569	0.070558	0.113014	0.104803	0.048203	0.054770	0.093636	0.059976	0.177797	0.096674	
0.009677	2	157	238	248	352	442	445	637	924	1103	0.177955	0.070777	0.115149	0.106178	0.048176	0.055630	0.092059	0.060701	0.177886	0.095489	
0.009700	2	157	238	248	352	442	445	637	924	1103	0.175341	0.070995	0.117283	0.107553	0.048150	0.056490	0.090482	0.061425	0.177976	0.094305	
0.009723	2	157	238	248	352	442	445	637	924	1103	0.172728	0.071213	0.119418	0.108928	0.048123	0.057350	0.088905	0.062150	0.178065	0.093120	
0.009746	2	157	238	248	352	442	445	637	924	1103	0.170114	0.071431	0.121552	0.110303	0.048096	0.058211	0.087328	0.062874	0.178154	0.091936	
0.009769	2	157	238	248	352	442	445	637	924	1103	0.167500	0.071650	0.123687	0.111678	0.048069	0.059071	0.085751	0.063599	0.178244	0.090752	
0.009792	2	157	238	248	352	442	445	637	924	1103	0.164886	0.071868	0.125821	0.113053	0.048043	0.059931	0.084175	0.064323	0.178333	0.089567	
0.009815	2	157	238	248	352	442	445	637	924	1103	0.162273	0.072086	0.127956	0.114428	0.048016	0.060791	0.082598	0.065048	0.178422	0.088383	
0.009838	2	157	238	248	352	442	445	637	924	1103	0.159659	0.072304	0.130091	0.115803	0.047989	0.061651	0.081021	0.065772	0.178512	0.087198	
0.009861	2	157	238	248	352	442	445	637	924	1103	0.157045	0.072523	0.132225	0.117178	0.047963	0.062511	0.079444	0.066497	0.178601	0.086014	
0.009884	2	157	238	248	352	442	445	637	924	1103	0.154432	0.072741	0.134360	0.118553	0.047936	0.063371	0.077867	0.067221	0.178690	0.084830	
0.009907	2	157	238	248	352	442	445	637	924	1103	0.151818	0.072959	0.136494	0.119928	0.047909	0.064231	0.076290	0.067946	0.178780	0.083645	
0.009930	2	157	238	248	352	442	445	637	924	1103	0.149204	0.073177	0.138629	0.121303	0.047883	0.065091	0.074713	0.068670	0.178869	0.082461	
0.009953	2	157	238	248	352	442	445	637	924	1103	0.146591	0.073396	0.140763	0.122678	0.047856	0.065951	0.073136	0.069395	0.178958	0.081276	
0.009975	2	157	238	248	352	442	445	637	924	1103	0.143977	0.073614	0.142898	0.124053	0.047829	0.066811	0.071559	0.070119	0.179048	0.080092	
0.009998	2	157	238	248	352	442	445	637	924	1103	0.141363	0.073832	0.145032	0.125428	0.047803	0.067671	0.069982	0.070844	0.179137	0.078908	
0.010021	2	157	238	248	352	442	445	637	924	1103	0.138750	0.074050	0.147167	0.126803	0.047776	0.068531	0.068405	0.071568	0.179226	0.077723	
0.010044	2	157	238	248	352	442	445	637	924	1103	0.136136	0.074268	0.149301	0.128178	0.047749	0.069391	0.066828	0.072293	0.179316	0.076539	
0.010067	2	157	238	248	352	442	445	637	924	1103	0.133522	0.074487	0.151436	0.129553	0.047723	0.070251	0.065251	0.073017	0.179405	0.075354	
0.010090	2	157	238	248	352	442	445	637	924	1103	0.130909	0.074705	0.153571	0.130928	0.047696	0.071111	0.063675	0.073742	0.179494	0.074170	
0.010113	2	157	238	248	352	442	445	637	924	1103	0.128295	0.074923	0.155705	0.132303	0.047669	0.071972	0.062098	0.074466	0.179584	0.072986	
0.010136	2	157	238	248	352	440	442	637	924	1103	0.136910	0.076747	0.152068	0.129886	0.045782	0.057503	0.067515	0.074491	0.177662	0.081435	
0.010159	2	157	238	248	352	440	442	637	924	1103	0.133623	0.076917	0.154239	0.131275	0.045719	0.057300	0.068457	0.075172	0.177588	0.079710	
0.010182	2	157	238	248	352	440	442	637	924	1103	0.130335	0.077087	0.156410	0.132665	0.045656	0.057097	0.069398	0.075852	0.177514	0.077985	
0.010205	2	157	238	248	352	440	442	637	924	1103	0.127048	0.077257	0.158580	0.134054	0.045593	0.056894	0.070340	0.076533	0.177440	0.076260	
0.010228	2	157	238	248	352	440	442	637	924	1103	0.123760	0.077427	0.160751	0.135443	0.045530	0.056692	0.071282	0.077213	0.177366	0.074536	
0.010251	2	157	238	248	352	440	442	637	924	1103	0.120473	0.077596	0.162922	0.136833	0.045467	0.056489	0.072223	0.077894	0.177292	0.072811	
0.010274	2	157	238	248	352	440	442	637	924	1103	0.117185	0.077766	0.165092	0.138222	0.045404	0.056286	0.073165	0.078574	0.177218	0.071086	
0.010297	2	157	238	248	352	440	442	637	924	1103	0.113898	0.077936	0.167263	0.139611	0.045341	0.056083	0.074107	0.079255	0.177144	0.069361	
0.010320	2	157	238	248	352	440	442	637	924	1103	0.110611	0.078106	0.169434	0.141001	0.045279	0.055880	0.075048	0.079935	0.177070	0.067637	
0.010343	2	157	238	248	352	440	442	637	924	1103	0.107323	0.078276	0.171604	0.142390	0.045216	0.055677	0.075990	0.080616	0.176996	0.065912	
0.010366	2	157	238	248	352	440	442	637	924	1103	0.104036	0.078446	0.173775	0.143780	0.045153	0.055474	0.076931	0.081296	0.176922	0.064187	
0.010389	2	157	238	248	352	440	442	637	924	1103	0.100748	0.078615	0.175946	0.145169	0.045090	0.055271	0.077873	0.081977	0.176848	0.062462	
0.010412	2	157	238	248	352	440	442	637	924	1103	0.097461	0.078785	0.178116	0.146558	0.045027	0.055069	0.078815	0.082657	0.176774	0.060737	
0.010435	2	157	238	248	352	440	442	637	924	1103	0.094174	0.078955	0.180287	0.147948	0.044964	0.054866	0.079756	0.083338	0.176700	0.059013	
0.010458	2	157	238	248	352	440	442	637	924	1103	0.090886	0.079125	0.182458	0.149337	0.044901	0.054663	0.080698	0.084019	0.176626	0.057288	
0.010481	2	157	238	248	352	440	442	637	924	1103	0.087599	0.079295	0.184628	0.150727	0.044838	0.054460	0.081640	0.084699	0.176552	0.055563	
0.010504	2	157	238	248	352	440	442	637	924	1103	0.084312	0.079465	0.186799	0.152116	0.044774	0.054257	0.082581	0.085380	0.176479	0.053838	
0.010527	2	157	238	248	352	440	442	637	924	1103	0.081024	0.079634	0.188970	0.153506	0.044711	0.054054	0.083523	0.086060	0.176405	0.052113	
0.010550	2	157	238	248	352	440	442	637	924	1103	0.077737	0.079804	0.191140	0.154895	0.044648	0.053851	0.084465	0.086741	0.176331	0.050389	
0.010573	2	157	238	248	352	440	442	637	924	1103	0.074449	0.079974	0.193311	0.156284	0.044586	0.053648	0.085406	0.087421	0.176257	0.048664	
0.010596	2	157	238	248	352	440	442	637	924	1103	0.071162	0.080144	0.195482	0.157674	0.044523	0.053445	0.086348	0.088102	0.176182	0.046939	
0.010619	2	157	238	248	319	352	440	442	637	924	0.075661	0.074070	0.188722	0.156684	0.052569	0.046941	0.064218	0.081589	0.082562	0.176983	
0.010641	2	157	238	248	319	352	440	442	637	924	0.071674	0.074148	0.191175	0.158050	0.052360	0.046719	0.063573	0.082625	0.083393	0.176283	
0.010664	2	157	238	248	319	352	440	442	637	924	0.067687	0.074225	0.193627	0.159416	0.052151	0.046497	0.062927	0.083661	0.084224	0.175584	
0.010687	2	157	238	248	319	352	440	442	637	924	0.063700	0.074303	0.196080	0.160782	0.051942	0.046275	0.062282	0.084698	0.085055	0.174884	
0.010710	2	157	238	248	319	352	440	442	637	924	0.059713	0.074380	0.198532	0.162148	0.051733	0.046053	0.061636	0.085734	0.085886	0.174185	
0.010733	2	157	238	248	319	352	440	442	637	924	0.055726	0.074458	0.200985	0.163514	0.051524	0.045830	0.060990	0.086771	0.086717	0.173485	
0.010756	2	157	238	248	319	352	440	442	637	924	0.051739	0.074536	0.203437	0.164880	0.051315	0.045608	0.060345	0.087807	0.087548	0.172786	
0.010779	2	157	238	248	319	352	440	442	637	924	0.047751	0.074613	0.205890	0.166246	0.051105	0.045386	0.059699	0.088844	0.088379	0.172086	
0.010802	157	238	248	319	352	440	442	637	924	1168	0.074359	0.200370	0.161728	0.057041	0.043731	0.069239	0.087417	0.086833	0.181045	0.038237	
0.010825	157	238	248	319	352	440	442	637	924	1168	0.074201	0.203609	0.163500	0.056034	0.043371	0.067321	0.088739	0.087898	0.178499	0.036830	
0.010848	157	238	248	319	352	440	442	637	924	1168	0.074043	0.206849	0.165272	0.055026	0.043011	0.065403	0.090060	0.088962	0.175952	0.035422	
0.010871	157	238	248	319	352	440	442	637	924	1168	0.073885	0.210089	0.167045	0.054018	0.042651	0.063485	0.091381	0.090027	0.173405	0.034014	
0.010894	157	238	248	319	352	440	442	637	924	1168	0.073727	0.213329	0.168817	0.053010	0.042291	0.061567	0.092702	0.091092	0.170858	0.032607	
0.010917	157	238	248	319	352	440	442	637	924	1168	0.073570	0.216568	0.170590	0.052003	0.041931	0.059649	0.094024	0.092156	0.168311	0.031199	
0.010940	157	238	248	319	352	440	442	637	924	1168	0.073412	0.219808	0.172362	0.050995	0.041571	0.057730	0.095345	0.093221	0.165765	0.029791	
0.010963	157	238	248	319	352	440	442	637	924	1168	0.073254	0.223048	0.174134	0.049987	0.041211	0.055812	0.096666	0.094286	0.163218	0.028384	
0.010986	157	238	248	319	352	440	442	637	924	1168	0.073096	0.226288	0.175907	0.048979	0.040851	0.053894	0.097987	0.095350	0.160671	0.026976	
0.011009	157	238	248	319	352	440	442	637	924	1168	0.072939	0.229528	0.177679	0.047972	0.040491	0.051976	0.099309	0.096415	0.158124	0.025568	
0.011032	157	238	248	319	352	440	442	637	924	1168	0.072781	0.232767	0.179451	0.046964	0.040131	0.050058	0.100630	0.097480	0.155577	0.024161	
0.011055	157	238	248	319	352	440	442	637	924	1168	0.072623	0.236007	0.181224	0.045956	0.039771	0.048140	0.101951	0.098544	0.153031	0.022753	
0.011078	157	238	248	319	352	440	442	637	924	1168	0.072465	0.239247	0.182996	0.044948	0.039411	0.046222	0.103272	0.099609	0.150484	0.021346	
0.011101	157	238	248	319	352	440	442	637	924	1168	0.072308	0.242487	0.184768	0.043941	0.039051	0.044304	0.104594	0.100674	0.147937	0.019938	
0.011124	157	238	248	319	352	440	442	637	924	1168	0.072150	0.245726	0.186541	0.042933	0.038691	0.042385	0.105915	0.101738	0.145390	0.018531	
0.011147	157	238	248	319	352	440	442	637	924	1168	0.071992	0.248966	0.188313	0.041925	0.038331	0.040467	0.107236	0.102803	0.142843	0.017123	
0.011170	157	238	248	319	352	440	442	637	924	1168	0.071834	0.252206	0.190085	0.040917	0.037971	0.038549	0.108557	0.103868	0.140295	0.015717	
0.011193	157	238	248	319	352	440	442	637	924	1168	0.071675	0.255446	0.191857	0.039908	0.037610	0.036629	0.109879	0.104932	0.137743	0.014320	
0.011216	157	238	248	319	352	440	442	637	924	1168	0.071519	0.258686	0.193630	0.038902	0.037251	0.034713	0.111200	0.105997	0.135203	0.012900	
0.011239	157	238	248	319	352	440	442	637	924	1168	0.071360	0.261926	0.195402	0.037893	0.036890	0.032793	0.112521	0.107062	0.132652	0.011502	
0.011262	157	238	248	319	352	440	442	637	924	1168	0.071169	0.265173	0.197158	0.036856	0.036497	0.030833	0.113850	0.108129	0.129985	0.010351	
0.011285	157	238	248	319	352	440	442	637	924	1168	0.070874	0.268444	0.198864	0.035724	0.035998	0.028736	0.115202	0.109202	0.126937	0.010019	
0.011308	157	238	248	319	352	440	442	637	924	1168	0.070538	0.271725	0.200549	0.034556	0.035458	0.026587	0.116564	0.110278	0.123743	0.010001	
0.011330	157	238	248	319	352	440	442	637	924	1168	0.070200	0.275006	0.202234	0.033387	0.034916	0.024435	0.117926	0.111355	0.120540	0.010000	
0.011353	157	238	248	319	352	440	442	637	924		0.071142	0.277994	0.204542	0.033368	0.035668	0.023944	0.118997	0.112348	0.121997	
0.011376	157	238	248	319	352	440	442	637	924		0.070804	0.281275	0.206227	0.032198	0.035126	0.021793	0.120360	0.113424	0.118793	
0.011399	157	238	248	319	352	440	442	637	924		0.070466	0.284556	0.207911	0.031029	0.034583	0.019642	0.121722	0.114501	0.115590	
0.011422	157	238	248	319	352	440	442	637	924		0.070128	0.287837	0.209596	0.029859	0.034041	0.017491	0.123084	0.115577	0.112387	
0.011445	157	238	248	319	352	440	442	637	924		0.069789	0.291118	0.211280	0.028689	0.033499	0.015345	0.124446	0.116653	0.109180	
0.011468	157	238	248	319	352	440	442	637	924		0.069452	0.294399	0.212965	0.027519	0.032957	0.013185	0.125809	0.117730	0.105983	
0.011491	157	238	248	319	352	440	442	637	924		0.069112	0.297681	0.214648	0.026345	0.032410	0.011068	0.127171	0.118806	0.102759	
0.011514	157	238	248	319	352	440	442	637	924		0.068691	0.301002	0.216279	0.025024	0.031704	0.010028	0.128532	0.119875	0.098865	
0.011537	157	238	248	319	352	440	442	637	924		0.068193	0.304359	0.217862	0.023566	0.030848	0.010001	0.129892	0.120937	0.094341	
0.011560	157	238	248	319	352	442	637	924			0.068444	0.307360	0.219921	0.023464	0.031466	0.131262	0.122066	0.096017	
0.011583	157	238	248	319	352	442	637	924			0.067944	0.310718	0.221503	0.022003	0.030606	0.132622	0.123128	0.091476	
0.011606	157	238	248	319	352	442	637	924			0.067445	0.314076	0.223085	0.020541	0.029746	0.133982	0.124190	0.086935	
0.011629	157	238	248	319	352	442	637	924			0.066945	0.317434	0.224666	0.019080	0.028886	0.135342	0.125252	0.082394	
0.011652	157	238	248	319	352	442	637	924			0.066446	0.320792	0.226248	0.017619	0.028027	0.136701	0.126314	0.077853	
0.011675	157	238	248	319	352	442	637	924			0.065946	0.324150	0.227830	0.016161	0.027166	0.138061	0.127376	0.073310	
0.011698	157	238	248	319	352	442	637	924			0.065448	0.327508	0.229412	0.014691	0.026306	0.139422	0.128439	0.068774	
0.011721	157	238	248	319	352	442	637	924			0.064949	0.330866	0.230994	0.013230	0.025446	0.140781	0.129501	0.064233	
0.011744	157	238	248	319	352	442	637	924			0.064444	0.334224	0.232574	0.011795	0.024585	0.142140	0.130562	0.059677	
0.011767	157	238	248	319	352	442	637	924			0.063878	0.337587	0.234140	0.010620	0.023704	0.143484	0.131613	0.054973	
0.011790	157	238	248	319	352	442	637	924			0.063163	0.340963	0.235671	0.010097	0.022775	0.144794	0.132640	0.049897	
0.011813	157	238	248	319	352	442	637	924			0.062348	0.344346	0.237179	0.010008	0.021815	0.146080	0.133650	0.044574	
0.011836	157	238	248	319	352	442	637	924			0.061513	0.347731	0.238682	0.010003	0.020848	0.147362	0.134657	0.039204	
0.011859	157	238	248	352	442	637	924				0.062979	0.350930	0.240725	0.020614	0.149180	0.136042	0.039529	
0.011882	157	238	248	352	442	637	924				0.062144	0.354316	0.242228	0.019647	0.150462	0.137049	0.034155	
0.011905	157	238	248	352	442	637	924				0.061308	0.357701	0.243731	0.018680	0.151743	0.138056	0.028782	
0.011928	157	238	248	352	442	637	924				0.060472	0.361086	0.245233	0.017713	0.153024	0.139063	0.023408	
0.011951	157	238	248	352	442	637	924				0.059636	0.364471	0.246736	0.016746	0.154306	0.140070	0.018035	
0.011974	157	238	248	352	442	637	924				0.058800	0.367857	0.248238	0.015779	0.155587	0.141077	0.012662	
0.011997	157	238	248	352	442	637	924				0.056147	0.372267	0.248767	0.013323	0.156939	0.142551	0.010005	
0.012019	157	238	248	352	442	637					0.058409	0.373905	0.251930	0.014895	0.158100	0.142762	
0.012042	157	238	248	352	442	637					0.053974	0.379318	0.251502	0.010991	0.159520	0.144693	
0.012065	157	238	248	352	442	637					0.047784	0.385072	0.249777	0.010001	0.160485	0.146881	
0.012088	157	238	248	442	637						0.047025	0.389774	0.252067	0.162860	0.148275	
0.012111	157	238	248	442	637						0.040237	0.395643	0.249900	0.163669	0.150551	
0.012134	157	238	248	442	637						0.033450	0.401513	0.247733	0.164479	0.152826	
0.012157	157	238	248	442	637						0.026663	0.407382	0.245566	0.165288	0.155102	
0.012180	157	238	248	442	637						0.019876	0.413252	0.243399	0.166097	0.157377	
0.012203	157	238	248	442	637						0.013089	0.419121	0.241230	0.166907	0.159653	
0.012226	157	238	248	442	637						0.010001	0.427437	0.233239	0.166390	0.162933	
0.012249	238	248	442	637							0.431181	0.236132	0.168351	0.164335	
0.012272	238	248	442	637							0.441539	0.223278	0.166729	0.168454	
0.012295	238	248	442	637							0.451898	0.210423	0.165106	0.172574	
0.012318	238	248	442	637							0.462256	0.197569	0.163483	0.176693	
0.012341	238	248	442	637							0.472614	0.184715	0.161860	0.180812	
0.012364	238	248	442	637							0.482972	0.171860	0.160237	0.184931	
0.012387	238	248	442	637							0.493330	0.159006	0.158614	0.189051	
0.012410	238	248	442	637							0.503688	0.146152	0.156991	0.193170	
0.012433	238	248	442	637							0.514046	0.133297	0.155368	0.197289	
0.012456	238	248	442	637							0.524404	0.120443	0.153745	0.201408	
0.012479	238	248	442	637							0.534762	0.107589	0.152122	0.205527	
0.012502	238	248	442	637							0.545120	0.094734	0.150499	0.209647	
0.012525	238	248	442	637							0.555478	0.081880	0.148876	0.213766	
0.012548	238	248	442	637							0.565836	0.069026	0.147253	0.217885	
0.012571	238	248	442	637							0.576195	0.056171	0.145630	0.222004	
0.012594	238	248	442	637							0.586553	0.043317	0.144007	0.226123	
0.012617	238	248	442	637							0.596911	0.030463	0.142384	0.230243	
0.012640	238	248	442	637							0.607269	0.017609	0.140760	0.234362	
0.012663	238	442	637								0.615019	0.148236	0.236744	
0.012685	238	442	637								0.632428	0.122013	0.245560	
0.012708	238	442	637								0.649836	0.095789	0.254375	
0.012731	238	442	637								0.667245	0.069565	0.263190	
0.012754	238	442	637								0.684653	0.043341	0.272006	
0.012777	238	442	637								0.702061	0.017118	0.280821	
0.012800	238	637									0.664824	0.335176	
0.012823	238	637									0.524861	0.475139	
0.012846	238	637									0.384898	0.615102	
0.012869	238	637									0.244935	0.755065	
0.012892	238	637									0.104972	0.895028	
