0.001432	37	53	422	959	1129	0.185340	0.115830	0.211479	0.278762	0.208590	
0.001455	37	53	422	959	1129	0.176037	0.116276	0.217712	0.278333	0.211643	
0.001478	37	410	422	959	1129	0.193020	0.144412	0.189484	0.283255	0.189829	
0.001501	37	410	422	959	1129	0.184075	0.147031	0.194933	0.282015	0.191945	
0.001524	37	168	422	455	1129	0.207816	0.138233	0.166829	0.261806	0.225316	
0.001547	410	422	959	1055	1129	0.149918	0.188898	0.281792	0.215646	0.163745	
0.001570	410	422	959	1055	1129	0.152915	0.195599	0.278624	0.204996	0.167866	
0.001593	410	422	959	1055	1129	0.155911	0.202300	0.275456	0.194346	0.171987	
0.001616	410	422	959	1055	1129	0.158907	0.209001	0.272288	0.183695	0.176108	
0.001639	410	422	959	1055	1129	0.161904	0.215702	0.269120	0.173045	0.180229	
0.001662	410	422	959	1055	1129	0.164900	0.222403	0.265952	0.162395	0.184350	
0.001685	37	168	422	455	1129	0.168732	0.171362	0.180147	0.248607	0.231152	
0.001708	37	168	422	455	1129	0.163149	0.176095	0.182049	0.246721	0.231986	
0.001731	37	168	422	455	1129	0.157566	0.180827	0.183952	0.244835	0.232820	
0.001754	37	168	422	455	1129	0.151982	0.185560	0.185854	0.242950	0.233653	
0.001777	410	422	959	1129	1222	0.163135	0.229738	0.291880	0.174726	0.140521	
0.001799	410	422	959	1129	1222	0.168276	0.239535	0.277589	0.181770	0.132831	
0.001822	168	422	455	959	1129	0.132167	0.187756	0.227706	0.253748	0.198624	
0.001845	168	422	455	959	1129	0.139672	0.188818	0.222285	0.249246	0.199979	
0.001868	168	422	455	959	1129	0.147178	0.189880	0.216864	0.244744	0.201334	
0.001891	168	422	455	959	1129	0.154684	0.190942	0.211443	0.240242	0.202690	
0.001914	168	422	455	959	1129	0.162189	0.192005	0.206021	0.235740	0.204045	
0.001937	168	422	959	1015	1129	0.121998	0.189878	0.310020	0.206370	0.171735	
0.001960	168	422	959	1015	1129	0.130961	0.190647	0.301530	0.203416	0.173446	
0.001983	168	422	959	1015	1129	0.139925	0.191417	0.293040	0.200463	0.175156	
0.002006	168	422	959	1015	1129	0.148889	0.192186	0.284550	0.197509	0.176867	
0.002029	168	422	959	1015	1129	0.157852	0.192955	0.276060	0.194556	0.178577	
0.002052	168	422	959	1015	1129	0.166816	0.193724	0.267570	0.191602	0.180288	
0.002075	168	422	959	1015	1129	0.175780	0.194493	0.259080	0.188649	0.181998	
0.002098	168	422	959	1015	1129	0.184744	0.195263	0.250590	0.185695	0.183709	
0.002121	168	422	959	1015	1129	0.193707	0.196032	0.242100	0.182742	0.185420	
0.002144	168	422	959	1015	1129	0.202671	0.196801	0.233610	0.179788	0.187130	
0.002167	168	422	959	1015	1129	0.211635	0.197570	0.225120	0.176835	0.188841	
0.002190	168	422	959	1015	1129	0.220598	0.198339	0.216630	0.173881	0.190551	
0.002213	168	422	959	1015	1129	0.229562	0.199108	0.208140	0.170928	0.192262	
0.002236	168	410	422	959	1129	0.193617	0.145995	0.211686	0.259163	0.189540	
0.002259	168	410	422	959	1129	0.202752	0.146075	0.212021	0.248547	0.190604	
0.002282	168	410	422	959	1129	0.211887	0.146156	0.212357	0.237932	0.191668	
0.002305	168	410	422	959	1129	0.221022	0.146236	0.212692	0.227316	0.192733	
0.002328	168	422	959	1118	1129	0.152350	0.192830	0.350785	0.097623	0.206412	
0.002351	168	422	959	1118	1129	0.157050	0.191871	0.343164	0.101507	0.206408	
0.002374	168	422	959	1118	1129	0.161749	0.190913	0.335544	0.105391	0.206403	
0.002397	168	422	959	1118	1129	0.166449	0.189954	0.327923	0.109275	0.206399	
0.002420	168	422	959	1118	1129	0.171148	0.188996	0.320302	0.113159	0.206395	
0.002443	168	422	959	1118	1129	0.175848	0.188037	0.312681	0.117043	0.206391	
0.002466	168	422	959	1118	1129	0.180547	0.187079	0.305060	0.120927	0.206387	
0.002488	168	422	959	1118	1129	0.185247	0.186120	0.297440	0.124811	0.206382	
0.002511	168	422	959	1118	1129	0.189946	0.185162	0.289819	0.128695	0.206378	
0.002534	168	422	959	1118	1129	0.194646	0.184203	0.282198	0.132579	0.206374	
0.002557	168	422	959	1118	1129	0.199345	0.183245	0.274577	0.136463	0.206370	
0.002580	168	422	959	1118	1129	0.204045	0.182286	0.266957	0.140347	0.206366	
0.002603	168	422	959	1118	1129	0.208744	0.181328	0.259336	0.144231	0.206361	
0.002626	168	422	959	1118	1129	0.213443	0.180369	0.251715	0.148115	0.206357	
0.002649	168	422	959	1118	1129	0.218143	0.179411	0.244094	0.151999	0.206353	
0.002672	168	422	959	1118	1129	0.222842	0.178453	0.236474	0.155882	0.206349	
0.002695	168	422	959	1118	1129	0.227542	0.177494	0.228853	0.159766	0.206345	
0.002718	168	422	455	523	1129	0.220299	0.208764	0.234876	0.132580	0.203481	
0.002741	168	422	455	523	1129	0.221885	0.208109	0.231313	0.136404	0.202289	
0.002764	168	422	455	523	1129	0.223471	0.207455	0.227750	0.140227	0.201098	
0.002787	168	410	422	523	1304	0.194406	0.172808	0.241532	0.140859	0.250395	
0.002810	168	410	422	523	1304	0.196044	0.171973	0.240144	0.145028	0.246811	
0.002833	168	410	422	523	1304	0.197682	0.171138	0.238755	0.149197	0.243228	
0.002856	168	410	422	523	1304	0.199320	0.170303	0.237367	0.153366	0.239644	
0.002879	168	410	422	523	1304	0.200958	0.169467	0.235979	0.157535	0.236061	
0.002902	168	410	422	523	1304	0.202596	0.168632	0.234591	0.161704	0.232477	
0.002925	168	410	422	523	1304	0.204234	0.167797	0.233202	0.165873	0.228894	
0.002948	168	410	422	523	1304	0.205872	0.166962	0.231814	0.170042	0.225311	
0.002971	168	410	422	523	1304	0.207510	0.166127	0.230426	0.174211	0.221727	
0.002994	168	410	422	523	1304	0.209147	0.165292	0.229038	0.178380	0.218144	
0.003017	168	410	422	523	1304	0.210785	0.164456	0.227649	0.182549	0.214560	
0.003040	168	410	422	523	1304	0.212423	0.163621	0.226261	0.186718	0.210977	
0.003063	168	410	422	523	1304	0.214061	0.162786	0.224873	0.190887	0.207393	
0.003086	168	410	422	523	1304	0.215699	0.161951	0.223485	0.195055	0.203810	
0.003109	168	410	422	523	1304	0.217337	0.161116	0.222096	0.199224	0.200226	
0.003132	168	410	422	523	1304	0.218975	0.160281	0.220708	0.203393	0.196643	
0.003154	168	410	422	523	1304	0.220613	0.159445	0.219320	0.207562	0.193060	
0.003177	168	410	422	523	1304	0.222251	0.158610	0.217932	0.211731	0.189476	
0.003200	168	410	422	523	1304	0.223889	0.157775	0.216543	0.215900	0.185893	
0.003223	168	410	422	523	1304	0.225527	0.156940	0.215155	0.220069	0.182309	
0.003246	168	410	422	523	1304	0.227165	0.156105	0.213767	0.224238	0.178726	
0.003269	168	410	422	523	1304	0.228802	0.155270	0.212379	0.228407	0.175142	
0.003292	168	410	422	523	1304	0.230440	0.154434	0.210990	0.232576	0.171559	
0.003315	168	410	422	523	1304	0.232078	0.153599	0.209602	0.236745	0.167976	
0.003338	168	410	422	523	1304	0.233716	0.152764	0.208214	0.240914	0.164392	
0.003361	168	410	422	523	1304	0.235354	0.151929	0.206826	0.245083	0.160809	
0.003384	168	410	422	523	1304	0.236992	0.151094	0.205437	0.249252	0.157225	
0.003407	168	410	422	523	1304	0.238630	0.150259	0.204049	0.253421	0.153642	
0.003430	168	410	422	523	1304	0.240268	0.149424	0.202661	0.257590	0.150058	
0.003453	168	422	523	924	1304	0.238032	0.251637	0.179226	0.068836	0.262269	
0.003476	168	422	523	924	1304	0.238680	0.250460	0.181716	0.070139	0.259005	
0.003499	168	422	523	924	1304	0.239328	0.249282	0.184206	0.071443	0.255741	
0.003522	168	422	523	924	1304	0.239976	0.248104	0.186697	0.072746	0.252477	
0.003545	168	422	523	924	1304	0.240624	0.246927	0.189187	0.074049	0.249213	
0.003568	168	422	523	924	1304	0.241272	0.245749	0.191678	0.075353	0.245949	
0.003591	168	422	523	924	1304	0.241920	0.244571	0.194168	0.076656	0.242685	
0.003614	168	422	523	924	1304	0.242568	0.243394	0.196658	0.077959	0.239421	
0.003637	168	422	523	924	1304	0.243216	0.242216	0.199149	0.079262	0.236157	
0.003660	168	422	523	924	1304	0.243864	0.241038	0.201639	0.080566	0.232892	
0.003683	168	422	523	924	1304	0.244512	0.239861	0.204130	0.081869	0.229628	
0.003706	168	422	523	924	1304	0.245160	0.238683	0.206620	0.083172	0.226364	
0.003729	168	422	523	924	1304	0.245808	0.237505	0.209111	0.084475	0.223100	
0.003752	168	422	523	924	1304	0.246457	0.236328	0.211601	0.085779	0.219836	
0.003775	168	422	523	924	1304	0.247105	0.235150	0.214091	0.087082	0.216572	
0.003798	168	422	523	924	1304	0.247753	0.233973	0.216582	0.088385	0.213308	
0.003821	168	422	523	924	1304	0.248401	0.232795	0.219072	0.089688	0.210044	
0.003843	168	422	523	924	1304	0.249049	0.231617	0.221563	0.090992	0.206780	
0.003866	168	422	523	924	1304	0.249697	0.230440	0.224053	0.092295	0.203515	
0.003889	168	422	523	924	1304	0.250345	0.229262	0.226544	0.093598	0.200251	
0.003912	2	168	410	422	523	0.089350	0.214606	0.224962	0.247736	0.223346	
0.003935	2	168	410	422	523	0.091308	0.214372	0.223585	0.244307	0.226428	
0.003958	2	168	410	422	523	0.093266	0.214138	0.222208	0.240878	0.229510	
0.003981	2	168	410	422	523	0.095224	0.213904	0.220831	0.237449	0.232592	
0.004004	2	168	410	422	523	0.097183	0.213670	0.219454	0.234021	0.235674	
0.004027	2	168	410	422	523	0.099141	0.213435	0.218077	0.230592	0.238755	
0.004050	2	168	410	422	523	0.101099	0.213201	0.216700	0.227163	0.241837	
0.004073	2	168	410	422	523	0.103057	0.212967	0.215323	0.223735	0.244919	
0.004096	2	293	410	422	523	0.114207	0.148849	0.242684	0.270071	0.224189	
0.004119	2	293	410	422	523	0.116064	0.149327	0.241105	0.266443	0.227062	
0.004142	2	293	410	422	523	0.117921	0.149804	0.239526	0.262814	0.229935	
0.004165	2	293	410	422	523	0.119777	0.150281	0.237948	0.259186	0.232808	
0.004188	152	168	352	523	1304	0.115775	0.310855	0.047382	0.249491	0.276496	
0.004211	152	168	352	523	1304	0.116781	0.311020	0.047983	0.251859	0.272357	
0.004234	2	168	410	422	523	0.116763	0.211328	0.205684	0.199734	0.266492	
0.004257	2	168	285	410	523	0.120224	0.253062	0.160924	0.218981	0.246808	
0.004280	2	168	285	410	523	0.122277	0.251512	0.159455	0.216525	0.250230	
0.004303	2	168	285	410	523	0.124330	0.249963	0.157987	0.214069	0.253652	
0.004326	2	168	285	410	523	0.126382	0.248413	0.156518	0.211613	0.257074	
0.004349	2	168	285	410	523	0.128435	0.246863	0.155049	0.209158	0.260495	
0.004372	2	168	285	410	523	0.130487	0.245314	0.153580	0.206702	0.263917	
0.004395	2	168	285	410	523	0.132540	0.243764	0.152112	0.204246	0.267339	
0.004418	2	168	285	410	523	0.134592	0.242215	0.150643	0.201790	0.270760	
0.004441	2	168	285	410	523	0.136645	0.240665	0.149174	0.199334	0.274182	
0.004464	2	168	285	410	523	0.138698	0.239116	0.147705	0.196878	0.277604	
0.004487	2	168	285	410	523	0.140750	0.237566	0.146237	0.194422	0.281025	
0.004510	2	168	285	410	523	0.142803	0.236016	0.144768	0.191966	0.284447	
0.004532	2	168	285	410	523	0.144855	0.234467	0.143299	0.189510	0.287869	
0.004555	152	168	352	422	523	0.117935	0.303436	0.051877	0.271780	0.254972	
0.004578	168	352	422	523	924	0.302065	0.046195	0.320201	0.243426	0.088113	
0.004601	168	352	422	523	924	0.301438	0.046828	0.316329	0.245946	0.089459	
0.004624	168	352	422	523	924	0.300810	0.047462	0.312458	0.248465	0.090805	
0.004647	168	352	422	523	924	0.300183	0.048095	0.308586	0.250984	0.092151	
0.004670	168	352	422	523	924	0.299556	0.048729	0.304714	0.253504	0.093497	
0.004693	168	352	422	523	924	0.298928	0.049363	0.300842	0.256023	0.094844	
0.004716	168	352	422	523	924	0.298301	0.049996	0.296970	0.258542	0.096190	
0.004739	168	352	422	523	924	0.297674	0.050630	0.293099	0.261062	0.097536	
0.004762	168	352	422	523	924	0.297046	0.051264	0.289227	0.263581	0.098882	
0.004785	168	352	422	523	924	0.296419	0.051897	0.285355	0.266100	0.100228	
0.004808	168	352	422	523	924	0.295792	0.052531	0.281483	0.268620	0.101574	
0.004831	168	352	422	523	924	0.295164	0.053165	0.277611	0.271139	0.102921	
0.004854	168	352	422	523	924	0.294537	0.053798	0.273739	0.273659	0.104267	
0.004877	168	352	422	523	924	0.293910	0.054432	0.269868	0.276178	0.105613	
0.004900	168	352	422	523	924	0.293282	0.055065	0.265996	0.278697	0.106959	
0.004923	168	352	422	523	924	0.292655	0.055699	0.262124	0.281217	0.108305	
0.004946	168	352	422	523	924	0.292028	0.056333	0.258252	0.283736	0.109651	
0.004969	168	352	422	523	924	0.291400	0.056966	0.254380	0.286255	0.110998	
0.004992	168	352	422	523	924	0.290773	0.057600	0.250509	0.288775	0.112344	
0.005015	168	352	422	523	924	0.290146	0.058234	0.246637	0.291294	0.113690	
0.005038	168	352	422	523	924	0.289519	0.058867	0.242765	0.293813	0.115036	
0.005061	168	352	422	523	924	0.288891	0.059501	0.238893	0.296333	0.116382	
0.005084	168	352	422	523	924	0.288264	0.060134	0.235021	0.298852	0.117728	
0.005107	2	168	285	352	523	0.124711	0.316346	0.188207	0.055732	0.315004	
0.005130	2	168	285	352	523	0.126672	0.313358	0.185796	0.056460	0.317714	
0.005153	2	168	285	352	523	0.128633	0.310371	0.183385	0.057188	0.320423	
0.005176	2	168	285	352	523	0.130594	0.307384	0.180974	0.057916	0.323132	
0.005198	2	168	285	352	523	0.132555	0.304397	0.178563	0.058644	0.325842	
0.005221	2	168	285	352	523	0.134516	0.301409	0.176152	0.059372	0.328551	
0.005244	2	293	316	410	523	0.163539	0.185395	0.131704	0.241780	0.277581	
0.005267	2	293	316	410	523	0.164894	0.185099	0.133356	0.236996	0.279654	
0.005290	2	293	316	410	523	0.166249	0.184803	0.135009	0.232212	0.281727	
0.005313	2	293	316	410	523	0.167604	0.184507	0.136661	0.227427	0.283800	
0.005336	2	293	316	410	523	0.168960	0.184211	0.138314	0.222643	0.285872	
0.005359	2	293	316	410	523	0.170315	0.183915	0.139966	0.217859	0.287945	
0.005382	2	293	316	410	523	0.171670	0.183619	0.141619	0.213075	0.290018	
0.005405	2	293	316	410	523	0.173025	0.183323	0.143271	0.208290	0.292091	
0.005428	2	293	316	410	523	0.174380	0.183027	0.144924	0.203506	0.294164	
0.005451	2	293	316	410	523	0.175735	0.182731	0.146576	0.198722	0.296236	
0.005474	2	293	316	410	523	0.177090	0.182434	0.148229	0.193938	0.298309	
0.005497	2	293	316	410	523	0.178445	0.182138	0.149881	0.189153	0.300382	
0.005520	2	293	316	410	523	0.179801	0.181842	0.151534	0.184369	0.302455	
0.005543	2	168	293	316	523	0.130546	0.252936	0.173897	0.152302	0.290319	
0.005566	2	168	293	316	523	0.133379	0.246618	0.173283	0.153976	0.292744	
0.005589	2	168	295	316	523	0.103647	0.356210	0.145196	0.133092	0.261856	
0.005612	2	168	295	316	523	0.106101	0.349475	0.146804	0.134469	0.263151	
0.005635	2	168	295	316	523	0.108555	0.342740	0.148411	0.135847	0.264447	
0.005658	2	168	295	316	523	0.111009	0.336006	0.150018	0.137224	0.265742	
0.005681	2	168	295	316	523	0.113463	0.329271	0.151626	0.138602	0.267038	
0.005704	2	168	295	316	523	0.115917	0.322537	0.153233	0.139979	0.268333	
0.005727	2	168	295	316	523	0.118372	0.315802	0.154840	0.141357	0.269629	
0.005750	2	168	295	316	523	0.120826	0.309068	0.156448	0.142735	0.270925	
0.005773	2	168	295	316	523	0.123280	0.302333	0.158055	0.144112	0.272220	
0.005796	2	168	295	316	523	0.125734	0.295598	0.159662	0.145490	0.273516	
0.005819	2	168	295	316	523	0.128188	0.288864	0.161270	0.146867	0.274811	
0.005842	2	168	295	316	523	0.130642	0.282129	0.162877	0.148245	0.276107	
0.005865	2	168	295	316	523	0.133096	0.275395	0.164484	0.149622	0.277402	
0.005887	2	168	295	316	523	0.135550	0.268660	0.166092	0.151000	0.278698	
0.005910	2	168	295	316	523	0.138004	0.261925	0.167699	0.152378	0.279994	
0.005933	2	168	295	316	523	0.140459	0.255191	0.169306	0.153755	0.281289	
0.005956	2	168	295	316	523	0.142913	0.248456	0.170914	0.155133	0.282585	
0.005979	2	168	295	316	523	0.145367	0.241722	0.172521	0.156510	0.283880	
0.006002	2	168	295	316	523	0.147821	0.234987	0.174128	0.157888	0.285176	
0.006025	2	168	295	316	523	0.150275	0.228253	0.175736	0.159265	0.286471	
0.006048	2	168	295	316	523	0.152729	0.221518	0.177343	0.160643	0.287767	
0.006071	2	168	295	316	523	0.155183	0.214783	0.178950	0.162021	0.289063	
0.006094	2	168	295	316	523	0.157637	0.208049	0.180558	0.163398	0.290358	
0.006117	2	168	295	316	523	0.160091	0.201314	0.182165	0.164776	0.291654	
0.006140	2	168	295	316	523	0.162546	0.194580	0.183772	0.166153	0.292949	
0.006163	2	168	295	316	523	0.165000	0.187845	0.185380	0.167531	0.294245	
0.006186	2	168	295	316	523	0.167454	0.181111	0.186987	0.168908	0.295540	
0.006209	2	293	295	316	523	0.148566	0.237396	0.159820	0.173560	0.280658	
0.006232	2	293	295	316	523	0.152640	0.228871	0.162452	0.174740	0.281297	
0.006255	2	293	295	316	523	0.156714	0.220346	0.165084	0.175920	0.281936	
0.006278	2	293	295	316	523	0.160788	0.211821	0.167716	0.177100	0.282574	
0.006301	2	293	295	316	523	0.164863	0.203297	0.170348	0.178280	0.283213	
0.006324	2	293	295	316	523	0.168937	0.194772	0.172980	0.179460	0.283852	
0.006347	2	293	295	316	523	0.173011	0.186247	0.175612	0.180640	0.284491	
0.006370	2	293	295	316	523	0.177085	0.177722	0.178243	0.181820	0.285130	
0.006393	2	293	295	316	523	0.181159	0.169197	0.180875	0.183000	0.285768	
0.006416	2	293	295	316	523	0.185233	0.160673	0.183507	0.184179	0.286407	
0.006439	2	293	295	316	523	0.189308	0.152148	0.186139	0.185359	0.287046	
0.006462	2	293	295	316	523	0.193382	0.143623	0.188771	0.186539	0.287685	
0.006485	2	293	295	316	523	0.197456	0.135098	0.191403	0.187719	0.288324	
0.006508	2	197	295	316	523	0.175538	0.165864	0.198128	0.148603	0.311868	
0.006531	2	197	295	316	523	0.182785	0.156500	0.200343	0.151905	0.308467	
0.006554	2	197	295	316	523	0.190032	0.147137	0.202558	0.155207	0.305066	
0.006576	2	197	295	316	523	0.197280	0.137774	0.204773	0.158509	0.301665	
0.006599	2	197	295	316	523	0.204527	0.128411	0.206987	0.161811	0.298263	
0.006622	2	197	295	316	523	0.211774	0.119048	0.209202	0.165113	0.294862	
0.006645	2	197	295	316	523	0.219021	0.109685	0.211417	0.168415	0.291461	
0.006668	2	197	295	352	523	0.191138	0.187048	0.202093	0.056943	0.362778	
0.006691	2	197	295	352	523	0.195098	0.181101	0.202827	0.059671	0.361303	
0.006714	2	197	295	352	523	0.199057	0.175155	0.203562	0.062398	0.359828	
0.006737	2	197	295	352	523	0.203016	0.169208	0.204296	0.065126	0.358354	
0.006760	2	295	316	325	523	0.199149	0.209371	0.189017	0.086440	0.316024	
0.006783	2	197	295	352	523	0.210935	0.157316	0.205764	0.070581	0.355404	
0.006806	2	197	295	352	523	0.214895	0.151369	0.206498	0.073309	0.353929	
0.006829	2	197	295	352	523	0.218854	0.145423	0.207233	0.076037	0.352454	
0.006852	2	295	316	352	523	0.166335	0.210790	0.187992	0.043089	0.391794	
0.006875	2	295	316	352	523	0.171853	0.210179	0.186514	0.047092	0.384363	
0.006898	2	295	316	352	523	0.177370	0.209567	0.185035	0.051096	0.376932	
0.006921	2	295	316	352	523	0.182888	0.208956	0.183557	0.055099	0.369501	
0.006944	2	295	316	352	523	0.188406	0.208344	0.182079	0.059102	0.362069	
0.006967	2	295	316	352	523	0.193923	0.207732	0.180601	0.063105	0.354638	
0.006990	2	295	316	352	523	0.199441	0.207121	0.179123	0.067108	0.347207	
0.007013	2	295	316	352	523	0.204958	0.206509	0.177645	0.071111	0.339776	
0.007036	2	295	316	352	523	0.210476	0.205898	0.176166	0.075114	0.332345	
0.007059	2	295	316	352	523	0.215993	0.205286	0.174688	0.079118	0.324914	
0.007082	2	295	316	352	523	0.221511	0.204675	0.173210	0.083121	0.317483	
0.007105	2	295	316	352	523	0.227029	0.204063	0.171732	0.087124	0.310052	
0.007128	2	295	316	352	523	0.232546	0.203452	0.170254	0.091127	0.302621	
0.007151	2	238	295	316	523	0.191495	0.065146	0.219680	0.189451	0.334228	
0.007174	2	238	295	316	523	0.192597	0.068497	0.219469	0.188655	0.330782	
0.007197	2	238	295	316	523	0.193699	0.071847	0.219258	0.187859	0.327337	
0.007220	2	238	295	316	523	0.194800	0.075198	0.219047	0.187063	0.323892	
0.007242	2	238	295	316	523	0.195902	0.078548	0.218837	0.186267	0.320446	
0.007265	2	238	295	316	523	0.197004	0.081899	0.218626	0.185471	0.317001	
0.007288	2	238	295	316	523	0.198105	0.085249	0.218415	0.184675	0.313556	
0.007311	2	238	295	316	523	0.199207	0.088599	0.218204	0.183879	0.310110	
0.007334	2	238	295	316	523	0.200309	0.091950	0.217993	0.183083	0.306665	
0.007357	2	238	295	316	523	0.201410	0.095300	0.217782	0.182287	0.303220	
0.007380	2	238	295	316	523	0.202512	0.098651	0.217571	0.181491	0.299774	
0.007403	2	238	295	316	523	0.203614	0.102001	0.217361	0.180696	0.296329	
0.007426	2	238	295	316	523	0.204715	0.105352	0.217150	0.179900	0.292884	
0.007449	2	238	295	316	523	0.205817	0.108702	0.216939	0.179104	0.289438	
0.007472	2	238	295	316	523	0.206919	0.112053	0.216728	0.178308	0.285993	
0.007495	2	238	295	316	523	0.208020	0.115403	0.216517	0.177512	0.282548	
0.007518	2	238	295	316	523	0.209122	0.118754	0.216306	0.176716	0.279102	
0.007541	2	238	295	523	924	0.191957	0.082726	0.231400	0.354159	0.139758	
0.007564	2	238	295	523	924	0.192222	0.085452	0.230725	0.349780	0.141820	
0.007587	2	238	295	523	924	0.192487	0.088179	0.230051	0.345401	0.143883	
0.007610	2	238	295	523	924	0.192752	0.090906	0.229376	0.341022	0.145945	
0.007633	2	238	295	523	924	0.193017	0.093632	0.228701	0.336642	0.148007	
0.007656	2	238	295	523	924	0.193282	0.096359	0.228027	0.332263	0.150070	
0.007679	2	238	295	523	924	0.193546	0.099085	0.227352	0.327884	0.152132	
0.007702	2	238	295	523	924	0.193811	0.101812	0.226677	0.323504	0.154195	
0.007725	2	238	295	523	924	0.194076	0.104539	0.226003	0.319125	0.156257	
0.007748	2	238	295	523	924	0.194341	0.107265	0.225328	0.314746	0.158320	
0.007771	2	238	295	523	924	0.194606	0.109992	0.224653	0.310366	0.160382	
0.007794	2	238	295	523	924	0.194871	0.112718	0.223979	0.305987	0.162445	
0.007817	2	238	295	523	924	0.195136	0.115445	0.223304	0.301608	0.164507	
0.007840	2	238	295	523	924	0.195401	0.118172	0.222629	0.297228	0.166569	
0.007863	2	238	295	523	924	0.195666	0.120898	0.221955	0.292849	0.168632	
0.007886	2	238	295	523	924	0.195931	0.123625	0.221280	0.288470	0.170694	
0.007909	2	238	295	523	924	0.196196	0.126352	0.220605	0.284091	0.172757	
0.007931	2	238	295	523	924	0.196461	0.129078	0.219931	0.279711	0.174819	
0.007954	2	238	295	523	924	0.196725	0.131805	0.219256	0.275332	0.176882	
0.007977	2	238	295	523	924	0.196990	0.134531	0.218581	0.270953	0.178944	
0.008000	2	238	295	523	924	0.197255	0.137258	0.217907	0.266573	0.181007	
0.008023	2	238	295	523	924	0.197520	0.139985	0.217232	0.262194	0.183069	
0.008046	2	238	295	523	924	0.197785	0.142711	0.216557	0.257815	0.185131	
0.008069	2	238	295	523	924	0.198050	0.145438	0.215883	0.253435	0.187194	
0.008092	2	238	295	316	924	0.206207	0.129298	0.272617	0.202395	0.189483	
0.008115	2	238	295	316	924	0.206004	0.132466	0.270260	0.199873	0.191398	
0.008138	2	238	295	316	924	0.205801	0.135634	0.267903	0.197350	0.193313	
0.008161	2	238	295	316	924	0.205598	0.138801	0.265546	0.194828	0.195227	
0.008184	2	238	295	316	924	0.205395	0.141969	0.263189	0.192305	0.197142	
0.008207	2	238	295	316	924	0.205192	0.145137	0.260832	0.189783	0.199057	
0.008230	2	238	295	316	924	0.204988	0.148304	0.258475	0.187260	0.200972	
0.008253	2	238	295	316	924	0.204785	0.151472	0.256118	0.184738	0.202887	
0.008276	2	238	295	316	924	0.204582	0.154640	0.253761	0.182215	0.204802	
0.008299	2	238	295	316	924	0.204379	0.157807	0.251404	0.179693	0.206716	
0.008322	2	238	523	637	924	0.213273	0.126569	0.395993	0.060418	0.203748	
0.008345	2	238	523	637	924	0.213145	0.128671	0.391514	0.061204	0.205467	
0.008368	2	238	523	637	924	0.213017	0.130772	0.387034	0.061990	0.207186	
0.008391	2	238	523	637	924	0.212890	0.132874	0.382555	0.062776	0.208905	
0.008414	2	238	523	637	924	0.212762	0.134976	0.378076	0.063562	0.210624	
0.008437	2	238	523	637	924	0.212635	0.137078	0.373596	0.064348	0.212343	
0.008460	2	238	523	637	924	0.212507	0.139180	0.369117	0.065134	0.214062	
0.008483	2	238	523	637	924	0.212379	0.141282	0.364637	0.065920	0.215782	
0.008506	2	238	523	637	924	0.212252	0.143383	0.360158	0.066706	0.217501	
0.008529	2	238	523	637	924	0.212124	0.145485	0.355679	0.067492	0.219220	
0.008552	2	238	523	637	924	0.211997	0.147587	0.351199	0.068278	0.220939	
0.008575	2	238	248	295	924	0.244836	0.124738	0.100576	0.329840	0.200010	
0.008597	2	238	248	295	924	0.243751	0.127191	0.102359	0.326017	0.200681	
0.008620	2	238	248	295	924	0.242666	0.129644	0.104143	0.322195	0.201353	
0.008643	2	238	248	295	924	0.241580	0.132096	0.105927	0.318372	0.202024	
0.008666	2	238	248	295	924	0.240495	0.134549	0.107711	0.314550	0.202696	
0.008689	2	238	248	295	924	0.239410	0.137002	0.109494	0.310727	0.203367	
0.008712	2	238	248	295	924	0.238324	0.139454	0.111278	0.306905	0.204039	
0.008735	2	238	248	295	924	0.237239	0.141907	0.113062	0.303082	0.204710	
0.008758	2	238	248	295	924	0.236153	0.144360	0.114846	0.299259	0.205382	
0.008781	2	238	248	295	924	0.235068	0.146812	0.116630	0.295437	0.206053	
0.008804	2	238	248	295	924	0.233983	0.149265	0.118413	0.291614	0.206725	
0.008827	2	238	248	295	924	0.232897	0.151718	0.120197	0.287792	0.207396	
0.008850	2	238	248	295	924	0.231812	0.154170	0.121981	0.283969	0.208068	
0.008873	2	238	248	295	924	0.230727	0.156623	0.123765	0.280147	0.208739	
0.008896	2	238	248	295	924	0.229641	0.159076	0.125548	0.276324	0.209411	
0.008919	2	238	248	295	924	0.228556	0.161528	0.127332	0.272501	0.210082	
0.008942	2	238	248	295	924	0.227470	0.163981	0.129116	0.268679	0.210754	
0.008965	2	238	248	295	924	0.226385	0.166434	0.130900	0.264856	0.211425	
0.008988	2	238	248	295	924	0.225300	0.168886	0.132684	0.261034	0.212097	
0.009011	2	238	248	295	924	0.224214	0.171339	0.134467	0.257211	0.212768	
0.009034	2	238	248	295	924	0.223129	0.173792	0.136251	0.253389	0.213440	
0.009057	2	238	248	295	924	0.222044	0.176244	0.138035	0.249566	0.214111	
0.009080	2	238	248	295	924	0.220958	0.178697	0.139819	0.245743	0.214783	
0.009103	2	238	248	295	924	0.219873	0.181150	0.141602	0.241921	0.215454	
0.009126	2	238	248	295	924	0.218788	0.183603	0.143386	0.238098	0.216125	
0.009149	2	238	248	295	924	0.217702	0.186055	0.145170	0.234276	0.216797	
0.009172	2	238	248	295	924	0.216617	0.188508	0.146954	0.230453	0.217468	
0.009195	2	238	248	295	924	0.215531	0.190961	0.148738	0.226631	0.218140	
0.009218	2	238	248	295	924	0.214446	0.193413	0.150521	0.222808	0.218811	
0.009241	2	238	248	295	924	0.213361	0.195866	0.152305	0.218985	0.219483	
0.009264	2	238	248	295	924	0.212275	0.198319	0.154089	0.215163	0.220154	
0.009286	2	238	248	295	924	0.211190	0.200771	0.155873	0.211340	0.220826	
0.009309	2	238	248	295	924	0.210105	0.203224	0.157656	0.207518	0.221497	
0.009332	2	238	248	295	924	0.209019	0.205677	0.159440	0.203695	0.222169	
0.009355	2	238	248	295	924	0.207934	0.208129	0.161224	0.199872	0.222840	
0.009378	238	248	523	637	924	0.185628	0.144430	0.324396	0.082996	0.262550	
0.009401	238	248	523	637	924	0.187205	0.145716	0.319916	0.083588	0.263575	
0.009424	238	248	523	637	924	0.188782	0.147003	0.315436	0.084180	0.264599	
0.009447	238	248	523	637	924	0.190359	0.148290	0.310956	0.084772	0.265623	
0.009470	238	248	523	637	924	0.191936	0.149577	0.306476	0.085364	0.266647	
0.009493	238	248	523	637	924	0.193513	0.150863	0.301996	0.085955	0.267672	
0.009516	238	248	523	637	924	0.195090	0.152150	0.297517	0.086547	0.268696	
0.009539	238	248	523	637	924	0.196667	0.153437	0.293037	0.087139	0.269720	
0.009562	238	248	295	637	924	0.191580	0.149097	0.293669	0.070389	0.295265	
0.009585	238	248	295	637	924	0.193348	0.150481	0.289309	0.071261	0.295600	
0.009608	238	248	295	637	924	0.195117	0.151866	0.284949	0.072132	0.295936	
0.009631	238	248	295	637	924	0.196886	0.153250	0.280589	0.073003	0.296272	
0.009654	2	238	248	637	924	0.340085	0.145648	0.145397	0.071861	0.297008	
0.009677	2	238	248	637	924	0.335658	0.148446	0.146940	0.072798	0.296159	
0.009700	2	238	248	637	924	0.331232	0.151243	0.148482	0.073734	0.295309	
0.009723	2	238	248	637	924	0.326805	0.154041	0.150025	0.074670	0.294459	
0.009746	2	238	248	637	924	0.322378	0.156839	0.151568	0.075606	0.293610	
0.009769	2	238	248	637	924	0.317952	0.159636	0.153110	0.076542	0.292760	
0.009792	2	238	248	637	924	0.313525	0.162434	0.154653	0.077478	0.291910	
0.009815	2	238	248	637	924	0.309099	0.165231	0.156195	0.078414	0.291060	
0.009838	2	238	248	637	924	0.304672	0.168029	0.157738	0.079350	0.290211	
0.009861	2	238	248	637	924	0.300245	0.170827	0.159280	0.080286	0.289361	
0.009884	2	238	248	637	924	0.295819	0.173624	0.160823	0.081222	0.288511	
0.009907	2	238	248	637	924	0.291392	0.176422	0.162366	0.082159	0.287662	
0.009930	2	238	248	637	924	0.286965	0.179220	0.163908	0.083095	0.286812	
0.009953	2	238	248	637	924	0.282539	0.182017	0.165451	0.084031	0.285962	
0.009975	2	238	248	637	924	0.278112	0.184815	0.166993	0.084967	0.285113	
0.009998	2	238	248	637	924	0.273686	0.187613	0.168536	0.085903	0.284263	
0.010021	2	238	248	637	924	0.269259	0.190410	0.170078	0.086839	0.283413	
0.010044	2	238	248	637	924	0.264832	0.193208	0.171621	0.087775	0.282564	
0.010067	2	238	248	637	924	0.260406	0.196005	0.173164	0.088711	0.281714	
0.010090	2	238	248	637	924	0.255979	0.198803	0.174706	0.089647	0.280864	
0.010113	2	238	248	637	924	0.251553	0.201601	0.176249	0.090583	0.280015	
0.010136	2	238	248	637	924	0.247126	0.204398	0.177791	0.091519	0.279165	
0.010159	2	238	248	637	924	0.242699	0.207196	0.179334	0.092456	0.278315	
0.010182	2	238	248	637	924	0.238273	0.209994	0.180876	0.093392	0.277466	
0.010205	2	238	248	637	924	0.233846	0.212791	0.182419	0.094328	0.276616	
0.010228	2	238	248	637	924	0.229419	0.215589	0.183961	0.095264	0.275766	
0.010251	2	238	248	637	924	0.224993	0.218387	0.185504	0.096200	0.274917	
0.010274	2	238	248	637	924	0.220566	0.221184	0.187047	0.097136	0.274067	
0.010297	2	238	248	637	924	0.216140	0.223982	0.188589	0.098072	0.273217	
0.010320	2	238	248	637	924	0.211713	0.226779	0.190132	0.099008	0.272368	
0.010343	2	238	248	637	924	0.207286	0.229577	0.191674	0.099944	0.271518	
0.010366	2	238	248	637	924	0.202860	0.232375	0.193217	0.100880	0.270668	
0.010389	2	238	248	637	924	0.198433	0.235172	0.194759	0.101817	0.269819	
0.010412	2	238	248	637	924	0.194007	0.237970	0.196302	0.102753	0.268969	
0.010435	2	238	248	637	924	0.189580	0.240768	0.197845	0.103689	0.268119	
0.010458	2	238	248	637	924	0.185153	0.243565	0.199387	0.104625	0.267269	
0.010481	2	238	248	637	924	0.180727	0.246363	0.200930	0.105561	0.266420	
0.010504	2	238	248	637	924	0.176300	0.249160	0.202472	0.106497	0.265570	
0.010527	2	238	248	637	924	0.171873	0.251958	0.204015	0.107433	0.264720	
0.010550	2	238	248	637	924	0.167447	0.254756	0.205557	0.108369	0.263871	
0.010573	2	238	248	637	924	0.163020	0.257553	0.207100	0.109305	0.263021	
0.010596	2	238	248	637	924	0.158594	0.260351	0.208643	0.110241	0.262171	
0.010619	2	238	248	637	924	0.154167	0.263149	0.210185	0.111178	0.261322	
0.010641	157	238	248	637	924	0.119302	0.221150	0.194805	0.098197	0.366547	
0.010664	157	238	248	637	924	0.118491	0.224948	0.196508	0.099347	0.360705	
0.010687	157	238	248	637	924	0.117681	0.228746	0.198212	0.100498	0.354863	
0.010710	157	238	248	637	924	0.116871	0.232545	0.199915	0.101649	0.349021	
0.010733	157	238	248	637	924	0.116060	0.236343	0.201619	0.102799	0.343179	
0.010756	157	238	248	637	924	0.115250	0.240141	0.203322	0.103950	0.337337	
0.010779	157	238	248	637	924	0.114439	0.243939	0.205026	0.105101	0.331495	
0.010802	157	238	248	637	924	0.113629	0.247738	0.206729	0.106251	0.325652	
0.010825	157	238	248	637	924	0.112819	0.251536	0.208433	0.107402	0.319810	
0.010848	157	238	248	637	924	0.112008	0.255334	0.210136	0.108553	0.313968	
0.010871	238	248	442	637	924	0.221434	0.194425	0.109665	0.100855	0.373621	
0.010894	238	248	442	637	924	0.224628	0.195716	0.110758	0.101778	0.367120	
0.010917	238	248	442	637	924	0.227822	0.197006	0.111850	0.102702	0.360619	
0.010940	238	248	442	637	924	0.231017	0.198297	0.112942	0.103625	0.354119	
0.010963	238	248	442	637	924	0.234211	0.199587	0.114035	0.104549	0.347618	
0.010986	238	248	442	637	924	0.237405	0.200878	0.115127	0.105472	0.341118	
0.011009	238	248	442	637	924	0.240600	0.202168	0.116220	0.106396	0.334617	
0.011032	238	248	442	637	924	0.243794	0.203459	0.117312	0.107319	0.328116	
0.011055	238	248	442	637	924	0.246988	0.204749	0.118404	0.108243	0.321616	
0.011078	238	248	442	637	924	0.250182	0.206040	0.119497	0.109166	0.315115	
0.011101	238	248	442	637	924	0.253377	0.207330	0.120589	0.110090	0.308614	
0.011124	238	248	442	637	924	0.256571	0.208620	0.121682	0.111013	0.302114	
0.011147	238	248	442	637	924	0.259765	0.209911	0.122774	0.111937	0.295613	
0.011170	238	248	442	637	924	0.262960	0.211201	0.123866	0.112860	0.289113	
0.011193	238	248	442	637	924	0.266154	0.212492	0.124959	0.113784	0.282612	
0.011216	238	248	442	637	924	0.269348	0.213782	0.126051	0.114707	0.276111	
0.011239	238	248	442	637	924	0.272542	0.215073	0.127144	0.115631	0.269611	
0.011262	238	248	442	637	924	0.275737	0.216363	0.128236	0.116554	0.263110	
0.011285	238	248	442	637	924	0.278931	0.217654	0.129328	0.117478	0.256610	
0.011308	238	248	442	637	924	0.282125	0.218944	0.130421	0.118401	0.250109	
0.011330	238	248	442	637	924	0.285319	0.220234	0.131513	0.119325	0.243608	
0.011353	238	248	442	637	924	0.288514	0.221525	0.132605	0.120248	0.237108	
0.011376	238	248	442	637	924	0.291708	0.222815	0.133698	0.121172	0.230607	
0.011399	238	248	442	637	924	0.294902	0.224106	0.134790	0.122095	0.224106	
0.011422	238	248	442	637	924	0.298097	0.225396	0.135883	0.123019	0.217606	
0.011445	238	248	442	637	924	0.301291	0.226687	0.136975	0.123942	0.211105	
0.011468	238	248	442	637	924	0.304485	0.227977	0.138067	0.124866	0.204605	
0.011491	238	248	442	637	924	0.307679	0.229268	0.139160	0.125789	0.198104	
0.011514	238	248	442	637	924	0.310874	0.230558	0.140252	0.126713	0.191603	
0.011537	238	248	442	637	924	0.314068	0.231848	0.141345	0.127636	0.185103	
0.011560	238	248	442	637	924	0.317262	0.233139	0.142437	0.128560	0.178602	
0.011583	238	248	442	637	924	0.320456	0.234429	0.143529	0.129483	0.172102	
0.011606	238	248	442	637	924	0.323651	0.235720	0.144622	0.130407	0.165601	
0.011629	238	248	319	442	637	0.305510	0.259479	0.184117	0.138257	0.112636	
0.011652	238	248	319	442	637	0.309635	0.259728	0.176664	0.139626	0.114346	
0.011675	238	248	319	442	637	0.313759	0.259977	0.169212	0.140995	0.116056	
0.011698	238	248	319	442	637	0.317884	0.260226	0.161759	0.142364	0.117766	
0.011721	238	248	319	442	637	0.322009	0.260475	0.154307	0.143733	0.119476	
0.011744	238	248	319	442	637	0.326134	0.260724	0.146854	0.145102	0.121186	
0.011767	157	238	248	442	637	0.142046	0.307601	0.282405	0.151528	0.116420	
0.011790	157	238	248	442	637	0.135259	0.313471	0.280238	0.152337	0.118695	
0.011813	157	238	248	442	637	0.128472	0.319340	0.278071	0.153146	0.120971	
0.011836	157	238	248	442	637	0.121685	0.325210	0.275904	0.153956	0.123246	
0.011859	157	238	248	442	637	0.114897	0.331079	0.273737	0.154765	0.125521	
0.011882	157	238	248	442	637	0.108110	0.336948	0.271570	0.155575	0.127797	
0.011905	157	238	248	442	637	0.101323	0.342818	0.269403	0.156384	0.130072	
0.011928	157	238	248	442	637	0.094535	0.348687	0.267236	0.157194	0.132348	
0.011951	157	238	248	442	637	0.087748	0.354557	0.265069	0.158003	0.134623	
0.011974	157	238	248	442	637	0.080961	0.360426	0.262902	0.158813	0.136898	
0.011997	157	238	248	442	637	0.074174	0.366296	0.260735	0.159622	0.139174	
0.012019	157	238	248	442	637	0.067386	0.372165	0.258568	0.160431	0.141449	
0.012042	157	238	248	442	637	0.060599	0.378035	0.256401	0.161241	0.143725	
0.012065	157	238	248	442	637	0.053812	0.383904	0.254234	0.162050	0.146000	
0.012088	157	238	248	442	637	0.047025	0.389774	0.252067	0.162860	0.148275	
0.012111	157	238	248	442	637	0.040237	0.395643	0.249900	0.163669	0.150551	
0.012134	157	238	248	442	637	0.033450	0.401513	0.247733	0.164479	0.152826	
0.012157	157	238	248	442	637	0.026663	0.407382	0.245566	0.165288	0.155102	
0.012180	157	238	248	442	637	0.019876	0.413252	0.243399	0.166097	0.157377	
0.012203	157	238	248	442	637	0.013089	0.419121	0.241230	0.166907	0.159653	
0.012226	157	238	248	442	637	0.010001	0.427437	0.233239	0.166390	0.162933	
0.012249	238	248	442	637		0.431181	0.236132	0.168351	0.164335	
0.012272	238	248	442	637		0.441539	0.223278	0.166729	0.168454	
0.012295	238	248	442	637		0.451898	0.210423	0.165106	0.172574	
0.012318	238	248	442	637		0.462256	0.197569	0.163483	0.176693	
0.012341	238	248	442	637		0.472614	0.184715	0.161860	0.180812	
0.012364	238	248	442	637		0.482972	0.171860	0.160237	0.184931	
0.012387	238	248	442	637		0.493330	0.159006	0.158614	0.189051	
0.012410	238	248	442	637		0.503688	0.146152	0.156991	0.193170	
0.012433	238	248	442	637		0.514046	0.133297	0.155368	0.197289	
0.012456	238	248	442	637		0.524404	0.120443	0.153745	0.201408	
0.012479	238	248	442	637		0.534762	0.107589	0.152122	0.205527	
0.012502	238	248	442	637		0.545120	0.094734	0.150499	0.209647	
0.012525	238	248	442	637		0.555478	0.081880	0.148876	0.213766	
0.012548	238	248	442	637		0.565836	0.069026	0.147253	0.217885	
0.012571	238	248	442	637		0.576195	0.056171	0.145630	0.222004	
0.012594	238	248	442	637		0.586553	0.043317	0.144007	0.226123	
0.012617	238	248	442	637		0.596911	0.030463	0.142384	0.230243	
0.012640	238	248	442	637		0.607269	0.017609	0.140760	0.234362	
0.012663	238	442	637			0.615019	0.148236	0.236744	
0.012685	238	442	637			0.632428	0.122013	0.245560	
0.012708	238	442	637			0.649836	0.095789	0.254375	
0.012731	238	442	637			0.667245	0.069565	0.263190	
0.012754	238	442	637			0.684653	0.043341	0.272006	
0.012777	238	442	637			0.702061	0.017118	0.280821	
0.012800	238	637				0.664824	0.335176	
0.012823	238	637				0.524861	0.475139	
0.012846	238	637				0.384898	0.615102	
0.012869	238	637				0.244935	0.755065	
0.012892	238	637				0.104972	0.895028	
