0.001594	60	97	151	300	714	729	783	894	1846	1988	0.121165	0.054490	0.066728	0.078906	0.073299	0.130070	0.136808	0.115913	0.146941	0.075680	
0.001616	60	97	151	300	714	729	783	894	1846	1988	0.116154	0.054380	0.067587	0.083024	0.074214	0.131862	0.135023	0.115012	0.147618	0.075125	
0.001639	60	151	300	676	714	729	783	894	1846	1988	0.121884	0.063903	0.079951	0.056340	0.081920	0.112858	0.136819	0.103951	0.151667	0.090706	
0.001662	60	151	300	676	714	729	783	894	1846	1988	0.117080	0.064618	0.083880	0.057214	0.082766	0.114422	0.134795	0.102819	0.152309	0.090098	
0.001684	60	151	300	676	714	729	783	894	1846	1988	0.112276	0.065332	0.087808	0.058087	0.083613	0.115986	0.132771	0.101686	0.152950	0.089491	
0.001707	60	151	300	676	714	729	783	894	1846	1988	0.107472	0.066047	0.091736	0.058960	0.084459	0.117550	0.130747	0.100553	0.153592	0.088883	
0.001729	60	151	300	676	714	729	783	894	1846	1988	0.102667	0.066761	0.095665	0.059834	0.085306	0.119114	0.128723	0.099421	0.154234	0.088275	
0.001752	60	151	300	676	714	729	783	894	1846	1988	0.097863	0.067476	0.099593	0.060707	0.086152	0.120678	0.126699	0.098288	0.154875	0.087668	
0.001775	60	151	300	676	714	729	783	894	1846	1988	0.093059	0.068190	0.103521	0.061581	0.086999	0.122242	0.124676	0.097155	0.155517	0.087060	
0.001797	60	151	300	676	714	729	783	894	1846	1988	0.088255	0.068905	0.107450	0.062454	0.087845	0.123805	0.122652	0.096023	0.156159	0.086453	
0.001820	60	151	300	676	714	729	783	894	1846	1988	0.083451	0.069620	0.111378	0.063327	0.088692	0.125369	0.120628	0.094890	0.156800	0.085845	
0.001843	60	74	151	300	714	729	783	894	1846	1988	0.102160	0.050795	0.073833	0.086235	0.083115	0.130187	0.138444	0.107099	0.141248	0.086883	
0.001865	60	74	151	300	714	729	783	894	1846	1988	0.098764	0.052925	0.074412	0.088567	0.083590	0.131388	0.136825	0.106063	0.141159	0.086307	
0.001888	60	74	151	300	714	729	783	894	1846	1988	0.095367	0.055054	0.074990	0.090900	0.084065	0.132590	0.135207	0.105027	0.141070	0.085732	
0.001911	60	151	300	676	714	729	783	894	1846	1988	0.064234	0.072478	0.127092	0.066821	0.092078	0.131625	0.112532	0.090359	0.159367	0.083414	
0.001933	300	676	714	729	783	894	1396	1513	1846	1988	0.107673	0.063224	0.084408	0.132494	0.115178	0.069122	0.098667	0.084112	0.156008	0.089113	
0.001956	60	74	151	300	714	729	783	894	1846	1988	0.085177	0.061443	0.076724	0.097898	0.085490	0.136193	0.130351	0.101918	0.140801	0.084004	
0.001979	60	74	151	300	714	729	783	894	1846	1988	0.081780	0.063573	0.077303	0.100230	0.085965	0.137394	0.128733	0.100882	0.140712	0.083429	
0.002001	60	74	151	300	714	729	783	894	1846	1988	0.078383	0.065703	0.077881	0.102563	0.086440	0.138595	0.127115	0.099846	0.140623	0.082853	
0.002024	60	74	151	300	714	729	783	894	1846	1988	0.074986	0.067832	0.078459	0.104896	0.086915	0.139796	0.125496	0.098809	0.140533	0.082277	
0.002046	60	74	151	300	714	729	783	894	1846	1988	0.071590	0.069962	0.079037	0.107228	0.087390	0.140997	0.123878	0.097773	0.140444	0.081701	
0.002069	60	74	151	300	714	729	783	894	1846	1988	0.068193	0.072092	0.079615	0.109561	0.087865	0.142199	0.122259	0.096737	0.140354	0.081126	
0.002092	74	300	676	714	729	783	1396	1513	1846	1988	0.054281	0.087194	0.064742	0.081024	0.137551	0.125733	0.099108	0.113316	0.147307	0.089746	
0.002114	74	300	676	714	729	783	1396	1513	1846	1988	0.056993	0.089457	0.065156	0.081453	0.137847	0.122667	0.100322	0.110894	0.146902	0.088309	
0.002137	74	300	676	714	729	783	1396	1513	1846	1988	0.059705	0.091721	0.065571	0.081882	0.138144	0.119601	0.101535	0.108473	0.146497	0.086872	
0.002160	74	300	676	714	729	783	1396	1513	1846	1988	0.062417	0.093984	0.065986	0.082310	0.138440	0.116536	0.102749	0.106051	0.146092	0.085435	
0.002182	74	151	300	714	729	783	894	1396	1846	1988	0.061451	0.070368	0.093401	0.083612	0.143132	0.133725	0.100673	0.085902	0.133339	0.094398	
0.002205	74	151	300	714	729	783	894	1396	1846	1988	0.064522	0.070681	0.095554	0.083817	0.143479	0.130390	0.098853	0.087154	0.133031	0.092519	
0.002228	74	151	300	714	729	783	894	1396	1846	1988	0.067594	0.070995	0.097707	0.084022	0.143825	0.127055	0.097033	0.088407	0.132722	0.090640	
0.002250	74	300	366	714	729	766	1396	1513	1846	1988	0.063903	0.082889	0.114191	0.091875	0.126186	0.096944	0.116600	0.097572	0.124901	0.084939	
0.002273	74	300	676	714	729	1396	1513	1597	1846	1988	0.068531	0.092943	0.072908	0.093532	0.135342	0.108999	0.087126	0.126751	0.135238	0.078629	
0.002296	74	125	300	714	729	783	1396	1513	1846	1988	0.074528	0.077507	0.096919	0.087192	0.138718	0.108965	0.101197	0.098174	0.138237	0.078565	
0.002318	74	125	300	714	729	783	1396	1513	1846	1988	0.077110	0.078461	0.099024	0.087637	0.138898	0.105926	0.102227	0.095793	0.137770	0.077154	
0.002341	74	125	300	714	729	783	1396	1513	1846	1988	0.079693	0.079414	0.101129	0.088082	0.139079	0.102888	0.103256	0.093413	0.137303	0.075743	
0.002363	74	125	300	366	714	729	1396	1513	1846	1988	0.054065	0.075270	0.074781	0.116099	0.095067	0.138782	0.100735	0.111469	0.141408	0.092324	
0.002386	74	125	300	714	729	783	1396	1513	1846	1988	0.084858	0.081322	0.105340	0.088973	0.139440	0.096812	0.105315	0.088652	0.136369	0.072921	
0.002409	74	300	366	714	729	766	1396	1513	1846	1988	0.083981	0.100825	0.117709	0.090194	0.129082	0.083927	0.122884	0.076301	0.122871	0.072226	
0.002431	74	300	366	714	729	766	1396	1513	1846	1988	0.086849	0.103387	0.118212	0.089954	0.129495	0.082067	0.123781	0.073263	0.122581	0.070410	
0.002454	74	125	300	366	714	729	1396	1513	1846	1988	0.065882	0.078373	0.085278	0.116527	0.093850	0.137584	0.103633	0.096848	0.138166	0.083858	
0.002477	74	125	300	366	714	729	1396	1513	1846	1988	0.068837	0.079149	0.087902	0.116634	0.093546	0.137285	0.104358	0.093193	0.137356	0.081742	
0.002499	74	125	300	366	714	729	1396	1513	1846	1988	0.071791	0.079925	0.090527	0.116741	0.093242	0.136985	0.105082	0.089537	0.136545	0.079625	
0.002522	74	125	300	366	714	729	1396	1513	1846	1988	0.074745	0.080700	0.093151	0.116848	0.092937	0.136685	0.105807	0.085882	0.135735	0.077508	
0.002545	74	125	300	366	714	729	1396	1513	1846	1988	0.077700	0.081476	0.095775	0.116955	0.092633	0.136386	0.106531	0.082227	0.134924	0.075392	
0.002567	74	125	300	366	714	729	1396	1513	1846	1988	0.080654	0.082252	0.098399	0.117063	0.092329	0.136086	0.107256	0.078572	0.134114	0.073275	
0.002590	74	125	300	366	714	729	1396	1513	1846	1988	0.083609	0.083028	0.101023	0.117170	0.092024	0.135787	0.107980	0.074917	0.133304	0.071159	
0.002613	74	300	676	714	729	783	901	1396	1513	1846	0.063888	0.115058	0.072622	0.085172	0.142120	0.102226	0.069559	0.108944	0.097748	0.142663	
0.002635	74	300	676	714	729	783	901	1396	1513	1846	0.065048	0.116327	0.073004	0.085456	0.141873	0.099787	0.071996	0.109225	0.095659	0.141625	
0.002658	74	300	676	714	729	783	901	1396	1513	1846	0.066207	0.117595	0.073387	0.085740	0.141626	0.097348	0.074434	0.109506	0.093570	0.140588	
0.002680	74	300	676	714	729	783	901	1396	1513	1846	0.067367	0.118863	0.073769	0.086024	0.141380	0.094909	0.076871	0.109786	0.091480	0.139550	
0.002703	74	125	151	300	366	714	729	1681	1846	1988	0.090837	0.094556	0.071148	0.129689	0.106269	0.089957	0.145075	0.080279	0.125307	0.066881	
0.002726	74	125	151	300	366	714	729	1396	1846	1988	0.083883	0.081733	0.060488	0.101226	0.126324	0.098658	0.141413	0.094644	0.130668	0.080963	
0.002748	74	125	151	300	366	714	729	1396	1846	1988	0.088072	0.082489	0.060701	0.104389	0.125031	0.097321	0.140301	0.095217	0.129500	0.076979	
0.002771	74	125	151	300	366	714	729	996	1846	1988	0.070101	0.092399	0.067766	0.108284	0.120241	0.098057	0.148718	0.070767	0.132691	0.090975	
0.002794	74	125	151	300	366	714	729	996	1846	1988	0.073303	0.093140	0.067808	0.110647	0.118501	0.096429	0.147497	0.073740	0.131391	0.087544	
0.002816	74	125	151	300	366	714	729	996	1846	1988	0.076504	0.093881	0.067850	0.113009	0.116760	0.094800	0.146277	0.076713	0.130091	0.084114	
0.002839	74	97	151	300	366	485	676	729	996	1846	0.068433	0.075294	0.065417	0.133747	0.127858	0.077067	0.071299	0.147443	0.091286	0.142156	
0.002862	74	97	151	300	366	485	676	729	996	1846	0.072671	0.073049	0.065363	0.136201	0.125521	0.076895	0.070777	0.145383	0.094442	0.139697	
0.002884	74	125	151	300	366	714	729	996	1846	1988	0.086108	0.096104	0.067977	0.120097	0.111539	0.089914	0.142616	0.085632	0.126191	0.073822	
0.002907	74	97	125	300	366	485	714	729	996	1846	0.074998	0.064566	0.087297	0.133616	0.128436	0.072382	0.075611	0.148135	0.091463	0.123497	
0.002930	74	97	125	300	366	485	714	729	996	1846	0.078852	0.062574	0.088218	0.135948	0.126212	0.072204	0.073932	0.145867	0.094800	0.121394	
0.002952	74	97	125	300	366	485	714	729	996	1846	0.082707	0.060582	0.089139	0.138279	0.123989	0.072025	0.072254	0.143599	0.098136	0.119291	
0.002975	74	97	125	151	300	366	485	729	996	1846	0.083317	0.066011	0.081047	0.065610	0.133821	0.127200	0.073537	0.138929	0.102258	0.128270	
0.002997	74	97	125	151	300	366	485	729	996	1846	0.087340	0.063693	0.082039	0.065416	0.136075	0.124520	0.073150	0.136560	0.105420	0.125788	
0.003020	74	97	125	151	300	366	485	729	996	1846	0.091362	0.061375	0.083031	0.065222	0.138329	0.121841	0.072762	0.134191	0.108582	0.123306	
0.003043	74	97	125	151	300	366	485	729	996	1846	0.095384	0.059056	0.084023	0.065028	0.140583	0.119161	0.072374	0.131822	0.111744	0.120825	
0.003065	74	97	125	300	366	485	506	729	996	1846	0.063959	0.079787	0.082399	0.131278	0.148439	0.075399	0.045628	0.149127	0.088550	0.135435	
0.003088	74	97	125	300	366	485	506	729	996	1846	0.066340	0.078294	0.082870	0.132281	0.146588	0.074740	0.048053	0.147382	0.089896	0.133556	
0.003111	74	97	125	300	366	485	506	729	996	1846	0.068721	0.076801	0.083341	0.133285	0.144737	0.074082	0.050478	0.145637	0.091242	0.131676	
0.003133	74	97	125	300	366	485	506	729	996	1846	0.071102	0.075308	0.083812	0.134289	0.142886	0.073424	0.052903	0.143892	0.092588	0.129797	
0.003156	74	97	125	300	366	485	506	729	996	1846	0.073483	0.073814	0.084284	0.135293	0.141034	0.072766	0.055328	0.142147	0.093934	0.127918	
0.003179	74	97	125	300	366	485	506	729	996	1846	0.075864	0.072321	0.084755	0.136296	0.139183	0.072107	0.057753	0.140402	0.095280	0.126038	
0.003201	74	97	125	300	366	485	506	729	996	1846	0.078245	0.070828	0.085226	0.137300	0.137332	0.071449	0.060177	0.138658	0.096626	0.124159	
0.003224	74	97	125	300	366	485	506	729	996	1846	0.080626	0.069335	0.085697	0.138304	0.135481	0.070791	0.062602	0.136913	0.097972	0.122280	
0.003247	74	97	300	366	485	506	676	729	1538	1846	0.076670	0.077781	0.148193	0.140207	0.082244	0.057626	0.071105	0.162512	0.044024	0.139637	
0.003269	74	97	125	300	366	485	506	729	996	1846	0.085388	0.066348	0.086640	0.140311	0.131778	0.069475	0.067452	0.133423	0.100663	0.118521	
0.003292	74	97	125	300	366	485	506	729	1538	1846	0.077353	0.076873	0.077509	0.140792	0.150568	0.079562	0.059905	0.161725	0.040707	0.135006	
0.003314	70	74	151	300	442	485	714	729	901	1538	0.129460	0.080840	0.067289	0.139704	0.088845	0.082113	0.101725	0.161897	0.100991	0.047136	
0.003337	74	300	676	714	729	901	1202	1538	1846	1988	0.075341	0.142144	0.086572	0.114923	0.156711	0.098589	0.084749	0.049040	0.110949	0.080982	
0.003360	74	300	676	714	729	901	1202	1538	1846	1988	0.076412	0.143005	0.086329	0.113903	0.156063	0.100637	0.084612	0.050230	0.109703	0.079106	
0.003382	74	300	676	714	729	901	1202	1538	1846	1988	0.077483	0.143867	0.086087	0.112883	0.155415	0.102685	0.084475	0.051419	0.108456	0.077229	
0.003405	70	74	151	300	442	485	714	729	901	1538	0.126768	0.085086	0.066340	0.142811	0.080676	0.081905	0.097562	0.158972	0.107816	0.052064	
0.003428	70	74	151	300	442	485	714	729	901	1538	0.126095	0.086148	0.066103	0.143588	0.078634	0.081853	0.096521	0.158240	0.109522	0.053296	
0.003450	70	74	300	442	485	667	714	729	901	1538	0.139938	0.077922	0.141752	0.097456	0.092491	0.040576	0.103846	0.164385	0.095906	0.045728	
0.003473	70	74	300	442	485	667	714	729	901	1538	0.139303	0.078890	0.142163	0.095561	0.092466	0.041445	0.102728	0.163592	0.097122	0.046730	
0.003496	70	74	300	442	485	667	714	729	901	1538	0.138667	0.079857	0.142573	0.093667	0.092441	0.042315	0.101610	0.162799	0.098338	0.047732	
0.003518	70	74	300	442	485	667	714	729	901	1538	0.138032	0.080825	0.142984	0.091772	0.092417	0.043185	0.100492	0.162006	0.099554	0.048734	
0.003541	70	74	300	442	485	667	714	729	901	1538	0.137396	0.081792	0.143395	0.089877	0.092392	0.044054	0.099374	0.161214	0.100770	0.049736	
0.003564	70	74	300	442	485	667	714	729	901	1538	0.136761	0.082760	0.143805	0.087982	0.092368	0.044924	0.098256	0.160421	0.101986	0.050738	
0.003586	70	74	300	442	485	667	714	729	901	1538	0.136125	0.083727	0.144216	0.086088	0.092343	0.045794	0.097138	0.159628	0.103202	0.051739	
0.003609	2	70	74	300	442	485	714	729	901	1538	0.050875	0.130049	0.081472	0.133272	0.086656	0.093348	0.119766	0.146324	0.111776	0.046462	
0.003631	2	70	74	300	442	485	714	729	901	1538	0.051954	0.129309	0.082356	0.133397	0.084840	0.093353	0.119146	0.145261	0.113083	0.047300	
0.003654	2	70	74	300	442	485	714	729	901	1538	0.053034	0.128568	0.083240	0.133522	0.083024	0.093358	0.118527	0.144199	0.114390	0.048138	
0.003677	2	70	74	300	442	485	714	729	901	1538	0.054114	0.127828	0.084124	0.133647	0.081208	0.093364	0.117907	0.143136	0.115698	0.048975	
0.003699	2	70	74	300	442	485	714	729	901	1538	0.055193	0.127088	0.085008	0.133772	0.079392	0.093369	0.117287	0.142073	0.117005	0.049813	
0.003722	2	70	74	300	442	485	714	729	901	1538	0.056273	0.126348	0.085892	0.133897	0.077576	0.093374	0.116667	0.141010	0.118313	0.050650	
0.003745	70	74	97	300	485	667	714	729	901	1538	0.124346	0.088242	0.068723	0.147344	0.092536	0.053952	0.088088	0.184627	0.097237	0.054904	
0.003767	70	74	97	300	485	667	714	729	901	1538	0.123711	0.089256	0.067619	0.147617	0.092459	0.054851	0.086693	0.182901	0.098846	0.056046	
0.003790	70	74	97	300	485	667	714	729	901	1538	0.123076	0.090270	0.066514	0.147891	0.092382	0.055750	0.085298	0.181175	0.100455	0.057188	
0.003813	2	70	74	97	300	485	714	729	901	1538	0.061409	0.116222	0.087359	0.065836	0.134963	0.093703	0.113587	0.166065	0.110368	0.050489	
0.003835	2	70	74	97	300	485	714	729	901	1538	0.062555	0.115479	0.088280	0.064781	0.134931	0.093662	0.112733	0.164096	0.112042	0.051443	
0.003858	2	70	74	300	485	502	714	729	901	1538	0.050662	0.117016	0.082994	0.131267	0.094309	0.070579	0.133026	0.177045	0.096442	0.046659	
0.003881	2	70	74	300	485	502	714	729	901	1538	0.051918	0.115851	0.083831	0.130877	0.094184	0.071076	0.131740	0.174834	0.098055	0.047634	
0.003903	2	70	74	300	485	502	714	729	901	1538	0.053174	0.114685	0.084668	0.130488	0.094059	0.071573	0.130454	0.172622	0.099668	0.048609	
0.003926	2	70	74	300	485	502	714	729	901	1538	0.054430	0.113520	0.085505	0.130098	0.093933	0.072070	0.129168	0.170411	0.101281	0.049584	
0.003948	2	70	74	300	485	502	714	729	901	1538	0.055686	0.112355	0.086342	0.129709	0.093808	0.072566	0.127882	0.168199	0.102894	0.050559	
0.003971	2	70	74	300	485	502	714	729	901	1538	0.056942	0.111190	0.087179	0.129319	0.093683	0.073063	0.126595	0.165988	0.104507	0.051534	
0.003994	70	74	97	300	485	613	667	729	901	1538	0.128939	0.083342	0.085795	0.164297	0.104608	0.023810	0.056596	0.191723	0.104017	0.056874	
0.004016	70	74	97	300	485	613	667	729	901	1538	0.127938	0.084076	0.084494	0.164345	0.104277	0.024238	0.057309	0.189835	0.105661	0.057827	
0.004039	70	74	97	300	485	613	667	729	901	1538	0.126938	0.084810	0.083194	0.164392	0.103946	0.024666	0.058022	0.187947	0.107306	0.058779	
0.004062	70	74	97	300	485	613	667	729	901	1538	0.125937	0.085543	0.081894	0.164440	0.103616	0.025094	0.058735	0.186059	0.108950	0.059732	
0.004084	70	74	97	300	485	613	667	729	901	1538	0.124936	0.086277	0.080594	0.164488	0.103285	0.025521	0.059448	0.184171	0.110595	0.060685	
0.004107	70	74	97	300	485	613	667	729	901	1538	0.123935	0.087011	0.079294	0.164536	0.102954	0.025949	0.060161	0.182283	0.112239	0.061638	
0.004130	70	74	97	300	485	613	667	729	901	1538	0.122935	0.087744	0.077994	0.164584	0.102623	0.026377	0.060874	0.180395	0.113884	0.062590	
0.004152	70	74	97	300	485	613	667	729	901	1538	0.121934	0.088478	0.076695	0.164631	0.102293	0.026806	0.061587	0.178507	0.115527	0.063543	
0.004175	2	74	300	485	714	729	766	901	1447	1538	0.074657	0.099964	0.139713	0.093503	0.120024	0.125966	0.093500	0.124401	0.075190	0.053083	
0.004198	2	74	300	485	714	729	766	901	1447	1538	0.075600	0.100610	0.139580	0.093475	0.118943	0.124643	0.091625	0.125754	0.075905	0.053867	
0.004220	70	74	97	300	485	613	667	729	901	1538	0.118931	0.090679	0.072794	0.164775	0.101300	0.028089	0.063726	0.172843	0.120461	0.066402	
0.004243	70	74	97	300	485	613	667	729	901	1538	0.117931	0.091413	0.071494	0.164823	0.100970	0.028517	0.064439	0.170955	0.122105	0.067354	
0.004265	70	74	97	300	485	613	667	729	901	1538	0.116930	0.092146	0.070193	0.164871	0.100639	0.028945	0.065152	0.169068	0.123750	0.068307	
0.004288	70	74	97	300	485	613	667	729	901	1538	0.115929	0.092880	0.068893	0.164919	0.100308	0.029372	0.065865	0.167180	0.125394	0.069260	
0.004311	2	74	300	485	613	714	729	901	1447	1919	0.072977	0.081602	0.147287	0.101595	0.024189	0.122330	0.138973	0.138222	0.078553	0.094271	
0.004333	2	74	300	485	613	714	729	901	1447	1919	0.074267	0.081928	0.146953	0.101228	0.024688	0.120814	0.136285	0.140236	0.079349	0.094253	
0.004356	2	74	300	485	613	714	729	901	1447	1919	0.075557	0.082255	0.146618	0.100861	0.025187	0.119298	0.133598	0.142248	0.080145	0.094234	
0.004379	2	74	300	485	613	714	729	901	1447	1919	0.076847	0.082581	0.146283	0.100494	0.025686	0.117781	0.130911	0.144262	0.080941	0.094215	
0.004401	2	74	300	485	613	714	729	901	1447	1919	0.078137	0.082907	0.145949	0.100126	0.026184	0.116265	0.128224	0.146275	0.081737	0.094196	
0.004424	2	74	300	485	613	714	729	901	1447	1919	0.079426	0.083233	0.145614	0.099759	0.026683	0.114749	0.125537	0.148289	0.082533	0.094177	
0.004447	2	74	300	485	613	714	729	901	1447	1919	0.080716	0.083559	0.145280	0.099392	0.027181	0.113232	0.122849	0.150302	0.083329	0.094158	
0.004469	2	74	300	485	613	714	729	901	1447	1919	0.082006	0.083885	0.144945	0.099024	0.027680	0.111716	0.120162	0.152316	0.084125	0.094139	
0.004492	2	74	300	485	613	714	729	901	1447	1919	0.083296	0.084211	0.144611	0.098657	0.028179	0.110200	0.117475	0.154329	0.084921	0.094121	
0.004515	2	74	300	485	613	714	729	901	1447	1919	0.084586	0.084537	0.144276	0.098290	0.028678	0.108683	0.114788	0.156343	0.085718	0.094102	
0.004537	2	74	300	485	613	714	729	901	1447	1919	0.085876	0.084864	0.143941	0.097922	0.029176	0.107167	0.112101	0.158356	0.086514	0.094083	
0.004560	2	74	300	485	613	714	729	901	1447	1538	0.069760	0.098624	0.157783	0.102772	0.027596	0.115528	0.161283	0.133536	0.080019	0.053099	
0.004582	2	74	300	485	613	714	729	901	1447	1538	0.070759	0.098945	0.157394	0.102492	0.028025	0.113919	0.158946	0.135069	0.080599	0.053851	
0.004605	2	74	300	485	613	714	729	901	1447	1538	0.071758	0.099265	0.157006	0.102211	0.028454	0.112311	0.156609	0.136602	0.081180	0.054604	
0.004628	2	74	300	485	613	714	729	901	1447	1538	0.072757	0.099585	0.156618	0.101931	0.028883	0.110702	0.154271	0.138135	0.081760	0.055357	
0.004650	2	74	300	485	613	714	729	901	1447	1538	0.073756	0.099905	0.156229	0.101651	0.029313	0.109094	0.151934	0.139667	0.082341	0.056110	
0.004673	2	74	300	485	613	714	729	901	1447	1538	0.074755	0.100225	0.155841	0.101371	0.029742	0.107485	0.149597	0.141200	0.082921	0.056863	
0.004696	2	74	300	485	613	714	729	901	1447	1538	0.075754	0.100545	0.155453	0.101091	0.030171	0.105876	0.147260	0.142733	0.083501	0.057616	
0.004718	2	74	300	485	613	714	729	901	1447	1538	0.076753	0.100866	0.155065	0.100811	0.030600	0.104268	0.144923	0.144266	0.084082	0.058368	
0.004741	2	74	300	485	613	714	729	901	1447	1538	0.077752	0.101186	0.154677	0.100530	0.031029	0.102659	0.142585	0.145799	0.084662	0.059121	
0.004764	2	74	300	485	613	714	729	901	1447	1538	0.078751	0.101506	0.154289	0.100250	0.031458	0.101050	0.140248	0.147332	0.085242	0.059874	
0.004786	2	74	300	485	613	714	729	901	1447	1538	0.079750	0.101826	0.153901	0.099970	0.031887	0.099442	0.137911	0.148865	0.085823	0.060627	
0.004809	2	74	300	485	613	729	901	1447	1538	1919	0.063925	0.094124	0.168199	0.120001	0.030436	0.143318	0.141649	0.082249	0.058858	0.097241	
0.004832	2	74	300	485	613	714	729	901	1447	1538	0.081748	0.102466	0.153125	0.099409	0.032745	0.096224	0.133237	0.151930	0.086984	0.062132	
0.004854	2	74	300	485	613	714	729	901	1447	1538	0.082747	0.102787	0.152736	0.099129	0.033174	0.094616	0.130899	0.153463	0.087564	0.062885	
0.004877	2	74	300	485	613	714	729	901	1447	1538	0.083746	0.103107	0.152348	0.098849	0.033603	0.093007	0.128562	0.154996	0.088144	0.063638	
0.004899	2	74	300	485	502	613	729	901	1447	1538	0.066127	0.101545	0.162659	0.113857	0.081969	0.033679	0.157801	0.139092	0.076181	0.067091	
0.004922	2	74	300	485	613	714	901	1447	1538	1919	0.088836	0.089563	0.166928	0.127065	0.028710	0.104378	0.156169	0.082902	0.049890	0.105559	
0.004945	2	74	300	485	613	714	901	1447	1538	1919	0.089744	0.089968	0.165877	0.126126	0.029231	0.102157	0.157680	0.083517	0.050902	0.104798	
0.004967	2	74	300	485	613	714	729	901	1447	1538	0.087742	0.104388	0.150796	0.097728	0.035319	0.086572	0.119213	0.161128	0.090466	0.066649	
0.004990	2	74	300	485	613	714	729	901	1377	1447	0.084350	0.092387	0.155478	0.098352	0.030518	0.110455	0.138203	0.150429	0.061848	0.077981	
0.005013	2	74	300	485	613	714	729	901	1377	1447	0.085068	0.092474	0.155151	0.098148	0.030801	0.109264	0.136509	0.151405	0.063010	0.078170	
0.005035	2	74	300	485	613	714	729	901	1377	1447	0.085787	0.092560	0.154824	0.097944	0.031085	0.108074	0.134815	0.152382	0.064171	0.078359	
0.005058	2	74	300	485	613	714	729	901	1377	1447	0.086505	0.092647	0.154497	0.097740	0.031369	0.106883	0.133120	0.153358	0.065333	0.078548	
0.005081	2	74	300	485	613	714	729	901	1377	1447	0.087224	0.092734	0.154170	0.097536	0.031652	0.105692	0.131426	0.154335	0.066495	0.078737	
0.005103	2	74	300	485	613	714	729	901	1377	1447	0.087942	0.092820	0.153843	0.097332	0.031936	0.104502	0.129732	0.155311	0.067656	0.078926	
0.005126	2	74	300	485	613	714	729	901	1377	1447	0.088661	0.092907	0.153516	0.097128	0.032220	0.103311	0.128037	0.156288	0.068818	0.079115	
0.005149	2	74	300	485	613	714	729	901	1377	1447	0.089379	0.092993	0.153189	0.096924	0.032503	0.102120	0.126343	0.157264	0.069980	0.079304	
0.005171	2	74	300	485	613	714	729	901	1377	1447	0.090098	0.093080	0.152862	0.096720	0.032787	0.100930	0.124649	0.158241	0.071142	0.079493	
0.005194	2	74	300	485	613	714	729	901	1377	1447	0.090816	0.093166	0.152535	0.096516	0.033070	0.099739	0.122955	0.159217	0.072303	0.079682	
0.005216	2	74	300	485	613	729	901	1377	1447	1538	0.064892	0.103781	0.182870	0.120541	0.032946	0.168138	0.140054	0.052139	0.078358	0.056281	
0.005239	2	74	300	485	613	729	901	1377	1447	1538	0.065739	0.103775	0.182037	0.120070	0.033197	0.166007	0.140929	0.053305	0.078432	0.056509	
0.005262	2	74	300	485	613	729	901	1377	1447	1538	0.066586	0.103769	0.181205	0.119599	0.033447	0.163877	0.141804	0.054472	0.078506	0.056736	
0.005284	2	74	300	485	613	714	729	901	1377	1447	0.093691	0.093513	0.151227	0.095700	0.034205	0.094977	0.116178	0.163123	0.076950	0.080438	
0.005307	2	74	300	485	613	714	729	901	1377	1447	0.094409	0.093599	0.150900	0.095496	0.034489	0.093786	0.114483	0.164099	0.078112	0.080627	
0.005330	2	74	300	485	613	714	729	901	1377	1447	0.095128	0.093686	0.150573	0.095292	0.034772	0.092595	0.112789	0.165076	0.079274	0.080816	
0.005352	2	74	300	485	613	714	729	901	1377	1447	0.095846	0.093772	0.150246	0.095088	0.035056	0.091405	0.111095	0.166052	0.080436	0.081005	
0.005375	2	74	300	485	502	613	859	901	1377	1919	0.084170	0.086577	0.155693	0.134527	0.095673	0.032667	0.090571	0.147346	0.062945	0.109830	
0.005398	2	74	300	485	502	613	859	901	1377	1919	0.085013	0.086656	0.154409	0.133468	0.095541	0.032984	0.090445	0.148262	0.064508	0.108715	
0.005420	2	74	300	485	613	729	901	1377	1447	1538	0.072516	0.103725	0.175378	0.116304	0.035199	0.148963	0.147929	0.062634	0.079025	0.058328	
0.005443	2	74	300	485	613	729	901	1377	1447	1538	0.073363	0.103718	0.174545	0.115833	0.035450	0.146832	0.148804	0.063800	0.079099	0.058555	
0.005466	2	74	300	485	613	729	901	1377	1447	1538	0.074210	0.103712	0.173713	0.115362	0.035700	0.144702	0.149680	0.064966	0.079173	0.058783	
0.005488	2	74	300	485	613	729	901	1377	1447	1538	0.075057	0.103706	0.172881	0.114891	0.035950	0.142571	0.150555	0.066132	0.079247	0.059010	
0.005511	2	74	300	485	613	729	901	1377	1447	1538	0.075904	0.103699	0.172048	0.114420	0.036201	0.140441	0.151430	0.067298	0.079321	0.059237	
0.005533	2	74	300	485	613	729	901	1377	1447	1538	0.076751	0.103693	0.171216	0.113950	0.036451	0.138310	0.152305	0.068464	0.079395	0.059465	
0.005556	2	74	300	485	613	729	901	1377	1447	1538	0.077598	0.103687	0.170383	0.113479	0.036702	0.136180	0.153179	0.069630	0.079470	0.059692	
0.005579	2	74	300	485	613	729	901	1377	1447	1538	0.078445	0.103681	0.169550	0.113008	0.036952	0.134049	0.154054	0.070796	0.079544	0.059920	
0.005601	2	74	300	485	613	729	901	1377	1447	1538	0.079292	0.103674	0.168718	0.112538	0.037202	0.131919	0.154929	0.071962	0.079618	0.060147	
0.005624	2	74	300	485	613	729	901	1377	1447	1538	0.080140	0.103668	0.167886	0.112067	0.037452	0.129788	0.155804	0.073129	0.079692	0.060375	
0.005647	2	74	300	485	613	729	901	1377	1447	1538	0.080987	0.103662	0.167053	0.111596	0.037703	0.127658	0.156679	0.074295	0.079766	0.060602	
0.005669	2	300	485	502	537	613	759	901	1377	1919	0.088074	0.151572	0.126649	0.106745	0.072429	0.033819	0.060672	0.175709	0.065706	0.118625	
0.005692	2	300	485	502	537	613	759	901	1377	1919	0.088810	0.150082	0.125504	0.106603	0.072905	0.034089	0.061139	0.176372	0.067069	0.117426	
0.005715	2	74	300	485	502	613	729	901	1377	1538	0.084943	0.104676	0.143770	0.108577	0.094774	0.038562	0.118938	0.152175	0.086954	0.066631	
0.005737	2	300	485	502	537	613	759	901	1377	1919	0.090281	0.147103	0.123216	0.106319	0.073858	0.034629	0.062074	0.177698	0.069794	0.115029	
0.005760	2	300	485	502	537	613	759	901	1377	1919	0.091017	0.145613	0.122071	0.106177	0.074334	0.034899	0.062541	0.178361	0.071156	0.113831	
0.005783	2	300	485	502	537	613	759	901	1377	1919	0.091753	0.144123	0.120927	0.106035	0.074810	0.035169	0.063008	0.179024	0.072519	0.112632	
0.005805	2	300	485	502	537	613	759	901	1377	1919	0.092488	0.142634	0.119782	0.105893	0.075286	0.035439	0.063476	0.179687	0.073881	0.111434	
0.005828	2	300	485	502	537	613	759	901	1377	1919	0.093224	0.141144	0.118638	0.105751	0.075763	0.035709	0.063943	0.180350	0.075244	0.110235	
0.005850	2	300	485	502	537	613	759	901	1377	1919	0.093960	0.139654	0.117493	0.105609	0.076239	0.035979	0.064410	0.181013	0.076606	0.109037	
0.005873	2	300	485	502	537	613	759	901	1377	1919	0.094695	0.138165	0.116349	0.105467	0.076715	0.036249	0.064877	0.181676	0.077969	0.107838	
0.005896	2	300	485	502	537	613	759	901	1377	1919	0.095431	0.136675	0.115204	0.105325	0.077192	0.036519	0.065344	0.182339	0.079331	0.106640	
0.005918	2	300	485	502	537	613	759	901	1377	1919	0.096167	0.135185	0.114060	0.105183	0.077668	0.036789	0.065812	0.183002	0.080694	0.105441	
0.005941	2	300	485	502	537	613	759	901	1377	1919	0.096902	0.133695	0.112915	0.105041	0.078144	0.037059	0.066279	0.183665	0.082056	0.104243	
0.005964	2	300	485	502	537	613	759	901	1377	1919	0.097638	0.132206	0.111771	0.104899	0.078621	0.037329	0.066746	0.184328	0.083419	0.103044	
0.005986	2	300	485	502	537	613	759	901	1377	1919	0.098373	0.130716	0.110627	0.104757	0.079097	0.037599	0.067213	0.184991	0.084781	0.101846	
0.006009	2	300	485	502	537	613	759	901	1377	1919	0.099109	0.129226	0.109482	0.104615	0.079573	0.037869	0.067681	0.185653	0.086144	0.100647	
0.006032	2	300	485	502	506	537	613	759	901	1377	0.095328	0.164259	0.117453	0.106298	0.078421	0.083939	0.038199	0.073063	0.175684	0.067358	
0.006054	2	300	485	502	506	537	613	759	901	1377	0.096057	0.162137	0.115990	0.105950	0.078835	0.084387	0.038428	0.073479	0.176090	0.068647	
0.006077	2	300	485	502	506	537	613	759	901	1377	0.096787	0.160014	0.114526	0.105603	0.079249	0.084835	0.038656	0.073896	0.176496	0.069937	
0.006100	2	300	485	502	506	537	613	759	901	1377	0.097516	0.157892	0.113063	0.105256	0.079663	0.085284	0.038885	0.074313	0.176902	0.071226	
0.006122	2	300	485	502	506	537	613	759	901	1377	0.098246	0.155770	0.111599	0.104909	0.080077	0.085732	0.039114	0.074730	0.177308	0.072516	
0.006145	2	300	485	502	506	537	613	759	901	1377	0.098975	0.153648	0.110136	0.104562	0.080490	0.086181	0.039342	0.075147	0.177714	0.073805	
0.006167	2	300	485	502	506	537	613	759	901	1377	0.099705	0.151525	0.108672	0.104215	0.080904	0.086629	0.039571	0.075564	0.178121	0.075094	
0.006190	2	300	485	502	506	537	613	759	901	1377	0.100435	0.149403	0.107209	0.103868	0.081318	0.087077	0.039799	0.075980	0.178527	0.076384	
0.006213	2	300	485	502	506	537	613	759	901	1377	0.101164	0.147281	0.105745	0.103521	0.081732	0.087526	0.040028	0.076397	0.178933	0.077673	
0.006235	2	300	485	502	506	537	613	759	901	1377	0.101894	0.145159	0.104281	0.103174	0.082146	0.087974	0.040257	0.076814	0.179339	0.078963	
0.006258	2	300	485	502	506	537	613	759	901	1377	0.102623	0.143036	0.102818	0.102826	0.082560	0.088423	0.040485	0.077231	0.179745	0.080252	
0.006281	2	300	485	502	506	537	613	759	901	1377	0.103353	0.140914	0.101354	0.102479	0.082974	0.088871	0.040714	0.077648	0.180151	0.081542	
0.006303	2	300	485	502	506	537	613	759	901	1377	0.104082	0.138792	0.099891	0.102132	0.083387	0.089320	0.040943	0.078065	0.180557	0.082831	
0.006326	2	300	485	502	506	537	613	759	901	1377	0.104812	0.136669	0.098427	0.101785	0.083801	0.089768	0.041171	0.078481	0.180963	0.084121	
0.006349	2	300	485	502	506	537	613	759	901	1377	0.105542	0.134547	0.096964	0.101438	0.084215	0.090216	0.041400	0.078898	0.181369	0.085410	
0.006371	2	300	485	502	506	537	613	759	901	1377	0.106271	0.132425	0.095500	0.101091	0.084629	0.090665	0.041629	0.079315	0.181776	0.086700	
0.006394	2	300	485	502	506	537	613	759	901	1377	0.107001	0.130303	0.094037	0.100744	0.085043	0.091113	0.041857	0.079732	0.182182	0.087989	
0.006417	2	300	485	502	506	537	613	759	901	1377	0.107730	0.128180	0.092573	0.100397	0.085457	0.091562	0.042086	0.080149	0.182588	0.089279	
0.006439	2	300	485	502	506	537	613	759	901	1377	0.108460	0.126058	0.091109	0.100050	0.085871	0.092010	0.042315	0.080566	0.182994	0.090568	
0.006462	2	300	485	502	506	537	613	759	901	1377	0.109189	0.123936	0.089646	0.099702	0.086285	0.092458	0.042543	0.080982	0.183400	0.091858	
0.006484	2	300	485	502	506	537	613	759	901	1377	0.109919	0.121814	0.088182	0.099355	0.086698	0.092907	0.042772	0.081399	0.183806	0.093147	
0.006507	2	300	485	502	506	537	613	759	901	1377	0.110649	0.119691	0.086719	0.099008	0.087112	0.093355	0.043001	0.081816	0.184212	0.094437	
0.006530	2	300	485	502	506	537	613	759	901	1377	0.111378	0.117569	0.085255	0.098661	0.087526	0.093804	0.043229	0.082233	0.184618	0.095726	
0.006552	2	300	485	502	506	537	613	759	901	1377	0.112108	0.115447	0.083792	0.098314	0.087940	0.094252	0.043458	0.082650	0.185024	0.097016	
0.006575	2	300	485	502	506	537	613	759	901	1377	0.112837	0.113325	0.082328	0.097967	0.088354	0.094700	0.043686	0.083067	0.185431	0.098305	
0.006598	2	300	485	502	506	537	613	759	901	1377	0.113567	0.111202	0.080865	0.097620	0.088768	0.095149	0.043915	0.083483	0.185837	0.099595	
0.006620	2	295	300	502	506	537	613	759	901	1377	0.104509	0.085639	0.155679	0.106773	0.095950	0.102019	0.039437	0.076576	0.165621	0.067798	
0.006643	2	295	300	502	506	537	613	759	901	1377	0.105399	0.086125	0.152528	0.106042	0.096100	0.102169	0.039661	0.076976	0.165635	0.069363	
0.006666	2	295	300	502	506	537	613	759	901	1377	0.106289	0.086612	0.149376	0.105312	0.096251	0.102320	0.039886	0.077375	0.165649	0.070929	
0.006688	2	295	485	502	506	537	613	759	901	1377	0.126740	0.085302	0.106763	0.119292	0.093322	0.098947	0.038621	0.088383	0.167717	0.074912	
0.006711	2	295	485	502	506	537	613	759	901	1377	0.127209	0.085826	0.104476	0.118236	0.093536	0.099169	0.038879	0.088553	0.167683	0.076432	
0.006734	2	295	485	502	506	537	613	759	901	1377	0.127679	0.086350	0.102189	0.117181	0.093749	0.099391	0.039136	0.088723	0.167649	0.077952	
0.006756	2	295	485	502	506	537	613	759	901	1377	0.128148	0.086874	0.099902	0.116125	0.093963	0.099614	0.039393	0.088894	0.167615	0.079473	
0.006779	2	295	502	506	537	613	732	759	901	1377	0.121104	0.096063	0.115964	0.099893	0.098789	0.043190	0.120474	0.086091	0.150367	0.068063	
0.006801	2	295	502	506	537	613	732	759	901	1377	0.121742	0.096379	0.114742	0.099917	0.098955	0.043385	0.117974	0.086307	0.150624	0.069975	
0.006824	2	295	502	506	537	613	732	759	901	1377	0.122379	0.096695	0.113520	0.099941	0.099120	0.043580	0.115474	0.086523	0.150881	0.071888	
0.006847	2	295	502	506	537	613	732	759	901	1377	0.123017	0.097011	0.112298	0.099964	0.099286	0.043774	0.112974	0.086739	0.151138	0.073800	
0.006869	2	295	502	506	537	613	732	759	901	1377	0.123654	0.097326	0.111075	0.099988	0.099451	0.043969	0.110473	0.086954	0.151395	0.075713	
0.006892	2	295	502	506	537	613	732	759	901	1377	0.124292	0.097642	0.109853	0.100012	0.099617	0.044164	0.107973	0.087170	0.151652	0.077625	
0.006915	2	295	502	506	537	613	732	759	901	1377	0.124930	0.097958	0.108631	0.100035	0.099782	0.044358	0.105473	0.087386	0.151909	0.079537	
0.006937	2	295	502	506	537	613	732	759	901	1377	0.125567	0.098274	0.107409	0.100059	0.099948	0.044553	0.102973	0.087602	0.152166	0.081450	
0.006960	2	295	502	506	537	613	732	759	901	1377	0.126205	0.098590	0.106186	0.100083	0.100113	0.044747	0.100472	0.087818	0.152423	0.083362	
0.006983	2	295	502	506	537	613	732	759	901	1377	0.126843	0.098905	0.104964	0.100106	0.100279	0.044942	0.097972	0.088033	0.152681	0.085275	
0.007005	2	295	502	506	537	613	732	759	901	1377	0.127480	0.099221	0.103742	0.100130	0.100444	0.045137	0.095472	0.088249	0.152938	0.087187	
0.007028	2	295	502	506	537	613	732	759	901	1377	0.128118	0.099537	0.102520	0.100154	0.100610	0.045331	0.092972	0.088465	0.153195	0.089099	
0.007051	2	295	502	506	537	613	759	901	1108	1377	0.125845	0.095828	0.108944	0.105928	0.104996	0.040482	0.095313	0.175917	0.065262	0.081487	
0.007073	2	295	502	506	537	613	759	901	1108	1377	0.126518	0.096207	0.107216	0.105705	0.104880	0.040822	0.095345	0.175473	0.064035	0.083799	
0.007096	2	295	502	506	537	613	759	901	1108	1377	0.127190	0.096586	0.105489	0.105482	0.104765	0.041162	0.095376	0.175030	0.062808	0.086111	
0.007118	2	295	502	506	537	613	759	901	1108	1377	0.127863	0.096965	0.103762	0.105259	0.104650	0.041502	0.095408	0.174586	0.061581	0.088424	
0.007141	2	295	502	506	537	613	759	901	1108	1377	0.128536	0.097344	0.102034	0.105036	0.104535	0.041842	0.095440	0.174142	0.060355	0.090736	
0.007164	2	295	502	506	537	613	759	901	1108	1377	0.129209	0.097722	0.100307	0.104813	0.104420	0.042183	0.095472	0.173698	0.059128	0.093049	
0.007186	2	295	502	506	537	613	667	759	901	1377	0.123860	0.108078	0.116461	0.104630	0.112601	0.040203	0.060578	0.094292	0.166983	0.072315	
0.007209	2	295	502	506	537	613	667	759	901	1377	0.124407	0.108369	0.114075	0.104195	0.112114	0.040551	0.060751	0.094318	0.166328	0.074891	
0.007232	2	295	502	506	537	613	667	759	901	1377	0.124953	0.108660	0.111689	0.103761	0.111627	0.040899	0.060924	0.094345	0.165674	0.077468	
0.007254	2	295	502	506	537	613	667	759	901	1377	0.125500	0.108952	0.109303	0.103326	0.111140	0.041247	0.061097	0.094371	0.165019	0.080045	
0.007277	2	295	502	506	537	613	667	759	901	1377	0.126046	0.109243	0.106917	0.102891	0.110653	0.041596	0.061270	0.094398	0.164365	0.082621	
0.007300	2	295	502	506	537	613	667	759	901	1377	0.126592	0.109535	0.104531	0.102457	0.110166	0.041944	0.061443	0.094424	0.163710	0.085198	
0.007322	2	295	502	506	537	613	667	759	901	1377	0.127139	0.109826	0.102145	0.102022	0.109679	0.042292	0.061616	0.094450	0.163055	0.087775	
0.007345	2	295	502	506	537	613	667	759	901	1377	0.127685	0.110117	0.099759	0.101587	0.109192	0.042640	0.061790	0.094477	0.162401	0.090352	
0.007368	2	295	502	506	537	613	667	759	901	1377	0.128232	0.110409	0.097373	0.101153	0.108705	0.042989	0.061963	0.094503	0.161746	0.092928	
0.007390	2	295	502	506	537	613	667	759	901	1377	0.128778	0.110700	0.094987	0.100718	0.108218	0.043337	0.062136	0.094530	0.161092	0.095505	
0.007413	2	295	502	506	537	613	667	759	901	1377	0.129325	0.110992	0.092601	0.100284	0.107730	0.043685	0.062309	0.094556	0.160437	0.098082	
0.007435	2	295	502	506	537	613	667	759	901	1377	0.129871	0.111283	0.090215	0.099849	0.107243	0.044033	0.062482	0.094582	0.159783	0.100658	
0.007458	2	295	502	506	537	613	667	759	901	1377	0.130417	0.111574	0.087829	0.099414	0.106756	0.044382	0.062655	0.094609	0.159128	0.103235	
0.007481	2	295	502	506	537	613	667	759	901	1377	0.130964	0.111866	0.085443	0.098980	0.106269	0.044730	0.062828	0.094635	0.158473	0.105812	
0.007503	2	295	502	506	537	613	667	759	901	1377	0.131510	0.112157	0.083057	0.098545	0.105782	0.045078	0.063001	0.094662	0.157819	0.108389	
0.007526	2	295	502	506	537	613	667	759	901	1377	0.132057	0.112449	0.080671	0.098110	0.105295	0.045426	0.063174	0.094688	0.157164	0.110965	
0.007549	2	295	502	506	537	613	667	759	901	1377	0.132603	0.112740	0.078285	0.097676	0.104808	0.045775	0.063347	0.094714	0.156510	0.113542	
0.007571	2	252	295	506	537	613	667	759	901	1377	0.128677	0.035039	0.115764	0.119760	0.119056	0.040462	0.075531	0.103285	0.183613	0.078814	
0.007594	2	252	295	506	537	613	667	759	901	1377	0.129049	0.035250	0.115510	0.118548	0.118242	0.040849	0.075390	0.102952	0.181954	0.082254	
0.007617	2	252	295	506	537	613	667	759	901	1377	0.129421	0.035462	0.115257	0.117337	0.117427	0.041237	0.075250	0.102619	0.180296	0.085694	
0.007639	2	252	295	506	537	613	667	759	901	1377	0.129794	0.035674	0.115004	0.116125	0.116613	0.041624	0.075109	0.102286	0.178637	0.089134	
0.007662	2	252	295	506	537	613	667	759	901	1377	0.130166	0.035885	0.114750	0.114913	0.115799	0.042011	0.074969	0.101953	0.176978	0.092575	
0.007685	2	252	295	506	537	613	667	759	901	1377	0.130538	0.036097	0.114497	0.113702	0.114985	0.042399	0.074828	0.101620	0.175319	0.096015	
0.007707	2	252	295	506	537	613	667	759	901	1377	0.130910	0.036309	0.114244	0.112490	0.114171	0.042786	0.074688	0.101287	0.173661	0.099455	
0.007730	2	252	295	506	537	613	667	759	901	1377	0.131282	0.036521	0.113990	0.111279	0.113357	0.043174	0.074547	0.100954	0.172001	0.102895	
0.007752	2	252	295	506	537	613	667	759	901	1377	0.131654	0.036733	0.113737	0.110067	0.112543	0.043561	0.074407	0.100621	0.170342	0.106336	
0.007775	2	252	295	506	537	613	667	759	901	1377	0.132026	0.036944	0.113484	0.108855	0.111728	0.043948	0.074266	0.100288	0.168684	0.109776	
0.007798	2	252	295	506	537	613	667	759	901	1377	0.132399	0.037156	0.113230	0.107644	0.110914	0.044336	0.074126	0.099955	0.167025	0.113216	
0.007820	2	252	295	506	537	613	667	759	901	1377	0.132771	0.037368	0.112977	0.106432	0.110100	0.044723	0.073985	0.099622	0.165366	0.116656	
0.007843	2	252	295	506	537	613	667	759	901	1377	0.133143	0.037579	0.112724	0.105220	0.109286	0.045110	0.073845	0.099289	0.163707	0.120097	
0.007866	2	252	295	506	537	613	667	759	901	1377	0.133515	0.037791	0.112470	0.104009	0.108472	0.045498	0.073704	0.098955	0.162049	0.123537	
0.007888	2	252	295	506	537	613	667	759	901	1377	0.133887	0.038003	0.112217	0.102797	0.107658	0.045885	0.073564	0.098622	0.160390	0.126977	
0.007911	2	252	295	506	537	613	667	759	901	1377	0.134260	0.038214	0.111964	0.101586	0.106843	0.046272	0.073423	0.098289	0.158731	0.130418	
0.007934	2	252	295	506	537	613	667	759	901	1377	0.134632	0.038426	0.111710	0.100374	0.106029	0.046660	0.073283	0.097956	0.157072	0.133858	
0.007956	2	252	295	506	537	613	667	759	901	1377	0.135004	0.038638	0.111457	0.099162	0.105215	0.047047	0.073142	0.097623	0.155414	0.137298	
0.007979	2	252	295	506	537	613	667	759	901	1377	0.135376	0.038849	0.111204	0.097951	0.104401	0.047434	0.073001	0.097290	0.153755	0.140738	
0.008002	2	252	295	506	537	613	667	759	901	1377	0.135748	0.039061	0.110950	0.096739	0.103587	0.047822	0.072861	0.096957	0.152096	0.144179	
0.008024	2	252	295	506	537	613	667	759	901	1377	0.136121	0.039273	0.110697	0.095527	0.102773	0.048209	0.072720	0.096624	0.150437	0.147619	
0.008047	2	252	295	506	537	613	667	759	901	1377	0.136493	0.039484	0.110444	0.094316	0.101958	0.048596	0.072580	0.096291	0.148779	0.151059	
0.008069	2	295	506	537	613	667	759	764	901	1377	0.138295	0.123607	0.096922	0.094606	0.045538	0.066694	0.097641	0.033558	0.162048	0.141091	
0.008092	2	295	404	506	537	613	667	759	901	1377	0.135903	0.115095	0.041457	0.104271	0.097632	0.045207	0.074044	0.102294	0.152467	0.131630	
0.008115	2	295	404	506	537	613	667	759	901	1377	0.136115	0.114745	0.042260	0.103270	0.096823	0.045455	0.073965	0.102051	0.150888	0.134429	
0.008137	2	295	404	506	537	613	667	759	901	1377	0.136327	0.114396	0.043063	0.102268	0.096015	0.045702	0.073886	0.101809	0.149308	0.137227	
0.008160	2	295	404	506	537	613	667	759	901	1377	0.136538	0.114046	0.043866	0.101267	0.095207	0.045949	0.073806	0.101566	0.147729	0.140025	
0.008183	2	295	404	506	537	613	667	759	901	1377	0.136750	0.113696	0.044669	0.100266	0.094399	0.046197	0.073727	0.101323	0.146150	0.142824	
0.008205	2	295	404	506	537	613	667	759	901	1377	0.136962	0.113347	0.045472	0.099264	0.093590	0.046444	0.073647	0.101081	0.144570	0.145622	
0.008228	2	295	506	537	613	667	759	764	901	1377	0.140200	0.122293	0.088744	0.088437	0.047408	0.065140	0.095273	0.037939	0.152015	0.162551	
0.008251	2	295	537	613	667	759	901	1077	1377	1538	0.136389	0.122482	0.100236	0.050083	0.076143	0.090695	0.180127	0.028126	0.145787	0.069931	
0.008273	2	295	537	613	667	759	901	1077	1377	1538	0.136561	0.121888	0.099355	0.050392	0.075757	0.090227	0.178040	0.028574	0.148762	0.070442	
0.008296	2	295	537	613	667	759	901	1077	1377	1538	0.136733	0.121295	0.098475	0.050702	0.075371	0.089760	0.175953	0.029021	0.151738	0.070952	
0.008319	2	295	537	613	667	759	901	1077	1377	1538	0.136904	0.120702	0.097594	0.051011	0.074984	0.089292	0.173866	0.029469	0.154714	0.071463	
0.008341	2	295	537	613	667	759	901	1077	1377	1538	0.137076	0.120109	0.096713	0.051321	0.074598	0.088825	0.171779	0.029916	0.157690	0.071973	
0.008364	2	295	537	613	667	759	901	1077	1377	1538	0.137248	0.119516	0.095833	0.051630	0.074212	0.088357	0.169692	0.030363	0.160665	0.072484	
0.008386	2	295	537	613	667	759	901	1077	1377	1538	0.137419	0.118923	0.094952	0.051940	0.073826	0.087889	0.167605	0.030811	0.163641	0.072994	
0.008409	2	295	537	613	667	759	901	1077	1377	1538	0.137591	0.118329	0.094071	0.052249	0.073439	0.087422	0.165518	0.031258	0.166617	0.073505	
0.008432	2	295	537	613	667	759	901	1077	1377	1538	0.137762	0.117736	0.093191	0.052559	0.073053	0.086954	0.163431	0.031706	0.169593	0.074015	
0.008454	2	295	537	613	759	764	901	1077	1377	1538	0.144925	0.117613	0.102704	0.047060	0.090463	0.036378	0.203532	0.028918	0.157314	0.071094	
0.008477	2	295	537	613	759	764	901	1077	1377	1538	0.144913	0.117054	0.101696	0.047253	0.089967	0.036901	0.201424	0.029299	0.159983	0.071508	
0.008500	2	295	537	613	759	764	901	1077	1377	1538	0.144901	0.116495	0.100688	0.047446	0.089471	0.037425	0.199317	0.029681	0.162653	0.071923	
0.008522	2	295	537	613	759	764	901	1077	1377	1538	0.144889	0.115936	0.099680	0.047640	0.088975	0.037949	0.197209	0.030062	0.165322	0.072337	
0.008545	2	295	537	613	759	764	901	1077	1377	1538	0.144877	0.115378	0.098672	0.047833	0.088479	0.038472	0.195102	0.030444	0.167992	0.072751	
0.008568	2	295	537	613	759	764	901	1077	1377	1538	0.144865	0.114819	0.097665	0.048026	0.087983	0.038996	0.192994	0.030825	0.170661	0.073166	
0.008590	2	295	537	613	759	764	901	1077	1377	1538	0.144853	0.114260	0.096657	0.048220	0.087487	0.039520	0.190886	0.031207	0.173331	0.073580	
0.008613	2	295	537	613	759	764	901	1077	1377	1538	0.144841	0.113701	0.095649	0.048413	0.086991	0.040043	0.188779	0.031589	0.176000	0.073994	
0.008636	2	295	537	613	759	764	901	1077	1377	1538	0.144829	0.113142	0.094641	0.048607	0.086495	0.040567	0.186671	0.031970	0.178669	0.074409	
0.008658	2	295	537	613	759	764	901	1077	1377	1538	0.144817	0.112583	0.093633	0.048800	0.085999	0.041091	0.184563	0.032352	0.181339	0.074823	
0.008681	2	295	537	613	759	764	901	1077	1377	1538	0.144805	0.112025	0.092625	0.048993	0.085503	0.041615	0.182456	0.032733	0.184008	0.075237	
0.008703	2	295	537	613	759	764	901	1077	1377	1538	0.144793	0.111466	0.091617	0.049187	0.085007	0.042138	0.180348	0.033115	0.186678	0.075651	
0.008726	2	295	537	613	759	764	901	1077	1377	1538	0.144781	0.110907	0.090609	0.049380	0.084511	0.042662	0.178240	0.033496	0.189347	0.076066	
0.008749	2	295	537	613	759	764	901	1077	1377	1538	0.144769	0.110348	0.089601	0.049574	0.084015	0.043186	0.176133	0.033878	0.192016	0.076480	
0.008771	2	295	537	613	759	764	901	1077	1377	1538	0.144757	0.109789	0.088593	0.049767	0.083519	0.043709	0.174025	0.034259	0.194686	0.076894	
0.008794	2	295	429	537	613	759	764	901	1077	1377	0.156566	0.117370	0.047390	0.091115	0.047277	0.091277	0.041142	0.182293	0.030765	0.194804	
0.008817	2	295	429	537	613	759	764	901	1077	1377	0.156597	0.116887	0.048095	0.090114	0.047411	0.090793	0.041590	0.180188	0.031108	0.197216	
0.008839	2	295	429	537	613	759	764	901	1077	1377	0.156628	0.116405	0.048799	0.089113	0.047545	0.090309	0.042038	0.178082	0.031450	0.199629	
0.008862	2	295	429	537	613	759	764	901	1077	1377	0.156659	0.115922	0.049503	0.088113	0.047680	0.089825	0.042487	0.175977	0.031793	0.202041	
0.008885	2	295	429	537	613	759	764	901	1077	1377	0.156691	0.115439	0.050207	0.087112	0.047814	0.089342	0.042935	0.173872	0.032135	0.204454	
0.008907	2	283	295	429	613	764	901	1077	1377	1538	0.161219	0.043119	0.145600	0.046520	0.051631	0.038482	0.229390	0.030218	0.167448	0.086373	
0.008930	2	283	295	429	613	764	901	1077	1377	1538	0.160931	0.043367	0.144718	0.047178	0.051703	0.038875	0.226343	0.030574	0.169765	0.086545	
0.008953	2	283	295	429	613	764	901	1077	1377	1538	0.160643	0.043616	0.143837	0.047836	0.051776	0.039268	0.223297	0.030930	0.172081	0.086717	
0.008975	2	283	295	429	613	764	901	1077	1377	1538	0.160354	0.043864	0.142956	0.048494	0.051849	0.039661	0.220250	0.031286	0.174398	0.086888	
0.008998	2	283	295	429	613	764	901	1077	1377	1538	0.160066	0.044112	0.142074	0.049153	0.051921	0.040054	0.217203	0.031642	0.176715	0.087060	
0.009020	2	283	295	429	613	764	901	1077	1377	1538	0.159778	0.044361	0.141193	0.049811	0.051994	0.040446	0.214156	0.031999	0.179031	0.087231	
0.009043	2	283	295	429	613	764	901	1077	1377	1538	0.159490	0.044609	0.140311	0.050469	0.052066	0.040839	0.211110	0.032355	0.181348	0.087403	
0.009066	2	283	295	429	613	764	901	1077	1377	1538	0.159202	0.044857	0.139430	0.051127	0.052139	0.041232	0.208063	0.032711	0.183665	0.087575	
0.009088	2	283	295	429	613	764	901	1077	1377	1538	0.158914	0.045106	0.138549	0.051785	0.052211	0.041625	0.205016	0.033067	0.185982	0.087746	
0.009111	2	283	295	429	613	764	901	1077	1377	1538	0.158625	0.045354	0.137667	0.052443	0.052284	0.042018	0.201969	0.033423	0.188298	0.087918	
0.009134	2	283	295	429	613	764	901	1077	1377	1538	0.158337	0.045603	0.136786	0.053101	0.052357	0.042411	0.198923	0.033779	0.190615	0.088089	
0.009156	2	283	295	429	613	764	901	1077	1377	1538	0.158049	0.045851	0.135905	0.053759	0.052429	0.042804	0.195876	0.034136	0.192932	0.088261	
0.009179	2	283	295	429	613	764	901	1077	1377	1538	0.157761	0.046099	0.135023	0.054417	0.052502	0.043196	0.192829	0.034492	0.195248	0.088433	
0.009202	2	283	295	429	613	764	901	1077	1377	1538	0.157473	0.046348	0.134142	0.055075	0.052574	0.043589	0.189782	0.034848	0.197565	0.088604	
0.009224	2	283	295	429	613	764	901	1077	1377	1538	0.157184	0.046596	0.133260	0.055733	0.052647	0.043982	0.186736	0.035204	0.199882	0.088776	
0.009247	2	283	295	429	613	764	901	1077	1377	1538	0.156896	0.046845	0.132379	0.056391	0.052719	0.044375	0.183689	0.035560	0.202199	0.088947	
0.009270	2	283	295	429	613	764	901	1077	1377	1538	0.156608	0.047093	0.131498	0.057049	0.052792	0.044768	0.180642	0.035916	0.204515	0.089119	
0.009292	2	283	295	429	613	764	901	1077	1377	1538	0.156320	0.047341	0.130616	0.057707	0.052864	0.045161	0.177595	0.036272	0.206832	0.089291	
0.009315	2	283	295	429	613	764	901	1077	1377	1538	0.156032	0.047590	0.129735	0.058365	0.052937	0.045554	0.174549	0.036629	0.209149	0.089462	
0.009337	2	283	295	429	613	764	901	1077	1377	1538	0.155744	0.047838	0.128854	0.059023	0.053010	0.045947	0.171502	0.036985	0.211465	0.089634	
0.009360	2	283	295	429	613	764	901	1077	1377	1538	0.155455	0.048086	0.127972	0.059681	0.053082	0.046339	0.168455	0.037341	0.213782	0.089806	
0.009383	2	283	295	429	613	764	901	1077	1377	1538	0.155167	0.048335	0.127091	0.060339	0.053155	0.046732	0.165408	0.037697	0.216099	0.089977	
0.009405	2	283	295	429	613	764	901	1077	1377	1538	0.154879	0.048583	0.126210	0.060997	0.053227	0.047125	0.162362	0.038053	0.218415	0.090149	
0.009428	2	283	295	429	613	764	901	1077	1377	1538	0.154591	0.048832	0.125328	0.061655	0.053300	0.047518	0.159315	0.038409	0.220732	0.090320	
0.009451	2	283	295	429	613	764	901	1077	1377	1538	0.154303	0.049080	0.124447	0.062313	0.053372	0.047911	0.156268	0.038765	0.223049	0.090492	
0.009473	2	283	295	429	613	764	901	1077	1377	1538	0.154014	0.049328	0.123565	0.062971	0.053445	0.048304	0.153222	0.039122	0.225366	0.090664	
0.009496	2	283	295	429	613	764	901	1077	1377	1538	0.153726	0.049577	0.122684	0.063629	0.053517	0.048697	0.150175	0.039478	0.227682	0.090835	
0.009519	2	283	295	429	613	764	901	1077	1377	1538	0.153438	0.049825	0.121803	0.064287	0.053590	0.049089	0.147128	0.039834	0.229999	0.091007	
0.009541	2	283	295	429	613	764	901	1077	1377	1538	0.153150	0.050073	0.120921	0.064945	0.053663	0.049482	0.144081	0.040190	0.232316	0.091178	
0.009564	2	283	295	429	613	764	901	1077	1377	1538	0.152862	0.050322	0.120040	0.065603	0.053735	0.049875	0.141035	0.040546	0.234632	0.091350	
0.009587	2	283	295	404	429	613	901	1077	1377	1538	0.153521	0.050300	0.112653	0.059585	0.069975	0.053428	0.145351	0.041741	0.215502	0.097943	
0.009609	2	283	295	404	429	613	901	1077	1377	1538	0.153203	0.050522	0.111696	0.060310	0.070640	0.053456	0.142452	0.042086	0.217472	0.098165	
0.009632	2	283	295	404	429	613	901	1077	1377	1538	0.152884	0.050743	0.110739	0.061035	0.071304	0.053483	0.139552	0.042432	0.219441	0.098386	
0.009654	2	283	404	429	613	764	901	1077	1377	1538	0.153721	0.047754	0.054751	0.063376	0.052264	0.042811	0.227918	0.041958	0.215411	0.100038	
0.009677	2	283	404	429	613	764	901	1077	1377	1538	0.153287	0.047945	0.055394	0.064009	0.052203	0.043108	0.224368	0.042257	0.217269	0.100162	
0.009700	2	283	404	429	613	764	901	1077	1377	1538	0.152852	0.048136	0.056037	0.064642	0.052141	0.043404	0.220819	0.042555	0.219128	0.100286	
0.009722	2	283	404	429	613	764	901	1077	1377	1538	0.152418	0.048326	0.056680	0.065275	0.052080	0.043701	0.217269	0.042854	0.220986	0.100410	
0.009745	2	283	404	429	613	764	901	1077	1377	1538	0.151984	0.048517	0.057323	0.065908	0.052019	0.043998	0.213720	0.043153	0.222845	0.100534	
0.009768	2	295	404	429	613	764	901	1077	1377	1538	0.150250	0.108262	0.060747	0.070442	0.046314	0.048812	0.143554	0.043522	0.232216	0.095882	
0.009790	2	283	295	404	429	613	901	1077	1377	1538	0.150654	0.052293	0.104040	0.066109	0.075956	0.053676	0.119256	0.044850	0.233229	0.099936	
0.009813	2	283	295	404	429	613	901	1077	1377	1538	0.150335	0.052514	0.103083	0.066834	0.076621	0.053703	0.116357	0.045195	0.235199	0.100158	
0.009836	2	283	295	404	429	764	901	1077	1377	1538	0.147657	0.048102	0.118523	0.066510	0.075910	0.052753	0.119594	0.043618	0.228037	0.099296	
0.009858	2	283	295	404	429	613	764	1077	1377	1538	0.177769	0.054172	0.193652	0.050606	0.073996	0.045846	0.042587	0.038350	0.207954	0.115068	
0.009881	2	283	295	404	429	613	764	1077	1377	1538	0.176558	0.054243	0.190541	0.051455	0.074535	0.045853	0.042961	0.038763	0.210326	0.114765	
0.009904	2	283	295	404	429	613	764	1077	1377	1538	0.175347	0.054313	0.187431	0.052304	0.075074	0.045861	0.043335	0.039175	0.212698	0.114462	
0.009926	2	283	295	404	429	613	764	1077	1377	1538	0.174136	0.054384	0.184320	0.053153	0.075613	0.045868	0.043709	0.039587	0.215070	0.114160	
0.009949	2	283	295	404	429	613	764	1077	1377	1538	0.172925	0.054454	0.181209	0.054002	0.076152	0.045876	0.044083	0.039999	0.217442	0.113857	
0.009971	2	283	295	404	429	613	764	1077	1377	1538	0.171715	0.054525	0.178099	0.054850	0.076691	0.045883	0.044457	0.040411	0.219814	0.113554	
0.009994	2	283	295	404	429	613	764	1077	1377	1538	0.170504	0.054595	0.174988	0.055699	0.077231	0.045891	0.044832	0.040823	0.222186	0.113251	
0.010017	2	283	295	404	429	613	764	1077	1377	1538	0.169293	0.054666	0.171877	0.056548	0.077770	0.045898	0.045206	0.041235	0.224558	0.112948	
0.010039	2	283	404	429	613	764	901	1077	1377	1538	0.146336	0.050996	0.065682	0.074139	0.051225	0.047857	0.167577	0.047036	0.247005	0.102146	
0.010062	2	283	404	429	613	764	901	1077	1377	1538	0.145902	0.051187	0.066325	0.074772	0.051164	0.048153	0.164027	0.047335	0.248864	0.102270	
0.010085	2	283	295	404	429	613	764	1077	1377	1538	0.165660	0.054877	0.162545	0.059095	0.079387	0.045921	0.046328	0.042472	0.231675	0.112040	
0.010107	2	283	295	404	429	613	764	1077	1377	1538	0.164450	0.054948	0.159435	0.059944	0.079926	0.045928	0.046702	0.042884	0.234047	0.111737	
0.010130	2	283	295	404	429	613	764	1077	1377	1538	0.163239	0.055018	0.156324	0.060793	0.080466	0.045936	0.047077	0.043296	0.236419	0.111434	
0.010153	2	283	295	404	429	613	764	1077	1377	1538	0.162028	0.055089	0.153213	0.061641	0.081005	0.045943	0.047451	0.043708	0.238791	0.111131	
0.010175	2	283	295	404	429	613	764	1077	1377	1538	0.160817	0.055159	0.150103	0.062490	0.081544	0.045951	0.047825	0.044120	0.241163	0.110828	
0.010198	2	283	295	404	429	613	764	1077	1377	1538	0.159606	0.055230	0.146992	0.063339	0.082083	0.045958	0.048199	0.044532	0.243535	0.110526	
0.010221	2	283	295	404	429	613	764	1077	1377	1538	0.158395	0.055300	0.143881	0.064188	0.082622	0.045966	0.048573	0.044945	0.245907	0.110223	
0.010243	2	283	295	404	429	613	764	1077	1377	1538	0.157184	0.055371	0.140771	0.065037	0.083161	0.045973	0.048947	0.045357	0.248279	0.109920	
0.010266	2	283	295	404	429	613	764	1077	1377	1538	0.155974	0.055441	0.137660	0.065886	0.083701	0.045981	0.049322	0.045769	0.250651	0.109617	
0.010288	2	283	295	404	429	613	764	1077	1377	1538	0.154763	0.055512	0.134549	0.066735	0.084240	0.045988	0.049696	0.046181	0.253023	0.109314	
0.010311	2	283	295	404	429	613	764	1077	1377	1538	0.153552	0.055582	0.131438	0.067583	0.084779	0.045996	0.050070	0.046593	0.255395	0.109011	
0.010334	2	283	295	404	429	613	764	1077	1377	1538	0.152341	0.055653	0.128328	0.068432	0.085318	0.046003	0.050444	0.047005	0.257767	0.108708	
0.010356	2	283	295	404	429	613	764	1077	1377	1538	0.151130	0.055723	0.125217	0.069281	0.085857	0.046011	0.050818	0.047417	0.260139	0.108406	
0.010379	2	283	295	404	429	613	764	1077	1377	1538	0.149919	0.055794	0.122106	0.070130	0.086396	0.046018	0.051192	0.047829	0.262511	0.108103	
0.010402	2	283	295	404	429	613	764	1077	1377	1538	0.148709	0.055864	0.118996	0.070979	0.086936	0.046026	0.051567	0.048242	0.264883	0.107800	
0.010424	2	283	295	404	429	613	764	1077	1377	1538	0.147498	0.055935	0.115885	0.071828	0.087475	0.046033	0.051941	0.048654	0.267255	0.107497	
0.010447	2	283	295	404	429	613	764	1077	1377	1538	0.146287	0.056005	0.112774	0.072677	0.088014	0.046041	0.052315	0.049066	0.269627	0.107194	
0.010470	2	283	295	404	429	613	764	1077	1377	1538	0.145076	0.056075	0.109664	0.073526	0.088553	0.046048	0.052689	0.049478	0.271999	0.106891	
0.010492	2	283	295	404	429	613	764	1077	1377	1538	0.143865	0.056146	0.106553	0.074374	0.089092	0.046056	0.053063	0.049890	0.274371	0.106589	
0.010515	2	283	295	404	429	613	764	1077	1377	1538	0.142654	0.056216	0.103442	0.075223	0.089631	0.046063	0.053437	0.050302	0.276744	0.106286	
0.010538	2	283	295	404	429	613	764	1077	1377	1538	0.141444	0.056287	0.100332	0.076072	0.090171	0.046071	0.053812	0.050714	0.279116	0.105983	
0.010560	2	283	295	404	429	613	764	1077	1377	1538	0.140233	0.056357	0.097221	0.076921	0.090710	0.046078	0.054186	0.051127	0.281488	0.105680	
0.010583	2	283	295	404	429	613	764	1077	1377	1538	0.139022	0.056428	0.094110	0.077770	0.091249	0.046086	0.054560	0.051539	0.283860	0.105377	
0.010605	2	283	295	404	429	613	764	1077	1377	1538	0.137811	0.056498	0.091000	0.078619	0.091788	0.046093	0.054934	0.051951	0.286232	0.105074	
0.010628	2	283	295	404	429	613	764	1077	1377	1538	0.136600	0.056569	0.087889	0.079468	0.092327	0.046101	0.055308	0.052363	0.288604	0.104772	
0.010651	2	283	295	404	429	613	764	1077	1377	1538	0.135389	0.056639	0.084778	0.080317	0.092866	0.046108	0.055682	0.052775	0.290976	0.104469	
0.010673	2	283	295	404	429	613	764	1077	1377	1538	0.134179	0.056710	0.081668	0.081165	0.093406	0.046116	0.056057	0.053187	0.293348	0.104166	
0.010696	2	283	295	404	429	613	764	1077	1377	1538	0.132968	0.056780	0.078557	0.082014	0.093945	0.046123	0.056431	0.053599	0.295720	0.103863	
0.010719	2	283	295	404	429	613	764	1077	1377	1538	0.131757	0.056851	0.075446	0.082863	0.094484	0.046131	0.056805	0.054011	0.298092	0.103560	
0.010741	2	283	295	404	429	613	764	1077	1377	1538	0.130546	0.056921	0.072335	0.083712	0.095023	0.046138	0.057179	0.054424	0.300464	0.103257	
0.010764	2	283	295	404	429	613	764	1077	1377	1538	0.129335	0.056992	0.069225	0.084561	0.095562	0.046146	0.057553	0.054836	0.302836	0.102955	
0.010787	2	283	295	404	429	613	764	1077	1377	1538	0.128124	0.057062	0.066114	0.085410	0.096101	0.046153	0.057927	0.055248	0.305208	0.102652	
0.010809	2	283	404	429	613	764	1077	1377	1538	2151	0.143279	0.057616	0.079081	0.096315	0.045130	0.057379	0.056202	0.292552	0.114383	0.058064	
0.010832	2	283	404	429	613	764	1077	1377	1538	2151	0.140427	0.057503	0.080188	0.096836	0.044968	0.057894	0.056601	0.295570	0.112991	0.057021	
0.010855	2	283	404	429	613	764	1077	1377	1538	2151	0.137576	0.057390	0.081295	0.097357	0.044806	0.058409	0.057000	0.298589	0.111600	0.055978	
0.010877	2	283	404	429	613	764	1077	1377	1538	2151	0.134724	0.057277	0.082403	0.097878	0.044644	0.058924	0.057400	0.301608	0.110209	0.054935	
0.010900	2	283	404	429	613	764	1077	1377	1538	2151	0.131872	0.057164	0.083510	0.098398	0.044482	0.059439	0.057799	0.304626	0.108818	0.053892	
0.010922	2	283	404	429	613	764	1077	1377	1538	2151	0.129020	0.057051	0.084617	0.098919	0.044320	0.059954	0.058199	0.307645	0.107427	0.052849	
0.010945	2	283	404	429	613	764	1077	1377	1538	2151	0.126168	0.056938	0.085725	0.099440	0.044158	0.060469	0.058598	0.310664	0.106036	0.051805	
0.010968	2	283	404	429	613	764	1077	1377	1538	2151	0.123316	0.056824	0.086832	0.099961	0.043996	0.060984	0.058997	0.313683	0.104645	0.050762	
0.010990	2	283	404	429	613	764	1077	1377	1538	2151	0.120465	0.056711	0.087939	0.100482	0.043834	0.061499	0.059397	0.316701	0.103253	0.049719	
0.011013	2	283	404	429	613	764	1077	1377	1538	2151	0.117613	0.056598	0.089047	0.101003	0.043672	0.062014	0.059796	0.319720	0.101862	0.048676	
0.011036	2	283	404	429	613	764	1077	1377	1538	2151	0.114761	0.056485	0.090154	0.101524	0.043510	0.062529	0.060195	0.322739	0.100471	0.047633	
0.011058	2	283	404	429	613	764	1077	1377	1538	2151	0.111909	0.056372	0.091261	0.102045	0.043348	0.063044	0.060595	0.325757	0.099080	0.046590	
0.011081	2	283	404	429	613	764	1077	1377	1538	2151	0.109057	0.056259	0.092369	0.102565	0.043185	0.063558	0.060994	0.328776	0.097689	0.045546	
0.011104	2	283	404	429	613	764	1077	1377	1538	2151	0.106206	0.056146	0.093476	0.103086	0.043023	0.064073	0.061394	0.331795	0.096298	0.044503	
0.011126	2	283	404	429	613	764	1077	1377	1538	2151	0.103354	0.056033	0.094583	0.103607	0.042861	0.064588	0.061793	0.334813	0.094907	0.043460	
0.011149	2	283	404	429	613	764	1077	1377	1538	2151	0.100502	0.055920	0.095691	0.104128	0.042699	0.065103	0.062192	0.337832	0.093515	0.042417	
0.011172	2	283	404	429	613	764	1077	1377	1538	2151	0.097650	0.055807	0.096798	0.104649	0.042537	0.065618	0.062592	0.340851	0.092124	0.041374	
0.011194	2	283	404	429	613	764	1077	1377	1538	2151	0.094798	0.055693	0.097905	0.105170	0.042375	0.066133	0.062991	0.343869	0.090733	0.040331	
0.011217	2	252	283	404	429	613	764	1077	1377	1538	0.096918	0.028868	0.056675	0.098434	0.108547	0.044317	0.062217	0.062808	0.350590	0.090626	
0.011239	2	252	283	404	429	613	764	1077	1377	1538	0.093847	0.028296	0.056517	0.099539	0.109006	0.044081	0.062834	0.063221	0.353521	0.089138	
0.011262	2	252	283	404	429	613	764	1077	1377	1538	0.090776	0.027724	0.056359	0.100644	0.109466	0.043846	0.063450	0.063634	0.356453	0.087650	
0.011285	2	252	283	404	429	613	764	1077	1377	1538	0.087705	0.027151	0.056201	0.101749	0.109925	0.043610	0.064067	0.064047	0.359384	0.086162	
0.011307	2	252	283	404	429	613	764	1077	1377	1538	0.084633	0.026579	0.056043	0.102854	0.110384	0.043374	0.064684	0.064460	0.362316	0.084673	
0.011330	2	252	283	404	429	613	764	1077	1377	1538	0.081562	0.026007	0.055885	0.103958	0.110843	0.043138	0.065300	0.064873	0.365247	0.083185	
0.011353	2	252	283	404	429	613	764	1077	1377	1538	0.078491	0.025435	0.055727	0.105063	0.111303	0.042903	0.065917	0.065286	0.368179	0.081697	
0.011375	2	252	283	404	429	613	764	1077	1377	1538	0.075420	0.024863	0.055569	0.106168	0.111762	0.042667	0.066534	0.065699	0.371110	0.080208	
0.011398	2	252	283	404	429	613	764	1077	1377	1538	0.072349	0.024290	0.055411	0.107273	0.112221	0.042431	0.067150	0.066111	0.374042	0.078720	
0.011421	2	252	283	404	429	613	764	1077	1377	1538	0.069278	0.023718	0.055253	0.108378	0.112681	0.042196	0.067767	0.066524	0.376973	0.077232	
0.011443	2	252	283	404	429	613	764	1077	1377	1538	0.066207	0.023146	0.055095	0.109483	0.113140	0.041960	0.068383	0.066937	0.379905	0.075744	
0.011466	2	252	283	404	429	613	764	1077	1377	1538	0.063135	0.022574	0.054937	0.110588	0.113599	0.041724	0.069000	0.067350	0.382836	0.074255	
0.011489	2	252	283	404	429	613	764	1077	1377	1538	0.060064	0.022002	0.054780	0.111693	0.114058	0.041489	0.069617	0.067763	0.385768	0.072767	
0.011511	2	252	283	404	429	613	764	1077	1377	1538	0.056993	0.021430	0.054622	0.112798	0.114518	0.041253	0.070233	0.068176	0.388699	0.071279	
0.011534	2	252	283	404	429	613	764	1077	1377	1538	0.053922	0.020857	0.054464	0.113903	0.114977	0.041017	0.070850	0.068589	0.391631	0.069791	
0.011556	2	252	283	404	429	613	764	1077	1377	1538	0.050851	0.020285	0.054306	0.115007	0.115436	0.040781	0.071467	0.069002	0.394562	0.068302	
0.011579	2	252	283	404	429	613	764	1077	1377	1538	0.047780	0.019713	0.054148	0.116112	0.115896	0.040546	0.072083	0.069415	0.397494	0.066814	
0.011602	2	252	283	404	429	613	764	1077	1377	1538	0.044709	0.019141	0.053990	0.117217	0.116355	0.040310	0.072700	0.069828	0.400425	0.065326	
0.011624	2	252	283	404	429	613	764	1077	1377	1538	0.041637	0.018569	0.053832	0.118322	0.116814	0.040074	0.073316	0.070241	0.403357	0.063837	
0.011647	2	252	283	404	429	613	764	1077	1377	1538	0.038566	0.017997	0.053674	0.119427	0.117273	0.039839	0.073933	0.070654	0.406288	0.062349	
0.011670	2	283	398	404	429	613	764	1077	1377	1538	0.043428	0.054644	0.020370	0.118835	0.115479	0.039111	0.074389	0.070080	0.402562	0.061103	
0.011692	2	283	398	404	429	613	764	1077	1377	1538	0.040101	0.054436	0.020604	0.119849	0.115969	0.038799	0.074940	0.070474	0.405461	0.059367	
0.011715	2	283	398	404	429	613	764	1077	1377	1538	0.036774	0.054228	0.020839	0.120864	0.116459	0.038486	0.075491	0.070868	0.408360	0.057631	
0.011738	2	283	398	404	429	613	764	1077	1377	1538	0.033447	0.054021	0.021073	0.121878	0.116949	0.038174	0.076043	0.071262	0.411259	0.055895	
0.011760	2	283	398	404	429	613	764	1077	1377	1538	0.030120	0.053813	0.021307	0.122893	0.117439	0.037862	0.076594	0.071656	0.414158	0.054158	
0.011783	2	283	398	404	429	613	764	1077	1377	1538	0.026792	0.053605	0.021542	0.123908	0.117929	0.037550	0.077145	0.072050	0.417057	0.052422	
0.011806	252	283	398	404	429	613	764	1077	1377	1538	0.017855	0.055123	0.021097	0.122669	0.120548	0.037847	0.076127	0.072339	0.415791	0.060606	
0.011828	252	283	398	404	429	613	764	1077	1377	1538	0.016496	0.054467	0.021389	0.123927	0.120797	0.037270	0.076812	0.072737	0.419542	0.056563	
0.011851	252	283	398	404	429	613	764	1077	1377	1538	0.015138	0.053812	0.021682	0.125184	0.121046	0.036694	0.077497	0.073136	0.423292	0.052519	
0.011873	252	283	398	404	429	613	764	1077	1377	1538	0.013779	0.053156	0.021974	0.126442	0.121295	0.036118	0.078182	0.073535	0.427043	0.048476	
0.011896	252	283	398	404	429	613	764	1077	1377	1538	0.012421	0.052501	0.022267	0.127699	0.121544	0.035541	0.078867	0.073934	0.430794	0.044433	
0.011919	252	283	398	404	429	613	764	1077	1377	1538	0.011072	0.051844	0.022559	0.128956	0.121793	0.034964	0.079551	0.074333	0.434546	0.040382	
0.011941	252	283	398	404	429	613	764	1077	1377	1538	0.010124	0.051117	0.022838	0.130187	0.122064	0.034325	0.080205	0.074728	0.438388	0.036023	
0.011964	252	283	398	404	429	613	764	1077	1377	1538	0.010006	0.050247	0.023090	0.131363	0.122377	0.033561	0.080797	0.075116	0.442415	0.031028	
0.011987	252	283	398	404	429	613	764	1077	1377	1538	0.010001	0.049358	0.023338	0.132532	0.122696	0.032779	0.081380	0.075503	0.446467	0.025945	
0.012009	252	283	398	404	429	613	764	1077	1377	1538	0.010001	0.048467	0.023587	0.133701	0.123016	0.031997	0.081962	0.075890	0.450520	0.020860	
0.012032	283	398	404	429	613	764	1077	1377	1538		0.049307	0.024160	0.135523	0.122816	0.032731	0.083299	0.076364	0.452347	0.023452	
0.012055	283	398	404	429	613	764	1077	1377	1538		0.048417	0.024409	0.136691	0.123136	0.031948	0.083882	0.076751	0.456400	0.018366	
0.012077	283	398	404	429	613	764	1077	1377	1538		0.047526	0.024657	0.137861	0.123455	0.031166	0.084464	0.077138	0.460453	0.013280	
0.012100	283	398	404	429	613	764	1077	1377	1538		0.045572	0.024161	0.139633	0.123172	0.029593	0.085110	0.077809	0.464948	0.010003	
0.012123	283	398	404	429	613	764	1077	1377			0.047571	0.026431	0.139162	0.125129	0.030959	0.085521	0.077425	0.467802	
0.012145	283	398	404	429	613	764	1077	1377			0.043692	0.024587	0.142028	0.123755	0.027954	0.086281	0.078609	0.473095	
0.012168	283	398	404	429	613	764	1077	1377			0.039812	0.022744	0.144893	0.122380	0.024949	0.087040	0.079793	0.478389	
0.012190	283	398	404	429	613	764	1077	1377			0.035933	0.020900	0.147759	0.121005	0.021943	0.087800	0.080978	0.483682	
0.012213	283	398	404	429	613	764	1077	1377			0.032053	0.019057	0.150625	0.119630	0.018938	0.088559	0.082162	0.488976	
0.012236	283	398	404	429	613	764	1077	1377			0.028173	0.017214	0.153491	0.118255	0.015932	0.089318	0.083347	0.494269	
0.012258	283	398	404	429	613	764	1077	1377			0.024293	0.015371	0.156357	0.116880	0.012928	0.090077	0.084531	0.499563	
0.012281	283	398	404	429	613	764	1077	1377			0.020266	0.013368	0.159230	0.115376	0.010265	0.090790	0.085734	0.504970	
0.012304	283	398	404	429	613	764	1077	1377			0.015168	0.010363	0.162148	0.112949	0.010000	0.091165	0.087057	0.511149	
0.012326	283	398	404	429	764	1077	1377				0.014344	0.011648	0.164867	0.114217	0.092886	0.087885	0.514153	
0.012349	283	398	404	429	764	1077	1377				0.010000	0.010001	0.168161	0.109101	0.092478	0.089461	0.520798	
0.012372	398	404	429	764	1077	1377					0.010012	0.169412	0.111813	0.093992	0.090090	0.524682	
0.012394	404	429	764	1077	1377						0.174043	0.106360	0.093954	0.092012	0.533631	
0.012417	404	429	764	1077	1377						0.179001	0.092896	0.091309	0.094471	0.542323	
0.012440	404	429	764	1077	1377						0.183959	0.079432	0.088665	0.096931	0.551014	
0.012462	404	429	764	1077	1377						0.188916	0.065968	0.086020	0.099390	0.559706	
0.012485	404	429	764	1077	1377						0.193874	0.052505	0.083375	0.101849	0.568397	
0.012507	404	429	764	1077	1377						0.198832	0.039041	0.080730	0.104308	0.577089	
0.012530	404	429	764	1077	1377						0.203790	0.025577	0.078085	0.106768	0.585780	
0.012553	404	429	764	1077	1377						0.208751	0.012116	0.075435	0.109228	0.594470	
0.012575	404	764	1077	1377							0.214949	0.070478	0.112316	0.602256	
0.012598	404	764	1077	1377							0.232305	0.044725	0.121060	0.601910	
0.012621	404	764	1077	1377							0.249660	0.018973	0.129803	0.601564	
0.012643	404	1077	1377								0.275427	0.144514	0.580059	
0.012666	404	1077	1377								0.324735	0.175923	0.499342	
0.012689	404	1077	1377								0.374043	0.207332	0.418625	
0.012711	404	1077	1377								0.423351	0.238741	0.337909	
0.012734	404	1077	1377								0.472658	0.270149	0.257192	
0.012757	404	1077	1377								0.521966	0.301558	0.176476	
0.012779	404	1077	1377								0.571274	0.332967	0.095759	
0.012802	404	1077	1377								0.620581	0.364376	0.015043	
0.012824	404	1077									0.517495	0.482505	
0.012847	404	1077									0.379502	0.620498	
0.012870	404	1077									0.241510	0.758490	
0.012892	404	1077									0.103518	0.896482	
