0.003971	214										1.000000	
0.003963	9	214									0.032310	0.967690	
0.003955	9	214									0.064617	0.935383	
0.003948	9	214									0.096927	0.903073	
0.003940	9	214									0.129234	0.870766	
0.003932	9	214									0.161544	0.838456	
0.003924	9	214									0.193851	0.806149	
0.003916	9	214									0.226161	0.773839	
0.003909	9	214									0.258468	0.741532	
0.003901	9	214									0.290778	0.709222	
0.003893	9	214									0.323086	0.676914	
0.003885	9	214									0.355395	0.644605	
0.003878	9	214									0.387704	0.612296	
0.003870	9	214									0.420013	0.579987	
0.003862	9	214									0.452322	0.547678	
0.003854	9	115	214								0.455151	0.016849	0.528001	
0.003846	9	62	115	214							0.451972	0.010889	0.020012	0.517128	
0.003839	9	62	115	214							0.448027	0.023004	0.021685	0.507284	
0.003831	9	62	115	214							0.444003	0.035247	0.023201	0.497549	
0.003823	9	62	115	214							0.439968	0.047482	0.024737	0.487813	
0.003815	9	62	115	214							0.435946	0.059729	0.026247	0.478078	
0.003807	9	62	115	214							0.431923	0.071975	0.027758	0.468343	
0.003800	9	62	115	214							0.427899	0.084221	0.029271	0.458609	
0.003792	9	62	115	214							0.423875	0.096467	0.030784	0.448875	
0.003784	9	62	115	214							0.419850	0.108712	0.032298	0.439140	
0.003776	9	62	115	214							0.415820	0.120950	0.033827	0.429404	
0.003768	9	62	115	214							0.411795	0.133194	0.035342	0.419669	
0.003761	9	62	115	214							0.407769	0.145438	0.036857	0.409935	
0.003753	9	62	115	214							0.403744	0.157683	0.038373	0.400200	
0.003745	9	62	115	214							0.399719	0.169927	0.039889	0.390465	
0.003737	9	62	115	214							0.395693	0.182172	0.041404	0.380731	
0.003729	9	62	115	214							0.391668	0.194416	0.042920	0.370996	
0.003722	9	62	115	214							0.387644	0.206658	0.044435	0.361263	
0.003714	9	43	62	115	214						0.383046	0.011576	0.211032	0.042691	0.351655	
0.003706	9	43	62	115	214						0.378752	0.017011	0.219579	0.042678	0.341981	
0.003698	9	43	62	115	214						0.374428	0.023026	0.227731	0.042502	0.332313	
0.003690	9	43	62	115	214						0.370105	0.029052	0.235875	0.042323	0.322645	
0.003683	9	43	62	115	214						0.365780	0.035081	0.244018	0.042144	0.312977	
0.003675	9	43	62	115	214						0.361456	0.041110	0.252160	0.041965	0.303309	
0.003667	9	43	62	115	214						0.357132	0.047140	0.260302	0.041785	0.293641	
0.003659	9	43	62	115	214						0.352808	0.053169	0.268444	0.041606	0.283973	
0.003651	9	43	62	115	214						0.348484	0.059199	0.276585	0.041427	0.274305	
0.003644	9	43	62	115	214						0.344160	0.065229	0.284727	0.041247	0.264637	
0.003636	9	43	62	115	214						0.339835	0.071259	0.292868	0.041068	0.254969	
0.003628	9	43	62	115	214						0.335511	0.077290	0.301010	0.040888	0.245301	
0.003620	9	43	62	115	214						0.331187	0.083320	0.309151	0.040709	0.235633	
0.003612	9	43	62	115	214						0.326863	0.089350	0.317293	0.040529	0.225965	
0.003605	9	43	62	115	214						0.322539	0.095380	0.325434	0.040349	0.216297	
0.003597	9	43	62	115	214						0.318214	0.101411	0.333576	0.040170	0.206629	
0.003589	9	43	62	115	214						0.313890	0.107441	0.341717	0.039990	0.196961	
0.003581	9	43	62	115	214						0.309566	0.113471	0.349858	0.039811	0.187294	
0.003573	9	43	62	115	214						0.305242	0.119501	0.358000	0.039631	0.177626	
0.003566	9	43	62	115	214						0.300917	0.125533	0.366142	0.039452	0.167956	
0.003558	9	40	43	62	115	214					0.298131	0.010530	0.125155	0.366553	0.037253	0.162378	
0.003550	9	40	43	62	115	214					0.294809	0.017400	0.127005	0.369653	0.035756	0.155376	
0.003542	9	40	43	62	115	214					0.291676	0.025555	0.128074	0.371809	0.034012	0.148874	
0.003534	9	40	43	62	115	214					0.288543	0.033714	0.129140	0.373962	0.032268	0.142373	
0.003527	9	40	43	62	115	214					0.285410	0.041873	0.130206	0.376114	0.030524	0.135872	
0.003519	9	40	43	62	115	214					0.282277	0.050033	0.131271	0.378267	0.028780	0.129372	
0.003511	9	40	43	62	115	214					0.279144	0.058193	0.132336	0.380419	0.027037	0.122872	
0.003503	9	40	43	62	115	214					0.276011	0.066353	0.133401	0.382571	0.025293	0.116371	
0.003495	9	40	43	62	115	214					0.272878	0.074513	0.134467	0.384722	0.023549	0.109871	
0.003488	9	40	43	62	115	214					0.269745	0.082673	0.135532	0.386874	0.021805	0.103371	
0.003480	9	40	43	62	115	214					0.266611	0.090835	0.136597	0.389027	0.020062	0.096869	
0.003472	9	40	43	62	115	214	215				0.264714	0.089395	0.135899	0.386361	0.019467	0.093515	0.010649	
0.003464	9	40	43	62	115	214	215				0.262187	0.092848	0.136099	0.386150	0.018285	0.088557	0.015872	
0.003456	9	40	43	62	115	214	215				0.259739	0.095687	0.136187	0.385631	0.017178	0.083801	0.021777	
0.003449	9	40	43	62	115	214	215				0.257235	0.098452	0.136227	0.385081	0.016272	0.079014	0.027719	
0.003441	9	40	43	62	115	214	215				0.254843	0.101358	0.136360	0.384590	0.014966	0.074290	0.033592	
0.003433	9	40	43	62	115	214	215				0.252393	0.104191	0.136446	0.384069	0.013867	0.069533	0.039501	
0.003425	9	40	43	62	115	214	215				0.249937	0.107018	0.136526	0.383545	0.012790	0.064772	0.045412	
0.003417	9	40	43	62	115	214	215				0.247460	0.109821	0.136590	0.383013	0.011787	0.059997	0.051332	
0.003410	9	40	43	62	115	214	215				0.244933	0.112570	0.136615	0.382462	0.010961	0.055189	0.057270	
0.003402	9	40	43	62	115	214	215				0.242328	0.115233	0.136578	0.381880	0.010414	0.050328	0.063239	
0.003394	9	40	43	62	115	214	215				0.239646	0.117810	0.136480	0.381267	0.010144	0.045416	0.069238	
0.003386	9	40	43	62	115	214	215				0.236916	0.120334	0.136344	0.380636	0.010044	0.040472	0.075255	
0.003378	9	40	43	62	115	214	215				0.234166	0.122837	0.136192	0.379997	0.010014	0.035515	0.081279	
0.003371	9	40	43	62	214	215					0.234210	0.128424	0.138247	0.380449	0.032440	0.086230	
0.003363	9	40	43	62	214	215					0.231458	0.130917	0.138093	0.379813	0.027468	0.092251	
0.003355	9	40	43	62	214	215					0.228700	0.133411	0.137934	0.379171	0.022505	0.098280	
0.003347	9	40	43	62	196	214	215				0.231080	0.128325	0.136874	0.378269	0.010003	0.029192	0.086256	
0.003339	9	40	43	62	196	214	215				0.228488	0.130573	0.136686	0.377618	0.010329	0.024610	0.091697	
0.003331	9	40	43	62	196	214	215				0.227172	0.130940	0.136275	0.376904	0.013135	0.022913	0.092661	
0.003324	9	40	43	62	196	214	215				0.226044	0.131029	0.135831	0.376179	0.016310	0.021647	0.092959	
0.003316	9	40	43	62	196	214	215				0.224902	0.131108	0.135370	0.375444	0.019503	0.020432	0.093241	
0.003308	9	40	43	62	97	196	214	215			0.221996	0.130596	0.134564	0.373944	0.010129	0.015815	0.021075	0.091880	
0.003300	9	40	43	62	97	196	214	215			0.220849	0.130677	0.134115	0.373211	0.010239	0.018916	0.019831	0.092160	
0.003292	9	40	43	62	97	196	214	215			0.219674	0.130749	0.133660	0.372466	0.010510	0.021909	0.018620	0.092412	
0.003285	9	40	43	62	97	196	214	215			0.218434	0.130798	0.133191	0.371691	0.011143	0.024658	0.017482	0.092603	
0.003277	9	40	43	62	97	196	214	215			0.217124	0.130823	0.132707	0.370887	0.012166	0.027144	0.016419	0.092730	
0.003269	9	40	43	62	97	196	214	215			0.215765	0.130832	0.132212	0.370061	0.013467	0.029442	0.015410	0.092811	
0.003261	9	40	43	62	97	196	214	215			0.214377	0.130831	0.131708	0.369222	0.014910	0.031646	0.014438	0.092867	
0.003253	9	40	43	62	97	196	214	215			0.212975	0.130827	0.131197	0.368376	0.016393	0.033829	0.013490	0.092914	
0.003246	9	40	43	62	97	196	214	215			0.211554	0.130818	0.130671	0.367523	0.017890	0.036010	0.012580	0.092953	
0.003238	9	40	43	62	97	196	214	215			0.210102	0.130802	0.130120	0.366654	0.019406	0.038197	0.011739	0.092980	
0.003230	9	40	43	62	97	196	214	215			0.208595	0.130774	0.129521	0.365760	0.020948	0.040398	0.011021	0.092984	
0.003222	9	40	43	62	97	196	214	215			0.207003	0.130726	0.128854	0.364827	0.022532	0.042619	0.010485	0.092955	
0.003214	9	40	43	62	97	196	214	215			0.205313	0.130655	0.128103	0.363847	0.024164	0.044863	0.010167	0.092887	
0.003207	9	40	43	62	97	196	214	215			0.203263	0.130502	0.127055	0.362700	0.025979	0.047188	0.010637	0.092676	
0.003199	9	40	43	62	97	196	214	215			0.201537	0.130423	0.126274	0.361705	0.027627	0.049442	0.010397	0.092594	
0.003191	9	40	43	62	97	196	214	215			0.199774	0.130336	0.125464	0.360692	0.029294	0.051704	0.010238	0.092497	
0.003183	9	40	43	62	97	196	215				0.202606	0.131300	0.128480	0.361812	0.028720	0.052861	0.094221	
0.003175	9	40	43	62	97	196	215				0.200770	0.131197	0.127609	0.360766	0.030423	0.055140	0.094095	
0.003168	9	40	43	62	97	196	215				0.198935	0.131093	0.126738	0.359719	0.032127	0.057419	0.093969	
0.003160	9	40	43	62	97	196	215				0.197099	0.130989	0.125867	0.358673	0.033830	0.059698	0.093844	
0.003152	9	40	43	62	97	196	215				0.195264	0.130885	0.124996	0.357627	0.035533	0.061977	0.093718	
0.003144	9	40	43	62	97	196	215				0.193429	0.130781	0.124126	0.356577	0.037244	0.064250	0.093593	
0.003136	9	40	43	62	97	196	215				0.191593	0.130677	0.123255	0.355530	0.038947	0.066530	0.093468	
0.003129	9	40	43	62	97	196	215				0.189758	0.130573	0.122384	0.354484	0.040649	0.068809	0.093342	
0.003121	9	40	43	62	97	196	215				0.187923	0.130470	0.121513	0.353438	0.042352	0.071088	0.093217	
0.003113	9	40	43	62	97	196	215				0.186088	0.130366	0.120642	0.352392	0.044054	0.073367	0.093091	
0.003105	9	40	43	62	97	196	215				0.184253	0.130262	0.119771	0.351346	0.045756	0.075646	0.092965	
0.003097	9	40	43	62	97	171	196	215			0.188278	0.128375	0.122600	0.352208	0.039683	0.010002	0.066396	0.092458	
0.003089	9	40	43	62	97	171	196	215			0.186445	0.128271	0.121730	0.351163	0.041384	0.010005	0.068671	0.092332	
0.003082	9	40	43	62	97	171	196	215			0.184630	0.128161	0.120872	0.350123	0.043059	0.010041	0.070908	0.092205	
0.003074	9	40	43	62	97	171	196	215			0.183015	0.127990	0.120140	0.349149	0.044471	0.010416	0.072754	0.092065	
0.003066	9	40	43	62	97	171	196	215			0.181861	0.127679	0.119699	0.348324	0.045271	0.011578	0.073693	0.091895	
0.003058	9	40	43	62	97	171	196	215			0.180876	0.127316	0.119365	0.347554	0.045846	0.013029	0.074298	0.091714	
0.003050	9	40	43	62	97	171	196	215			0.179923	0.126944	0.119053	0.346792	0.046383	0.014535	0.074838	0.091532	
0.003043	9	40	43	62	97	171	196	215			0.178938	0.126582	0.118718	0.346022	0.046959	0.015984	0.075445	0.091351	
0.003035	9	40	43	62	97	171	196	215			0.177961	0.126217	0.118389	0.345255	0.047524	0.017449	0.076035	0.091170	
0.003027	9	40	43	62	97	171	196	215			0.176986	0.125851	0.118061	0.344489	0.048087	0.018916	0.076622	0.090988	
0.003019	9	40	43	62	97	171	196	215			0.176011	0.125486	0.117734	0.343723	0.048648	0.020385	0.077207	0.090807	
0.003011	9	40	43	62	97	171	196	215			0.175037	0.125120	0.117406	0.342957	0.049210	0.021854	0.077792	0.090625	
0.003004	9	40	43	62	97	171	196	215			0.174063	0.124754	0.117079	0.342190	0.049771	0.023323	0.078376	0.090444	
0.002996	9	40	43	62	97	171	196	215			0.173089	0.124388	0.116752	0.341424	0.050331	0.024793	0.078961	0.090262	
0.002988	9	40	43	62	97	171	196	215			0.172115	0.124022	0.116425	0.340658	0.050892	0.026263	0.079545	0.090080	
0.002980	9	40	43	62	97	171	196	215			0.171141	0.123657	0.116098	0.339892	0.051453	0.027733	0.080128	0.089899	
0.002972	9	40	43	62	97	171	196	215			0.170167	0.123291	0.115771	0.339126	0.052014	0.029203	0.080712	0.089717	
0.002965	9	40	43	62	97	171	196	215			0.169193	0.122925	0.115444	0.338360	0.052574	0.030673	0.081296	0.089535	
0.002957	9	40	43	62	97	171	196	215			0.168220	0.122559	0.115117	0.337594	0.053135	0.032143	0.081880	0.089354	
0.002949	9	40	43	60	62	97	171	196	215		0.168698	0.122078	0.114983	0.010393	0.337526	0.049680	0.027874	0.079630	0.089138	
0.002941	9	40	43	60	62	97	171	196	215		0.167754	0.121710	0.114660	0.010607	0.336774	0.050158	0.029226	0.080156	0.088955	
0.002933	9	40	43	60	62	97	171	196	215		0.166823	0.121341	0.114339	0.010917	0.336029	0.050599	0.030524	0.080654	0.088773	
0.002926	9	40	43	60	62	97	171	196	215		0.165909	0.120970	0.114020	0.011345	0.335292	0.050994	0.031758	0.081121	0.088590	
0.002918	9	40	43	60	62	97	171	196	215		0.165014	0.120598	0.113704	0.011903	0.334563	0.051339	0.032920	0.081553	0.088406	
0.002910	9	40	43	60	62	97	171	196	215		0.164137	0.120224	0.113390	0.012594	0.333844	0.051633	0.034009	0.081948	0.088222	
0.002902	9	40	43	60	62	97	171	196	215		0.163276	0.119850	0.113078	0.013405	0.333132	0.051880	0.035032	0.082310	0.088038	
0.002894	9	40	43	60	62	97	171	196	215		0.162430	0.119474	0.112768	0.014317	0.332427	0.052088	0.035998	0.082645	0.087853	
0.002887	9	40	43	60	62	97	129	171	196	215	0.162281	0.120278	0.112920	0.013306	0.331947	0.051741	0.010018	0.027715	0.081753	0.088041	
0.002879	9	40	43	60	62	97	129	171	196	215	0.161523	0.119957	0.112642	0.014487	0.331277	0.051779	0.010526	0.028013	0.081921	0.087875	
0.002871	9	40	43	60	62	97	129	171	196	215	0.160695	0.119588	0.112336	0.015489	0.330581	0.051945	0.010590	0.028864	0.082221	0.087692	
0.002863	9	40	43	60	62	97	129	171	196	215	0.159880	0.119224	0.112035	0.016540	0.329889	0.052083	0.010714	0.029625	0.082497	0.087512	
0.002855	9	40	43	60	62	97	129	171	196	215	0.159070	0.118864	0.111736	0.017608	0.329200	0.052212	0.010867	0.030348	0.082763	0.087332	
0.002848	9	40	43	60	62	97	129	171	196	215	0.158264	0.118508	0.111438	0.018681	0.328513	0.052334	0.011054	0.031034	0.083021	0.087154	
0.002840	9	40	43	60	62	97	129	171	196	215	0.157462	0.118157	0.111142	0.019750	0.327827	0.052452	0.011282	0.031679	0.083273	0.086977	
0.002832	9	40	43	60	62	97	129	171	196	215	0.156663	0.117811	0.110849	0.020812	0.327142	0.052567	0.011556	0.032280	0.083519	0.086802	
0.002824	9	40	43	60	62	97	129	171	196	215	0.155868	0.117471	0.110558	0.021866	0.326458	0.052678	0.011879	0.032836	0.083759	0.086628	
0.002816	9	40	43	60	62	97	129	171	196	215	0.155076	0.117136	0.110269	0.022910	0.325775	0.052787	0.012251	0.033347	0.083993	0.086457	
0.002808	9	40	43	60	62	97	129	171	196	215	0.154287	0.116808	0.109982	0.023946	0.325093	0.052893	0.012670	0.033814	0.084220	0.086287	
0.002801	9	40	43	60	62	97	129	171	196	215	0.153502	0.116484	0.109697	0.024973	0.324412	0.052997	0.013133	0.034240	0.084442	0.086119	
0.002793	9	40	43	60	62	97	129	171	196	215	0.152719	0.116165	0.109414	0.025994	0.323733	0.053098	0.013636	0.034629	0.084659	0.085953	
0.002785	9	40	43	60	62	97	129	171	196	215	0.151939	0.115850	0.109133	0.027008	0.323053	0.053197	0.014172	0.034988	0.084872	0.085787	
0.002777	9	40	43	60	62	97	129	171	196	215	0.151161	0.115538	0.108853	0.028017	0.322375	0.053295	0.014735	0.035321	0.085082	0.085623	
0.002769	9	40	43	60	62	97	129	171	196	215	0.150384	0.115228	0.108574	0.029022	0.321697	0.053391	0.015320	0.035635	0.085289	0.085459	
0.002762	9	40	43	60	62	97	129	171	196	215	0.149608	0.114921	0.108296	0.030025	0.321019	0.053486	0.015922	0.035932	0.085494	0.085296	
0.002754	9	40	43	60	62	97	129	171	196	215	0.148834	0.114615	0.108018	0.031025	0.320342	0.053581	0.016536	0.036219	0.085697	0.085134	
0.002746	9	40	43	60	62	97	129	171	196	215	0.148060	0.114310	0.107741	0.032023	0.319665	0.053675	0.017159	0.036497	0.085899	0.084972	
0.002738	9	40	43	60	62	97	129	171	196	215	0.147286	0.114006	0.107464	0.033020	0.318988	0.053769	0.017788	0.036769	0.086101	0.084810	
0.002730	9	40	43	60	62	97	129	171	196	215	0.146513	0.113702	0.107187	0.034017	0.318311	0.053863	0.018421	0.037037	0.086301	0.084648	
0.002723	9	40	43	60	62	97	129	171	196	215	0.145740	0.113399	0.106910	0.035012	0.317634	0.053956	0.019058	0.037302	0.086502	0.084487	
0.002715	9	40	43	60	62	97	129	171	196	215	0.144967	0.113096	0.106634	0.036008	0.316958	0.054049	0.019697	0.037565	0.086702	0.084325	
0.002707	9	40	43	60	62	97	129	171	196	215	0.144194	0.112793	0.106357	0.037003	0.316281	0.054142	0.020337	0.037827	0.086902	0.084164	
0.002699	9	40	43	60	62	97	129	171	196	215	0.143421	0.112490	0.106081	0.037998	0.315604	0.054235	0.020978	0.038088	0.087102	0.084002	
0.002691	9	40	43	60	62	97	129	171	196	215	0.142648	0.112187	0.105804	0.038993	0.314928	0.054328	0.021619	0.038349	0.087302	0.083841	
0.002684	9	40	43	60	62	97	129	171	196	215	0.141876	0.111885	0.105528	0.039988	0.314251	0.054421	0.022261	0.038609	0.087501	0.083679	
0.002676	9	40	43	60	62	97	129	171	196	215	0.141103	0.111582	0.105252	0.040983	0.313574	0.054514	0.022904	0.038869	0.087701	0.083518	
0.002668	9	40	43	60	62	97	129	171	196	215	0.140330	0.111279	0.104975	0.041978	0.312898	0.054607	0.023546	0.039128	0.087901	0.083357	
0.002660	9	40	43	60	62	97	129	171	196	215	0.139558	0.110977	0.104699	0.042973	0.312221	0.054700	0.024189	0.039388	0.088100	0.083195	
0.002652	9	40	43	60	62	97	129	171	196	215	0.138785	0.110674	0.104423	0.043968	0.311544	0.054793	0.024831	0.039647	0.088300	0.083034	
0.002645	9	40	43	60	62	97	129	171	196	215	0.138012	0.110372	0.104146	0.044963	0.310868	0.054886	0.025474	0.039907	0.088500	0.082872	
0.002637	9	40	43	60	62	97	129	171	196	215	0.137240	0.110069	0.103870	0.045958	0.310191	0.054979	0.026117	0.040166	0.088699	0.082711	
0.002629	9	40	43	60	62	97	129	171	196	215	0.136467	0.109767	0.103594	0.046953	0.309514	0.055072	0.026760	0.040425	0.088899	0.082550	
0.002621	9	40	43	60	62	97	129	171	196	215	0.135694	0.109464	0.103317	0.047947	0.308838	0.055165	0.027403	0.040684	0.089099	0.082388	
0.002613	9	40	43	60	62	97	129	171	196	215	0.134922	0.109161	0.103041	0.048942	0.308161	0.055258	0.028046	0.040943	0.089298	0.082227	
0.002606	9	40	43	60	62	97	129	171	196	215	0.134149	0.108859	0.102765	0.049937	0.307485	0.055351	0.028689	0.041203	0.089498	0.082066	
0.002598	9	40	43	60	62	97	129	171	196	215	0.133377	0.108556	0.102488	0.050932	0.306808	0.055443	0.029332	0.041462	0.089697	0.081904	
0.002590	9	40	43	60	62	97	129	171	196	215	0.132604	0.108254	0.102212	0.051927	0.306131	0.055536	0.029975	0.041721	0.089897	0.081743	
0.002582	9	40	43	60	62	97	129	171	196	215	0.131831	0.107951	0.101935	0.052922	0.305455	0.055629	0.030618	0.041980	0.090096	0.081582	
0.002574	9	40	43	60	62	97	129	171	196	215	0.131059	0.107649	0.101659	0.053917	0.304778	0.055722	0.031261	0.042239	0.090296	0.081420	
0.002567	9	40	43	60	62	97	129	171	196	215	0.130286	0.107346	0.101383	0.054911	0.304101	0.055815	0.031905	0.042498	0.090496	0.081259	
0.002559	9	40	43	60	62	97	129	171	196	215	0.129513	0.107044	0.101106	0.055906	0.303425	0.055908	0.032548	0.042757	0.090695	0.081097	
0.002551	9	40	43	60	62	97	129	171	196	215	0.128741	0.106741	0.100830	0.056901	0.302748	0.056001	0.033191	0.043016	0.090895	0.080936	
0.002543	9	40	43	60	62	97	129	171	196	215	0.127968	0.106439	0.100554	0.057896	0.302072	0.056094	0.033834	0.043275	0.091094	0.080775	
0.002535	9	40	43	60	62	97	129	171	196	215	0.127196	0.106136	0.100277	0.058891	0.301395	0.056187	0.034477	0.043534	0.091294	0.080613	
0.002527	9	40	43	60	62	97	129	171	196	215	0.126423	0.105834	0.100001	0.059886	0.300718	0.056280	0.035120	0.043793	0.091493	0.080452	
0.002520	9	40	43	60	62	97	129	171	196	215	0.125650	0.105531	0.099725	0.060880	0.300042	0.056372	0.035764	0.044052	0.091693	0.080291	
0.002512	9	40	43	60	62	97	129	171	196	215	0.124878	0.105229	0.099448	0.061875	0.299365	0.056465	0.036407	0.044311	0.091893	0.080129	
0.002504	9	40	43	60	62	97	129	171	196	215	0.124105	0.104926	0.099172	0.062870	0.298688	0.056558	0.037050	0.044570	0.092092	0.079968	
0.002496	9	40	43	60	62	97	129	171	196	215	0.123333	0.104623	0.098896	0.063865	0.298012	0.056651	0.037693	0.044829	0.092292	0.079807	
0.002488	9	40	43	60	62	97	129	171	196	215	0.122560	0.104321	0.098619	0.064860	0.297335	0.056744	0.038337	0.045087	0.092491	0.079645	
0.002481	9	40	43	60	62	97	129	171	196	215	0.121787	0.104018	0.098343	0.065855	0.296659	0.056837	0.038980	0.045346	0.092691	0.079484	
0.002473	9	40	43	60	62	97	129	171	196	215	0.121015	0.103716	0.098067	0.066850	0.295982	0.056930	0.039623	0.045605	0.092890	0.079322	
0.002465	9	40	43	60	62	97	129	171	196	215	0.120242	0.103413	0.097790	0.067844	0.295305	0.057023	0.040266	0.045864	0.093090	0.079161	
0.002457	9	40	43	60	62	97	129	171	196	215	0.119470	0.103111	0.097514	0.068839	0.294629	0.057115	0.040910	0.046123	0.093289	0.079000	
0.002449	9	40	43	60	62	97	129	171	196	215	0.118697	0.102808	0.097238	0.069834	0.293952	0.057208	0.041553	0.046382	0.093489	0.078838	
0.002442	9	40	43	60	62	97	129	171	196	215	0.117924	0.102506	0.096962	0.070829	0.293275	0.057301	0.042196	0.046641	0.093689	0.078677	
0.002434	9	40	43	60	62	97	129	171	196	215	0.117152	0.102203	0.096685	0.071824	0.292599	0.057394	0.042840	0.046900	0.093888	0.078516	
0.002426	9	40	43	60	62	97	129	171	196	215	0.116379	0.101901	0.096409	0.072819	0.291922	0.057487	0.043483	0.047159	0.094088	0.078354	
0.002418	9	40	43	60	62	97	129	171	196	215	0.115607	0.101598	0.096133	0.073813	0.291246	0.057580	0.044126	0.047417	0.094287	0.078193	
0.002410	9	40	43	60	62	97	129	171	196	215	0.114834	0.101296	0.095856	0.074808	0.290569	0.057673	0.044769	0.047676	0.094487	0.078032	
0.002403	9	40	43	60	62	97	129	171	196	215	0.114061	0.100993	0.095580	0.075803	0.289892	0.057766	0.045413	0.047935	0.094686	0.077870	
0.002395	9	40	43	60	62	97	129	171	196	215	0.113289	0.100691	0.095304	0.076798	0.289216	0.057858	0.046056	0.048194	0.094886	0.077709	
0.002387	9	40	43	60	62	97	129	171	196	215	0.112516	0.100388	0.095027	0.077793	0.288539	0.057951	0.046699	0.048453	0.095085	0.077548	
0.002379	9	40	43	60	62	97	129	171	196	215	0.111744	0.100086	0.094751	0.078788	0.287862	0.058044	0.047343	0.048712	0.095285	0.077386	
0.002371	9	40	43	60	62	97	129	171	196	215	0.110971	0.099783	0.094475	0.079782	0.287186	0.058137	0.047986	0.048971	0.095484	0.077225	
0.002364	9	40	43	60	62	97	129	171	196	215	0.110198	0.099481	0.094198	0.080777	0.286509	0.058230	0.048629	0.049229	0.095684	0.077063	
0.002356	9	40	43	60	62	97	129	171	196	215	0.109426	0.099178	0.093922	0.081772	0.285833	0.058323	0.049273	0.049488	0.095884	0.076902	
0.002348	9	40	43	60	62	97	129	171	196	215	0.108653	0.098876	0.093646	0.082767	0.285156	0.058416	0.049916	0.049747	0.096083	0.076741	
0.002340	9	40	43	60	62	97	129	171	196	215	0.107881	0.098573	0.093369	0.083762	0.284479	0.058509	0.050559	0.050006	0.096283	0.076579	
0.002332	9	40	43	60	62	97	129	171	196	215	0.107108	0.098271	0.093093	0.084757	0.283803	0.058601	0.051203	0.050265	0.096482	0.076418	
0.002325	9	40	43	60	62	97	129	171	196	215	0.106336	0.097968	0.092817	0.085752	0.283126	0.058694	0.051846	0.050524	0.096682	0.076257	
0.002317	9	40	43	60	62	97	129	171	196	215	0.105563	0.097666	0.092540	0.086746	0.282450	0.058787	0.052489	0.050782	0.096881	0.076095	
0.002309	9	40	43	60	62	97	129	171	196	215	0.104790	0.097363	0.092264	0.087741	0.281773	0.058880	0.053133	0.051041	0.097081	0.075934	
0.002301	9	40	43	60	62	97	129	171	196	215	0.104018	0.097061	0.091988	0.088736	0.281096	0.058973	0.053776	0.051300	0.097280	0.075773	
0.002293	9	40	43	60	62	97	129	171	196	215	0.103245	0.096758	0.091711	0.089731	0.280420	0.059066	0.054419	0.051559	0.097480	0.075611	
0.002286	9	40	43	60	62	97	129	171	196	215	0.102473	0.096456	0.091435	0.090726	0.279743	0.059159	0.055063	0.051818	0.097679	0.075450	
0.002278	9	40	43	60	62	97	129	171	196	215	0.101700	0.096153	0.091159	0.091721	0.279066	0.059251	0.055706	0.052077	0.097879	0.075288	
0.002270	9	40	43	60	62	97	129	171	196	215	0.100927	0.095850	0.090883	0.092713	0.278386	0.059347	0.056348	0.052338	0.098077	0.075129	
0.002262	9	40	43	60	62	97	129	171	196	215	0.100155	0.095548	0.090607	0.093708	0.277710	0.059440	0.056992	0.052597	0.098277	0.074968	
0.002254	9	40	43	60	62	97	129	171	196	215	0.099382	0.095245	0.090330	0.094703	0.277034	0.059532	0.057635	0.052856	0.098476	0.074806	
0.002246	9	40	43	60	62	97	129	171	196	215	0.098610	0.094943	0.090054	0.095698	0.276357	0.059625	0.058278	0.053114	0.098676	0.074644	
0.002239	9	40	43	60	62	97	129	171	196	215	0.097837	0.094640	0.089778	0.096693	0.275681	0.059718	0.058922	0.053373	0.098876	0.074483	
0.002231	9	40	43	60	62	97	129	171	196	215	0.097064	0.094338	0.089501	0.097688	0.275004	0.059811	0.059565	0.053632	0.099075	0.074322	
0.002223	9	40	43	60	62	97	129	171	196	215	0.096292	0.094035	0.089225	0.098683	0.274328	0.059903	0.060208	0.053890	0.099275	0.074160	
0.002215	9	40	43	60	62	97	129	171	196	215	0.095519	0.093733	0.088949	0.099678	0.273651	0.059996	0.060852	0.054149	0.099474	0.073999	
0.002207	9	40	43	60	62	97	129	171	196	215	0.094747	0.093430	0.088672	0.100672	0.272974	0.060089	0.061495	0.054408	0.099674	0.073837	
0.002200	9	40	43	60	62	97	129	171	196	215	0.093974	0.093128	0.088396	0.101667	0.272298	0.060182	0.062138	0.054667	0.099873	0.073676	
0.002192	9	40	43	60	62	97	129	171	196	215	0.093202	0.092825	0.088120	0.102662	0.271621	0.060275	0.062782	0.054926	0.100073	0.073515	
0.002184	9	40	43	60	62	97	129	171	196	215	0.092429	0.092523	0.087843	0.103657	0.270944	0.060368	0.063425	0.055185	0.100272	0.073353	
0.002176	9	40	43	60	62	97	129	171	196	215	0.091656	0.092220	0.087567	0.104652	0.270268	0.060461	0.064068	0.055444	0.100472	0.073192	
0.002168	9	40	43	60	62	97	129	171	196	215	0.090884	0.091918	0.087291	0.105647	0.269591	0.060554	0.064712	0.055703	0.100671	0.073031	
0.002161	9	40	43	60	62	97	129	171	196	215	0.090111	0.091615	0.087014	0.106641	0.268914	0.060647	0.065355	0.055962	0.100871	0.072869	
0.002153	9	40	43	60	62	97	129	171	196	215	0.089339	0.091313	0.086738	0.107636	0.268238	0.060739	0.065998	0.056220	0.101071	0.072708	
0.002145	9	40	43	60	62	97	129	171	196	215	0.088566	0.091010	0.086462	0.108631	0.267561	0.060832	0.066641	0.056479	0.101270	0.072547	
0.002137	9	40	43	60	62	97	129	171	196	215	0.087794	0.090708	0.086185	0.109626	0.266885	0.060925	0.067285	0.056738	0.101470	0.072386	
0.002129	9	40	43	60	62	97	129	171	196	215	0.087021	0.090405	0.085909	0.110620	0.266208	0.061018	0.067928	0.056997	0.101669	0.072224	
0.002122	9	40	43	60	62	97	129	171	196	215	0.086248	0.090103	0.085633	0.111615	0.265531	0.061111	0.068571	0.057256	0.101869	0.072063	
0.002114	9	40	43	60	62	97	129	171	196	215	0.085476	0.089800	0.085356	0.112610	0.264855	0.061204	0.069215	0.057515	0.102068	0.071902	
0.002106	9	40	43	60	62	97	129	171	196	215	0.084703	0.089498	0.085080	0.113605	0.264178	0.061297	0.069858	0.057774	0.102268	0.071740	
0.002098	9	40	43	60	62	97	129	171	196	215	0.083931	0.089195	0.084804	0.114600	0.263501	0.061390	0.070501	0.058033	0.102467	0.071579	
0.002090	9	40	43	60	62	97	129	171	196	215	0.083158	0.088893	0.084528	0.115594	0.262824	0.061483	0.071144	0.058292	0.102667	0.071418	
0.002083	9	40	43	60	62	97	129	171	196	215	0.082386	0.088590	0.084251	0.116589	0.262148	0.061576	0.071788	0.058550	0.102866	0.071256	
0.002075	9	40	43	60	62	97	129	171	196	215	0.081613	0.088288	0.083975	0.117584	0.261471	0.061669	0.072431	0.058809	0.103066	0.071095	
0.002067	9	40	43	60	62	97	129	171	196	215	0.080841	0.087985	0.083699	0.118579	0.260794	0.061762	0.073074	0.059068	0.103265	0.070934	
0.002059	9	40	43	60	62	97	129	171	196	215	0.080068	0.087683	0.083422	0.119573	0.260117	0.061854	0.073717	0.059327	0.103465	0.070772	
0.002051	9	40	43	60	62	97	129	171	196	215	0.079296	0.087380	0.083146	0.120568	0.259441	0.061947	0.074361	0.059586	0.103664	0.070611	
0.002044	9	40	43	60	62	97	129	171	196	215	0.078523	0.087078	0.082870	0.121563	0.258764	0.062040	0.075004	0.059845	0.103864	0.070450	
0.002036	9	40	43	60	62	97	129	171	196	215	0.077750	0.086775	0.082593	0.122558	0.258087	0.062133	0.075647	0.060104	0.104063	0.070289	
0.002028	9	40	43	60	62	97	129	171	196	215	0.076978	0.086473	0.082317	0.123552	0.257410	0.062226	0.076290	0.060363	0.104263	0.070127	
0.002020	9	40	43	60	62	97	129	171	196	215	0.076205	0.086170	0.082041	0.124547	0.256734	0.062319	0.076934	0.060622	0.104462	0.069966	
0.002012	9	40	43	60	62	97	129	171	196	215	0.075433	0.085868	0.081765	0.125542	0.256057	0.062412	0.077577	0.060881	0.104662	0.069805	
0.002005	9	40	43	60	62	97	129	171	196	215	0.074660	0.085565	0.081488	0.126537	0.255380	0.062505	0.078220	0.061140	0.104861	0.069643	
0.001997	9	40	43	60	62	97	129	171	196	215	0.073888	0.085263	0.081212	0.127531	0.254703	0.062598	0.078864	0.061399	0.105061	0.069482	
0.001989	9	40	43	60	62	97	129	171	196	215	0.073115	0.084960	0.080936	0.128526	0.254027	0.062691	0.079507	0.061658	0.105260	0.069321	
0.001981	9	40	43	60	62	97	129	171	196	215	0.072343	0.084658	0.080659	0.129521	0.253350	0.062784	0.080150	0.061917	0.105460	0.069160	
0.001973	9	40	43	60	62	97	129	171	196	215	0.071569	0.084355	0.080382	0.130518	0.252678	0.062874	0.080796	0.062171	0.105660	0.068996	
0.001965	9	40	43	60	62	97	129	171	196	215	0.070797	0.084053	0.080106	0.131513	0.252001	0.062967	0.081439	0.062430	0.105860	0.068835	
0.001958	9	40	43	60	62	97	129	171	196	215	0.070024	0.083750	0.079830	0.132508	0.251325	0.063060	0.082082	0.062689	0.106059	0.068673	
0.001950	9	40	43	60	62	97	129	171	196	215	0.069252	0.083448	0.079553	0.133503	0.250648	0.063152	0.082726	0.062948	0.106259	0.068512	
0.001942	9	40	43	60	62	97	129	171	196	215	0.068479	0.083145	0.079277	0.134497	0.249972	0.063245	0.083369	0.063206	0.106458	0.068351	
0.001934	9	40	43	60	62	97	129	171	196	215	0.067707	0.082843	0.079001	0.135492	0.249295	0.063338	0.084012	0.063465	0.106658	0.068189	
0.001926	9	40	43	60	62	97	129	171	196	215	0.066934	0.082540	0.078724	0.136487	0.248618	0.063431	0.084656	0.063724	0.106857	0.068028	
0.001919	9	40	43	60	62	97	129	171	196	215	0.066161	0.082238	0.078448	0.137482	0.247942	0.063524	0.085299	0.063983	0.107057	0.067867	
0.001911	9	40	43	60	62	97	129	171	196	215	0.065389	0.081935	0.078172	0.138477	0.247265	0.063617	0.085942	0.064242	0.107256	0.067705	
0.001903	9	40	43	60	62	97	129	171	196	215	0.064616	0.081633	0.077895	0.139471	0.246589	0.063710	0.086586	0.064501	0.107456	0.067544	
0.001895	9	40	43	60	62	97	129	171	196	215	0.063844	0.081330	0.077619	0.140466	0.245912	0.063803	0.087229	0.064759	0.107655	0.067383	
0.001887	9	40	43	60	62	97	129	171	196	215	0.063071	0.081028	0.077343	0.141461	0.245235	0.063896	0.087872	0.065018	0.107855	0.067221	
0.001880	9	40	43	60	62	97	129	171	196	215	0.062299	0.080725	0.077067	0.142456	0.244559	0.063988	0.088515	0.065277	0.108054	0.067060	
0.001872	9	40	43	60	62	97	129	171	196	215	0.061526	0.080423	0.076790	0.143450	0.243882	0.064081	0.089159	0.065536	0.108254	0.066899	
0.001864	9	40	43	60	62	97	129	171	196	215	0.060754	0.080120	0.076514	0.144445	0.243206	0.064174	0.089802	0.065795	0.108453	0.066737	
0.001856	9	40	43	60	62	97	129	171	196	215	0.059981	0.079818	0.076238	0.145440	0.242529	0.064267	0.090445	0.066053	0.108653	0.066576	
0.001848	9	40	43	60	62	97	129	171	196	215	0.059209	0.079515	0.075961	0.146435	0.241852	0.064360	0.091089	0.066312	0.108853	0.066415	
0.001841	9	40	43	60	62	97	129	171	196	215	0.058436	0.079213	0.075685	0.147429	0.241176	0.064453	0.091732	0.066571	0.109052	0.066253	
0.001833	9	40	43	60	62	97	129	196	215	225	0.069758	0.088332	0.074681	0.136501	0.244733	0.055942	0.129678	0.093785	0.066559	0.040032	
0.001825	9	40	43	60	62	97	129	196	215	225	0.069219	0.088092	0.074399	0.137192	0.244134	0.055888	0.130191	0.093679	0.066369	0.040837	
0.001817	9	40	43	60	62	97	129	196	215	225	0.068680	0.087852	0.074116	0.137883	0.243535	0.055835	0.130705	0.093573	0.066180	0.041642	
0.001809	9	40	43	60	62	97	129	196	215	225	0.068141	0.087612	0.073833	0.138574	0.242936	0.055781	0.131219	0.093466	0.065990	0.042447	
0.001802	9	40	43	60	62	97	129	196	215	225	0.067603	0.087372	0.073551	0.139265	0.242336	0.055728	0.131732	0.093360	0.065801	0.043252	
0.001794	9	40	43	60	62	97	129	196	215	225	0.067064	0.087133	0.073268	0.139955	0.241737	0.055674	0.132246	0.093254	0.065611	0.044057	
0.001786	9	40	43	60	62	97	129	196	215	225	0.066525	0.086893	0.072986	0.140646	0.241138	0.055621	0.132760	0.093148	0.065422	0.044862	
0.001778	9	40	43	60	62	97	129	196	215	225	0.065987	0.086653	0.072703	0.141337	0.240539	0.055567	0.133273	0.093041	0.065233	0.045667	
0.001770	9	40	43	60	62	97	129	196	215	225	0.065448	0.086413	0.072421	0.142028	0.239940	0.055514	0.133787	0.092935	0.065043	0.046472	
0.001763	9	40	43	60	62	97	129	196	215	225	0.064909	0.086173	0.072138	0.142719	0.239340	0.055461	0.134301	0.092829	0.064854	0.047277	
0.001755	9	40	43	60	62	97	129	196	215	225	0.064371	0.085934	0.071855	0.143409	0.238741	0.055407	0.134814	0.092723	0.064664	0.048081	
0.001747	9	40	43	60	62	97	129	196	215	225	0.063832	0.085694	0.071573	0.144100	0.238142	0.055354	0.135328	0.092617	0.064475	0.048886	
0.001739	9	40	43	60	62	97	129	196	215	225	0.063293	0.085454	0.071290	0.144791	0.237543	0.055300	0.135842	0.092510	0.064285	0.049691	
0.001731	9	40	43	60	62	97	129	196	215	225	0.062755	0.085214	0.071008	0.145482	0.236944	0.055247	0.136355	0.092404	0.064096	0.050496	
0.001724	9	40	43	60	62	97	129	196	215	225	0.062216	0.084974	0.070725	0.146173	0.236344	0.055193	0.136869	0.092298	0.063906	0.051301	
0.001716	9	40	43	60	62	97	129	196	215	225	0.061677	0.084735	0.070443	0.146863	0.235745	0.055140	0.137383	0.092192	0.063717	0.052106	
0.001708	9	40	43	60	62	97	129	196	215	225	0.061139	0.084495	0.070160	0.147554	0.235146	0.055086	0.137896	0.092085	0.063527	0.052911	
0.001700	9	40	43	60	62	97	129	196	215	225	0.060600	0.084255	0.069878	0.148245	0.234547	0.055033	0.138410	0.091979	0.063338	0.053716	
0.001692	9	40	43	60	62	97	129	196	215	225	0.060061	0.084015	0.069595	0.148936	0.233948	0.054979	0.138924	0.091873	0.063148	0.054521	
0.001685	9	40	43	60	62	97	129	196	215	225	0.059522	0.083775	0.069312	0.149627	0.233348	0.054926	0.139437	0.091767	0.062959	0.055326	
0.001677	9	40	43	60	62	97	129	196	215	225	0.058984	0.083536	0.069030	0.150317	0.232749	0.054872	0.139951	0.091660	0.062769	0.056131	
0.001669	9	40	43	60	62	97	129	196	215	225	0.058445	0.083296	0.068747	0.151008	0.232150	0.054819	0.140465	0.091554	0.062580	0.056936	
0.001661	9	40	43	60	62	97	129	196	215	225	0.057906	0.083056	0.068465	0.151699	0.231551	0.054765	0.140979	0.091448	0.062390	0.057741	
0.001653	9	40	43	60	62	97	129	196	215	225	0.057368	0.082816	0.068182	0.152390	0.230952	0.054712	0.141492	0.091342	0.062201	0.058546	
0.001645	9	40	43	60	62	97	129	196	215	225	0.056829	0.082576	0.067900	0.153081	0.230352	0.054658	0.142006	0.091235	0.062011	0.059351	
0.001638	9	40	43	60	62	97	129	196	215	225	0.056290	0.082337	0.067617	0.153771	0.229753	0.054605	0.142520	0.091129	0.061822	0.060156	
0.001630	9	40	43	60	62	97	129	196	215	225	0.055752	0.082097	0.067334	0.154462	0.229154	0.054551	0.143033	0.091023	0.061632	0.060961	
0.001622	9	40	43	60	62	97	129	196	215	225	0.055213	0.081857	0.067052	0.155153	0.228555	0.054498	0.143547	0.090917	0.061443	0.061766	
0.001614	9	40	43	60	62	97	129	196	215	225	0.054674	0.081617	0.066769	0.155844	0.227955	0.054444	0.144061	0.090810	0.061253	0.062571	
0.001606	9	40	43	60	62	97	129	196	215	225	0.054136	0.081378	0.066487	0.156535	0.227356	0.054391	0.144574	0.090704	0.061064	0.063376	
0.001599	9	40	43	60	62	97	129	196	215	225	0.053597	0.081138	0.066204	0.157225	0.226757	0.054337	0.145088	0.090598	0.060874	0.064181	
0.001591	9	40	43	60	62	97	129	196	215	225	0.053058	0.080898	0.065922	0.157916	0.226158	0.054284	0.145602	0.090492	0.060685	0.064986	
0.001583	9	40	43	60	62	97	129	196	215	225	0.052520	0.080658	0.065639	0.158607	0.225559	0.054230	0.146115	0.090385	0.060496	0.065791	
0.001575	9	40	43	60	62	97	129	196	215	225	0.051981	0.080418	0.065356	0.159298	0.224959	0.054177	0.146629	0.090279	0.060306	0.066596	
0.001567	9	40	43	60	62	97	129	196	215	225	0.051442	0.080179	0.065074	0.159989	0.224360	0.054123	0.147143	0.090173	0.060117	0.067401	
0.001560	9	40	43	60	62	97	129	196	215	225	0.050903	0.079939	0.064791	0.160680	0.223761	0.054070	0.147656	0.090067	0.059927	0.068206	
0.001552	9	40	43	60	62	97	129	196	215	225	0.050365	0.079699	0.064509	0.161370	0.223162	0.054016	0.148170	0.089960	0.059738	0.069011	
0.001544	9	40	43	60	62	97	129	196	215	225	0.049826	0.079459	0.064226	0.162061	0.222563	0.053963	0.148684	0.089854	0.059548	0.069816	
0.001536	9	40	43	60	62	97	129	196	215	225	0.049287	0.079219	0.063944	0.162752	0.221963	0.053909	0.149197	0.089748	0.059359	0.070621	
0.001528	9	40	43	60	62	97	129	196	215	225	0.048749	0.078980	0.063661	0.163443	0.221364	0.053856	0.149711	0.089642	0.059169	0.071426	
0.001521	9	40	43	60	62	97	129	196	215	225	0.048210	0.078740	0.063378	0.164134	0.220765	0.053802	0.150225	0.089535	0.058980	0.072231	
0.001513	9	40	43	60	62	97	129	196	215	225	0.047671	0.078500	0.063096	0.164824	0.220166	0.053749	0.150738	0.089429	0.058790	0.073036	
0.001505	9	40	43	60	62	97	129	196	215	225	0.047133	0.078260	0.062813	0.165515	0.219567	0.053695	0.151252	0.089323	0.058601	0.073841	
0.001497	9	40	43	60	62	97	129	196	215	225	0.046594	0.078020	0.062531	0.166206	0.218967	0.053642	0.151766	0.089217	0.058411	0.074646	
0.001489	9	40	43	60	62	97	129	196	215	225	0.046055	0.077781	0.062248	0.166897	0.218368	0.053588	0.152279	0.089110	0.058222	0.075451	
0.001482	9	40	43	60	62	97	129	196	215	225	0.045517	0.077541	0.061966	0.167588	0.217769	0.053535	0.152793	0.089004	0.058032	0.076256	
0.001474	9	40	43	60	62	97	129	196	215	225	0.044978	0.077301	0.061683	0.168278	0.217170	0.053481	0.153307	0.088898	0.057843	0.077061	
0.001466	9	40	43	60	62	97	129	196	215	225	0.044439	0.077061	0.061400	0.168969	0.216571	0.053428	0.153820	0.088792	0.057653	0.077866	
0.001458	9	40	43	60	62	97	129	196	215	225	0.043901	0.076821	0.061118	0.169660	0.215971	0.053374	0.154334	0.088685	0.057464	0.078671	
0.001450	9	40	43	60	62	97	129	196	215	225	0.043362	0.076582	0.060835	0.170351	0.215372	0.053321	0.154848	0.088579	0.057274	0.079476	
0.001443	9	40	43	60	62	97	129	196	215	225	0.042823	0.076342	0.060553	0.171042	0.214773	0.053268	0.155361	0.088473	0.057085	0.080281	
0.001435	9	40	43	60	62	97	129	196	215	225	0.042285	0.076102	0.060270	0.171732	0.214174	0.053214	0.155875	0.088367	0.056895	0.081086	
0.001427	9	40	43	60	62	97	129	196	215	225	0.041746	0.075862	0.059988	0.172423	0.213574	0.053161	0.156389	0.088260	0.056706	0.081891	
0.001419	9	40	43	60	62	97	129	196	215	225	0.041207	0.075622	0.059705	0.173114	0.212975	0.053107	0.156902	0.088154	0.056516	0.082696	
0.001411	9	40	43	60	62	97	129	196	215	225	0.040668	0.075383	0.059422	0.173805	0.212376	0.053054	0.157416	0.088048	0.056327	0.083501	
0.001404	9	40	43	60	62	97	129	196	215	225	0.040130	0.075143	0.059140	0.174496	0.211777	0.053000	0.157930	0.087942	0.056137	0.084306	
0.001396	40	43	60	62	97	129	171	196	215	225	0.071893	0.068667	0.173263	0.221161	0.069316	0.105012	0.067099	0.096782	0.057633	0.069175	
0.001388	40	43	60	62	97	129	171	196	215	225	0.071576	0.068251	0.173953	0.220403	0.069066	0.105514	0.067136	0.096581	0.057388	0.070131	
0.001380	40	43	60	62	97	129	171	196	215	225	0.071259	0.067836	0.174643	0.219646	0.068815	0.106017	0.067173	0.096380	0.057143	0.071088	
0.001372	40	43	60	62	97	129	171	196	215	225	0.070942	0.067420	0.175333	0.218889	0.068564	0.106520	0.067209	0.096180	0.056899	0.072044	
0.001365	40	43	60	62	97	129	171	196	215	225	0.070626	0.067005	0.176024	0.218131	0.068313	0.107023	0.067246	0.095979	0.056654	0.073000	
0.001357	40	43	60	62	97	129	171	196	215	225	0.070309	0.066589	0.176714	0.217374	0.068062	0.107526	0.067283	0.095778	0.056409	0.073957	
0.001349	40	43	60	62	97	129	171	196	215	225	0.069992	0.066173	0.177404	0.216617	0.067811	0.108029	0.067319	0.095578	0.056164	0.074913	
0.001341	40	43	60	62	97	98	129	196	215	225	0.079767	0.065876	0.166493	0.223361	0.065815	0.047139	0.152041	0.082674	0.053577	0.063259	
0.001333	40	43	60	62	97	98	129	196	215	225	0.079481	0.065462	0.166976	0.222695	0.065564	0.047866	0.152436	0.082306	0.053262	0.063951	
0.001325	40	43	60	62	97	98	129	196	215	225	0.079196	0.065049	0.167459	0.222030	0.065313	0.048593	0.152831	0.081938	0.052947	0.064644	
0.001318	40	43	60	62	97	98	129	196	215	225	0.078910	0.064636	0.167941	0.221365	0.065062	0.049320	0.153226	0.081570	0.052632	0.065337	
0.001310	40	43	60	62	97	98	129	196	215	225	0.078625	0.064222	0.168424	0.220700	0.064811	0.050047	0.153622	0.081202	0.052316	0.066030	
0.001302	40	43	60	62	97	98	129	196	215	225	0.078340	0.063809	0.168907	0.220035	0.064560	0.050775	0.154017	0.080835	0.052001	0.066723	
0.001294	40	43	60	62	97	98	129	196	215	225	0.078054	0.063396	0.169390	0.219369	0.064309	0.051502	0.154412	0.080467	0.051686	0.067416	
0.001286	40	43	60	62	97	98	129	196	215	225	0.077769	0.062982	0.169872	0.218704	0.064058	0.052229	0.154807	0.080099	0.051371	0.068109	
0.001279	40	43	60	62	97	98	129	196	215	225	0.077483	0.062569	0.170355	0.218039	0.063807	0.052956	0.155202	0.079731	0.051056	0.068801	
0.001271	40	43	60	62	97	98	129	196	215	225	0.077198	0.062156	0.170838	0.217374	0.063556	0.053683	0.155598	0.079363	0.050741	0.069494	
0.001263	40	43	60	62	97	98	129	196	215	225	0.076912	0.061742	0.171321	0.216709	0.063305	0.054411	0.155993	0.078995	0.050426	0.070187	
0.001255	40	43	60	62	97	98	129	196	215	225	0.076627	0.061329	0.171803	0.216044	0.063053	0.055138	0.156388	0.078628	0.050110	0.070880	
0.001247	40	43	60	62	97	98	129	196	215	225	0.076341	0.060916	0.172286	0.215378	0.062802	0.055865	0.156783	0.078260	0.049795	0.071573	
0.001240	40	43	60	62	97	98	129	196	215	225	0.076056	0.060503	0.172769	0.214713	0.062551	0.056592	0.157178	0.077892	0.049480	0.072266	
0.001232	40	43	60	62	97	98	129	196	215	225	0.075771	0.060089	0.173251	0.214048	0.062300	0.057319	0.157574	0.077524	0.049165	0.072959	
0.001224	40	43	60	62	97	98	129	196	215	225	0.075485	0.059676	0.173734	0.213383	0.062049	0.058046	0.157969	0.077156	0.048850	0.073651	
0.001216	40	43	60	62	97	98	129	196	215	225	0.075200	0.059263	0.174217	0.212718	0.061798	0.058774	0.158364	0.076789	0.048535	0.074344	
0.001208	40	43	60	62	97	98	129	196	215	225	0.074914	0.058849	0.174700	0.212053	0.061547	0.059501	0.158759	0.076421	0.048219	0.075037	
0.001201	40	43	60	62	97	98	129	196	215	225	0.074629	0.058436	0.175182	0.211387	0.061296	0.060228	0.159154	0.076053	0.047904	0.075730	
0.001193	40	43	60	62	97	98	129	196	215	225	0.074343	0.058023	0.175665	0.210722	0.061045	0.060955	0.159549	0.075685	0.047589	0.076423	
0.001185	40	43	60	62	97	98	129	196	215	225	0.074058	0.057609	0.176148	0.210057	0.060794	0.061682	0.159945	0.075317	0.047274	0.077116	
0.001177	40	43	60	62	97	98	129	196	215	225	0.073772	0.057196	0.176631	0.209392	0.060543	0.062410	0.160340	0.074950	0.046959	0.077808	
0.001169	40	43	60	62	97	98	129	196	215	225	0.073487	0.056783	0.177113	0.208727	0.060291	0.063137	0.160735	0.074582	0.046644	0.078501	
0.001162	40	43	60	62	97	98	129	196	215	225	0.073202	0.056369	0.177596	0.208062	0.060040	0.063864	0.161130	0.074214	0.046329	0.079194	
0.001154	40	43	60	62	97	98	129	196	215	225	0.072916	0.055956	0.178079	0.207396	0.059789	0.064591	0.161525	0.073846	0.046013	0.079887	
0.001146	40	43	60	62	97	98	129	196	215	225	0.072631	0.055543	0.178562	0.206731	0.059538	0.065318	0.161921	0.073478	0.045698	0.080580	
0.001138	40	43	60	62	97	98	129	196	215	225	0.072345	0.055129	0.179044	0.206066	0.059287	0.066046	0.162316	0.073110	0.045383	0.081273	
0.001130	40	43	60	62	97	98	129	196	215	225	0.072060	0.054716	0.179527	0.205401	0.059036	0.066773	0.162711	0.072743	0.045068	0.081966	
0.001123	40	43	60	62	97	98	129	196	215	225	0.071774	0.054303	0.180010	0.204736	0.058785	0.067500	0.163106	0.072375	0.044753	0.082658	
0.001115	40	43	60	62	97	98	129	171	196	225	0.078534	0.058842	0.178747	0.215080	0.064477	0.068849	0.112909	0.063588	0.079710	0.079264	
0.001107	40	43	60	62	97	98	129	171	196	225	0.078146	0.058392	0.179238	0.214322	0.064193	0.069550	0.113367	0.063524	0.079302	0.079967	
0.001099	40	43	60	62	97	98	129	171	196	225	0.077758	0.057943	0.179728	0.213564	0.063909	0.070250	0.113824	0.063460	0.078894	0.080670	
0.001091	40	43	60	62	97	98	129	171	196	225	0.077369	0.057493	0.180218	0.212805	0.063625	0.070951	0.114282	0.063396	0.078486	0.081373	
0.001084	40	43	60	62	97	98	129	171	196	225	0.076981	0.057044	0.180709	0.212047	0.063341	0.071652	0.114740	0.063332	0.078079	0.082076	
0.001076	40	43	60	62	97	98	129	171	196	225	0.076593	0.056594	0.181199	0.211289	0.063057	0.072353	0.115198	0.063268	0.077671	0.082779	
0.001068	40	43	60	62	97	98	129	171	196	225	0.076205	0.056144	0.181690	0.210530	0.062773	0.073054	0.115655	0.063204	0.077263	0.083482	
0.001060	40	43	60	62	97	98	129	171	196	225	0.075817	0.055695	0.182180	0.209772	0.062489	0.073755	0.116113	0.063139	0.076855	0.084185	
0.001052	40	43	60	62	97	98	129	171	196	225	0.075429	0.055245	0.182670	0.209014	0.062205	0.074456	0.116571	0.063075	0.076447	0.084888	
0.001044	40	43	60	62	97	98	129	171	196	225	0.075041	0.054795	0.183161	0.208255	0.061921	0.075157	0.117029	0.063011	0.076039	0.085591	
0.001037	40	43	60	62	97	98	129	171	196	225	0.074652	0.054346	0.183651	0.207497	0.061637	0.075858	0.117486	0.062947	0.075631	0.086294	
0.001029	40	43	60	62	97	98	129	171	196	225	0.074264	0.053896	0.184141	0.206739	0.061353	0.076559	0.117944	0.062883	0.075223	0.086997	
0.001021	40	43	60	62	97	98	129	171	196	225	0.073876	0.053447	0.184632	0.205980	0.061069	0.077260	0.118402	0.062819	0.074815	0.087701	
0.001013	40	43	60	62	97	98	129	171	196	225	0.073488	0.052997	0.185122	0.205222	0.060785	0.077961	0.118860	0.062755	0.074407	0.088404	
0.001005	40	43	60	62	97	98	129	171	196	225	0.073100	0.052547	0.185612	0.204464	0.060501	0.078662	0.119317	0.062691	0.073999	0.089107	
0.000998	40	43	60	62	97	98	129	171	196	225	0.072712	0.052098	0.186103	0.203705	0.060216	0.079363	0.119775	0.062627	0.073592	0.089810	
0.000990	40	43	60	62	97	98	129	171	196	225	0.072324	0.051648	0.186593	0.202947	0.059932	0.080063	0.120233	0.062563	0.073184	0.090513	
0.000982	40	43	60	62	97	98	129	171	196	225	0.071935	0.051199	0.187084	0.202189	0.059648	0.080764	0.120691	0.062499	0.072776	0.091216	
0.000974	40	43	60	62	97	98	129	171	196	225	0.071547	0.050749	0.187574	0.201430	0.059364	0.081465	0.121148	0.062435	0.072368	0.091919	
0.000966	40	43	60	62	97	98	129	171	196	225	0.071159	0.050299	0.188064	0.200672	0.059080	0.082166	0.121606	0.062371	0.071960	0.092622	
0.000959	40	43	60	62	97	98	129	171	196	225	0.070771	0.049850	0.188555	0.199914	0.058796	0.082867	0.122064	0.062306	0.071552	0.093325	
0.000951	40	43	60	62	97	98	129	171	196	225	0.070383	0.049400	0.189045	0.199155	0.058512	0.083568	0.122522	0.062242	0.071144	0.094028	
0.000943	40	43	60	62	97	98	129	171	196	225	0.069995	0.048951	0.189535	0.198397	0.058228	0.084269	0.122980	0.062178	0.070736	0.094731	
0.000935	40	43	60	62	97	98	129	171	196	225	0.069607	0.048501	0.190026	0.197639	0.057944	0.084970	0.123437	0.062114	0.070328	0.095434	
0.000927	40	43	60	62	97	98	129	171	196	225	0.069219	0.048051	0.190516	0.196880	0.057660	0.085671	0.123895	0.062050	0.069920	0.096137	
0.000920	40	43	60	62	97	98	129	171	196	225	0.068830	0.047602	0.191006	0.196122	0.057376	0.086372	0.124353	0.061986	0.069513	0.096840	
0.000912	40	43	60	62	97	98	129	171	196	225	0.068442	0.047152	0.191497	0.195364	0.057092	0.087073	0.124811	0.061922	0.069105	0.097543	
0.000904	40	43	60	62	97	98	129	171	196	225	0.068054	0.046703	0.191987	0.194605	0.056808	0.087774	0.125268	0.061858	0.068697	0.098246	
0.000896	40	43	60	62	97	98	129	171	196	225	0.067666	0.046253	0.192478	0.193847	0.056524	0.088475	0.125726	0.061794	0.068289	0.098949	
0.000888	40	43	60	62	97	98	129	171	196	225	0.067278	0.045803	0.192968	0.193089	0.056240	0.089176	0.126184	0.061730	0.067881	0.099652	
0.000881	40	43	60	62	97	98	129	171	196	225	0.066890	0.045354	0.193458	0.192330	0.055956	0.089877	0.126642	0.061666	0.067473	0.100356	
0.000873	40	43	60	62	97	98	129	171	196	225	0.066502	0.044904	0.193949	0.191572	0.055672	0.090577	0.127099	0.061602	0.067065	0.101059	
0.000865	40	43	60	62	97	98	129	171	196	225	0.066113	0.044455	0.194439	0.190814	0.055388	0.091278	0.127557	0.061538	0.066657	0.101762	
0.000857	40	43	60	62	97	98	129	171	196	225	0.065725	0.044005	0.194929	0.190055	0.055103	0.091979	0.128015	0.061474	0.066249	0.102465	
0.000849	40	43	60	62	97	98	129	171	196	225	0.065337	0.043555	0.195420	0.189297	0.054819	0.092680	0.128473	0.061409	0.065841	0.103168	
0.000842	40	43	60	62	97	98	129	171	196	225	0.064949	0.043106	0.195910	0.188539	0.054535	0.093381	0.128930	0.061345	0.065433	0.103871	
0.000834	40	43	60	62	97	98	129	171	196	225	0.064561	0.042656	0.196400	0.187780	0.054251	0.094082	0.129388	0.061281	0.065026	0.104574	
0.000826	40	43	60	62	97	98	129	171	196	225	0.064173	0.042207	0.196891	0.187022	0.053967	0.094783	0.129846	0.061217	0.064618	0.105277	
0.000818	11	40	43	60	62	97	98	129	171	225	0.061622	0.081725	0.048278	0.181878	0.195334	0.062701	0.082851	0.120700	0.062960	0.101952	
0.000810	11	40	43	60	62	97	98	129	171	225	0.061927	0.081336	0.047755	0.182296	0.194500	0.062355	0.083314	0.121033	0.062962	0.102522	
0.000803	11	40	43	60	62	97	98	129	171	225	0.062232	0.080948	0.047231	0.182715	0.193667	0.062009	0.083777	0.121365	0.062963	0.103092	
0.000795	11	40	43	60	62	97	98	129	171	225	0.062537	0.080560	0.046708	0.183134	0.192834	0.061663	0.084241	0.121698	0.062965	0.103662	
0.000787	11	40	43	60	62	97	98	129	171	225	0.062842	0.080171	0.046185	0.183553	0.192001	0.061317	0.084704	0.122030	0.062966	0.104232	
0.000779	11	40	43	60	62	97	98	129	171	225	0.063146	0.079783	0.045661	0.183971	0.191168	0.060971	0.085167	0.122363	0.062968	0.104801	
0.000771	11	40	43	60	62	97	98	129	171	225	0.063451	0.079394	0.045138	0.184390	0.190334	0.060625	0.085630	0.122695	0.062970	0.105371	
0.000764	11	40	43	60	62	97	98	129	171	225	0.063756	0.079006	0.044615	0.184809	0.189501	0.060280	0.086094	0.123028	0.062971	0.105941	
0.000756	11	40	43	60	62	97	98	129	171	225	0.064061	0.078617	0.044091	0.185228	0.188668	0.059934	0.086557	0.123360	0.062973	0.106511	
0.000748	11	40	43	60	62	97	98	129	171	225	0.064366	0.078229	0.043568	0.185646	0.187835	0.059588	0.087020	0.123693	0.062974	0.107081	
0.000740	11	40	43	60	62	97	98	105	129	225	0.050381	0.088804	0.045065	0.177992	0.190883	0.059417	0.079770	0.042586	0.166586	0.098515	
0.000732	11	40	43	60	62	97	98	105	129	225	0.050565	0.088450	0.044564	0.178308	0.190068	0.059093	0.080103	0.043045	0.166854	0.098950	
0.000724	11	40	43	60	62	97	98	105	129	225	0.050748	0.088096	0.044062	0.178623	0.189254	0.058768	0.080436	0.043505	0.167122	0.099385	
0.000717	11	40	43	60	62	97	98	105	129	225	0.050932	0.087743	0.043561	0.178938	0.188440	0.058444	0.080769	0.043965	0.167389	0.099820	
0.000709	11	40	43	60	62	97	98	105	129	225	0.051115	0.087389	0.043060	0.179253	0.187625	0.058119	0.081102	0.044424	0.167657	0.100255	
0.000701	11	40	43	60	62	97	98	105	129	225	0.051299	0.087035	0.042558	0.179568	0.186811	0.057795	0.081435	0.044884	0.167925	0.100690	
0.000693	11	40	43	60	62	97	98	105	129	225	0.051482	0.086681	0.042057	0.179883	0.185997	0.057471	0.081768	0.045344	0.168193	0.101125	
0.000685	11	40	43	60	62	97	98	105	129	225	0.051665	0.086327	0.041556	0.180198	0.185182	0.057146	0.082101	0.045804	0.168461	0.101560	
0.000678	11	40	43	60	62	97	98	105	129	225	0.051849	0.085974	0.041054	0.180513	0.184368	0.056822	0.082434	0.046263	0.168729	0.101995	
0.000670	11	40	43	60	62	97	98	105	129	225	0.052032	0.085620	0.040553	0.180828	0.183554	0.056497	0.082767	0.046723	0.168996	0.102430	
0.000662	11	40	43	60	62	97	98	105	129	225	0.052216	0.085266	0.040052	0.181143	0.182739	0.056173	0.083099	0.047183	0.169264	0.102865	
0.000654	11	40	43	60	62	97	98	105	129	225	0.052399	0.084912	0.039550	0.181458	0.181925	0.055848	0.083432	0.047643	0.169532	0.103300	
0.000646	11	40	43	60	62	97	98	105	129	225	0.052583	0.084558	0.039049	0.181773	0.181111	0.055524	0.083765	0.048102	0.169800	0.103735	
0.000639	11	40	43	60	62	97	98	105	129	225	0.052766	0.084205	0.038547	0.182088	0.180296	0.055200	0.084098	0.048562	0.170068	0.104170	
0.000631	11	40	43	60	62	97	98	105	129	225	0.052949	0.083851	0.038046	0.182404	0.179482	0.054875	0.084431	0.049022	0.170336	0.104605	
0.000623	11	40	60	62	97	98	105	129	171	225	0.058951	0.096846	0.181430	0.189639	0.063527	0.082737	0.045729	0.119818	0.060055	0.101269	
0.000615	11	40	60	62	97	98	105	129	171	225	0.059100	0.096217	0.181748	0.188650	0.063104	0.083049	0.046217	0.120170	0.060026	0.101719	
0.000607	11	40	60	62	97	98	105	129	171	225	0.059249	0.095587	0.182066	0.187662	0.062681	0.083362	0.046705	0.120522	0.059996	0.102169	
0.000600	11	40	60	62	97	98	105	129	171	225	0.059398	0.094958	0.182385	0.186674	0.062258	0.083675	0.047192	0.120874	0.059967	0.102620	
0.000592	11	40	60	62	97	98	105	129	171	225	0.059546	0.094328	0.182703	0.185686	0.061834	0.083987	0.047680	0.121227	0.059938	0.103070	
0.000584	11	40	60	62	97	98	105	129	171	225	0.059695	0.093698	0.183022	0.184698	0.061411	0.084300	0.048168	0.121579	0.059908	0.103521	
0.000576	11	40	60	62	97	98	105	129	171	225	0.059844	0.093069	0.183340	0.183709	0.060988	0.084613	0.048655	0.121931	0.059879	0.103971	
0.000568	11	40	60	62	97	98	105	129	171	225	0.059993	0.092439	0.183659	0.182721	0.060565	0.084925	0.049143	0.122283	0.059850	0.104422	
0.000561	11	40	60	62	97	98	105	129	171	225	0.060142	0.091810	0.183977	0.181733	0.060142	0.085238	0.049631	0.122636	0.059820	0.104872	
0.000553	11	40	60	62	97	98	105	129	171	225	0.060291	0.091180	0.184296	0.180745	0.059718	0.085550	0.050118	0.122988	0.059791	0.105322	
0.000545	11	40	60	62	97	98	105	129	171	225	0.060440	0.090550	0.184614	0.179756	0.059295	0.085863	0.050606	0.123340	0.059762	0.105773	
0.000537	11	40	60	62	97	98	105	129	171	225	0.060589	0.089921	0.184933	0.178768	0.058872	0.086176	0.051094	0.123692	0.059732	0.106223	
0.000529	11	40	60	62	97	98	105	129	171	225	0.060738	0.089291	0.185251	0.177780	0.058449	0.086488	0.051581	0.124045	0.059703	0.106674	
0.000522	11	40	60	62	97	98	105	129	171	225	0.060887	0.088662	0.185570	0.176792	0.058025	0.086801	0.052069	0.124397	0.059674	0.107124	
0.000514	11	40	60	62	97	98	105	129	171	225	0.061036	0.088032	0.185888	0.175803	0.057602	0.087113	0.052557	0.124749	0.059644	0.107574	
0.000506	11	40	60	62	97	98	105	129	171	225	0.061185	0.087402	0.186207	0.174815	0.057179	0.087426	0.053045	0.125102	0.059615	0.108025	
0.000498	11	40	60	62	97	98	105	129	171	225	0.061334	0.086773	0.186525	0.173827	0.056756	0.087739	0.053532	0.125454	0.059585	0.108475	
0.000490	11	40	60	62	97	98	105	129	171	225	0.061483	0.086143	0.186844	0.172839	0.056333	0.088051	0.054020	0.125806	0.059556	0.108926	
0.000483	11	40	60	62	97	98	105	129	171	225	0.061632	0.085514	0.187162	0.171850	0.055909	0.088364	0.054508	0.126158	0.059527	0.109376	
0.000475	11	40	60	62	97	98	105	129	171	225	0.061781	0.084884	0.187481	0.170862	0.055486	0.088676	0.054995	0.126511	0.059497	0.109826	
0.000467	11	40	60	62	97	98	105	129	171	225	0.061930	0.084254	0.187799	0.169874	0.055063	0.088989	0.055483	0.126863	0.059468	0.110277	
0.000459	11	40	60	62	97	98	105	129	171	225	0.062079	0.083625	0.188118	0.168886	0.054640	0.089302	0.055971	0.127215	0.059439	0.110727	
0.000451	11	40	60	62	97	98	105	129	171	225	0.062228	0.082995	0.188436	0.167897	0.054216	0.089614	0.056458	0.127567	0.059409	0.111178	
0.000444	11	40	60	62	97	98	105	129	171	225	0.062377	0.082366	0.188755	0.166909	0.053793	0.089927	0.056946	0.127920	0.059380	0.111628	
0.000436	11	40	60	62	97	98	105	129	171	225	0.062525	0.081736	0.189073	0.165921	0.053370	0.090240	0.057434	0.128272	0.059351	0.112078	
0.000428	11	40	60	62	97	98	105	129	171	225	0.062674	0.081107	0.189392	0.164933	0.052947	0.090552	0.057922	0.128624	0.059321	0.112529	
0.000420	11	40	60	62	97	98	105	129	171	225	0.062823	0.080477	0.189710	0.163944	0.052524	0.090865	0.058409	0.128976	0.059292	0.112979	
0.000412	11	40	60	62	97	98	105	129	171	225	0.062972	0.079847	0.190029	0.162956	0.052100	0.091177	0.058897	0.129329	0.059263	0.113430	
0.000404	11	40	60	62	97	98	105	129	171	225	0.063121	0.079218	0.190347	0.161968	0.051677	0.091490	0.059385	0.129681	0.059233	0.113880	
0.000397	11	40	60	62	97	98	105	129	171	225	0.063270	0.078588	0.190666	0.160980	0.051254	0.091803	0.059872	0.130033	0.059204	0.114330	
0.000389	11	40	60	62	97	98	105	129	171	225	0.063419	0.077958	0.190984	0.159991	0.050831	0.092115	0.060360	0.130385	0.059174	0.114781	
0.000381	11	40	60	62	97	98	105	129	171	225	0.063568	0.077329	0.191303	0.159003	0.050407	0.092428	0.060848	0.130738	0.059145	0.115231	
0.000373	11	40	60	62	97	98	105	129	171	225	0.063717	0.076699	0.191621	0.158015	0.049984	0.092740	0.061335	0.131090	0.059116	0.115682	
0.000365	11	40	60	62	97	98	105	129	171	225	0.063866	0.076070	0.191940	0.157027	0.049561	0.093053	0.061823	0.131442	0.059086	0.116132	
0.000358	11	40	60	62	97	98	105	129	171	225	0.064015	0.075440	0.192258	0.156038	0.049138	0.093366	0.062311	0.131795	0.059057	0.116582	
0.000350	11	40	60	62	97	98	105	129	171	225	0.064164	0.074810	0.192577	0.155050	0.048715	0.093678	0.062799	0.132147	0.059028	0.117033	
0.000342	11	40	60	62	97	98	105	129	171	225	0.064313	0.074181	0.192895	0.154062	0.048291	0.093991	0.063286	0.132499	0.058998	0.117483	
0.000334	11	40	60	62	97	98	105	129	171	225	0.064462	0.073551	0.193214	0.153074	0.047868	0.094304	0.063774	0.132851	0.058969	0.117934	
0.000326	11	40	60	62	97	98	105	129	171	225	0.064611	0.072922	0.193532	0.152085	0.047445	0.094616	0.064262	0.133204	0.058940	0.118384	
0.000319	11	40	60	62	97	98	105	129	171	225	0.064760	0.072292	0.193851	0.151097	0.047022	0.094929	0.064749	0.133556	0.058910	0.118834	
0.000311	11	40	60	62	97	98	105	129	171	225	0.064909	0.071662	0.194169	0.150109	0.046598	0.095241	0.065237	0.133908	0.058881	0.119285	
0.000303	11	40	60	62	97	98	105	129	171	225	0.065058	0.071033	0.194488	0.149121	0.046175	0.095554	0.065725	0.134260	0.058852	0.119735	
0.000295	11	40	60	62	97	98	105	129	171	225	0.065207	0.070403	0.194806	0.148132	0.045752	0.095867	0.066213	0.134613	0.058822	0.120186	
0.000287	11	40	60	62	97	98	105	129	171	225	0.065356	0.069774	0.195125	0.147144	0.045329	0.096179	0.066700	0.134965	0.058793	0.120636	
0.000280	11	40	60	62	97	98	105	129	171	225	0.065505	0.069144	0.195443	0.146156	0.044905	0.096492	0.067188	0.135317	0.058764	0.121087	
0.000272	11	40	60	62	97	98	105	129	171	225	0.065653	0.068514	0.195762	0.145168	0.044482	0.096804	0.067676	0.135669	0.058734	0.121537	
0.000264	11	40	60	62	97	98	105	129	171	225	0.065802	0.067885	0.196080	0.144179	0.044059	0.097117	0.068163	0.136022	0.058705	0.121987	
0.000256	11	40	60	62	97	98	105	129	171	225	0.065951	0.067255	0.196398	0.143191	0.043636	0.097430	0.068651	0.136374	0.058675	0.122438	
0.000248	11	40	60	62	97	98	105	129	171	225	0.066100	0.066626	0.196717	0.142203	0.043213	0.097742	0.069139	0.136726	0.058646	0.122888	
0.000241	11	40	60	62	97	98	105	129	171	225	0.066249	0.065996	0.197035	0.141215	0.042789	0.098055	0.069627	0.137079	0.058617	0.123339	
0.000233	11	40	60	62	97	98	105	129	171	225	0.066398	0.065366	0.197354	0.140226	0.042366	0.098367	0.070114	0.137431	0.058587	0.123789	
0.000225	11	40	60	62	97	98	105	129	171	225	0.066547	0.064737	0.197672	0.139238	0.041943	0.098680	0.070602	0.137783	0.058558	0.124239	
0.000217	11	40	60	62	97	98	105	129	171	225	0.066696	0.064107	0.197991	0.138250	0.041520	0.098993	0.071090	0.138135	0.058529	0.124690	
0.000209	11	40	60	62	97	98	105	129	171	225	0.066845	0.063478	0.198309	0.137262	0.041097	0.099305	0.071577	0.138488	0.058499	0.125140	
0.000202	11	40	60	62	97	98	105	129	171	225	0.066994	0.062848	0.198628	0.136273	0.040673	0.099618	0.072065	0.138840	0.058470	0.125591	
0.000194	11	40	60	62	97	98	105	129	171	225	0.067143	0.062218	0.198946	0.135285	0.040250	0.099931	0.072553	0.139192	0.058441	0.126041	
0.000186	11	40	60	62	97	98	105	129	171	225	0.067292	0.061589	0.199265	0.134297	0.039827	0.100243	0.073040	0.139544	0.058411	0.126491	
0.000178	11	40	60	62	97	98	105	129	171	225	0.067441	0.060959	0.199583	0.133309	0.039404	0.100556	0.073528	0.139897	0.058382	0.126942	
0.000170	11	40	60	62	97	98	105	129	171	225	0.067590	0.060330	0.199902	0.132320	0.038980	0.100868	0.074016	0.140249	0.058353	0.127392	
0.000163	11	40	60	62	97	98	105	129	171	225	0.067739	0.059700	0.200220	0.131332	0.038557	0.101181	0.074504	0.140601	0.058323	0.127843	
0.000155	11	40	60	62	97	98	105	129	171	225	0.067888	0.059070	0.200539	0.130344	0.038134	0.101494	0.074991	0.140953	0.058294	0.128293	
0.000147	11	40	60	62	97	98	105	129	171	225	0.068037	0.058441	0.200857	0.129356	0.037711	0.101806	0.075479	0.141306	0.058265	0.128743	
0.000139	11	40	60	62	97	98	105	129	171	225	0.068186	0.057811	0.201176	0.128367	0.037288	0.102119	0.075967	0.141658	0.058235	0.129194	
0.000131	11	40	60	62	97	98	105	129	171	225	0.068335	0.057182	0.201494	0.127379	0.036864	0.102431	0.076454	0.142010	0.058206	0.129644	
0.000124	11	40	60	62	97	98	105	129	171	225	0.068484	0.056552	0.201813	0.126391	0.036441	0.102744	0.076942	0.142363	0.058176	0.130095	
0.000116	11	40	60	62	97	98	105	129	171	225	0.068633	0.055922	0.202131	0.125402	0.036018	0.103057	0.077430	0.142715	0.058147	0.130545	
0.000108	11	40	60	62	97	98	105	129	171	225	0.068781	0.055293	0.202450	0.124414	0.035595	0.103369	0.077918	0.143067	0.058118	0.130996	
0.000100	11	40	60	62	97	98	105	129	171	225	0.068930	0.054663	0.202768	0.123426	0.035172	0.103682	0.078405	0.143419	0.058088	0.131446	
0.000092	11	40	60	62	97	98	105	129	171	225	0.069079	0.054034	0.203087	0.122438	0.034748	0.103994	0.078893	0.143772	0.058059	0.131896	
0.000084	11	40	60	62	97	98	105	129	171	225	0.069228	0.053404	0.203405	0.121450	0.034325	0.104307	0.079381	0.144124	0.058030	0.132347	
0.000077	11	40	60	62	97	98	105	129	171	225	0.069377	0.052774	0.203724	0.120461	0.033902	0.104620	0.079868	0.144476	0.058000	0.132797	
