0.010865	5					1.000000	
0.010849						
0.010833						
0.010816	5	9				0.987066	0.012934	
0.010800	5	9				0.982755	0.017245	
0.010784	5	9				0.978444	0.021556	
0.010768	5	9				0.974133	0.025867	
0.010752	5	9				0.969821	0.030179	
0.010736	5	9				0.965510	0.034490	
0.010719	5	9				0.961199	0.038801	
0.010703	5	9				0.956888	0.043112	
0.010687	5	9				0.952576	0.047424	
0.010671	5	9				0.948265	0.051735	
0.010655	5	9				0.943954	0.056046	
0.010639	5	9				0.939643	0.060357	
0.010622	5	9				0.935331	0.064669	
0.010606	5	9				0.931020	0.068980	
0.010590	5	9				0.926709	0.073291	
0.010574	5	9				0.922398	0.077602	
0.010558	5	9				0.918087	0.081913	
0.010542	5	9				0.913775	0.086225	
0.010525	5	9				0.909464	0.090536	
0.010509	5	9				0.905153	0.094847	
0.010493	5	9				0.900842	0.099158	
0.010477	5	9				0.896530	0.103470	
0.010461	5	9				0.892219	0.107781	
0.010445	5	9				0.887908	0.112092	
0.010428	5	9				0.883597	0.116403	
0.010412	5	9				0.879285	0.120715	
0.010396	5	9				0.874974	0.125026	
0.010380	5	9				0.870663	0.129337	
0.010364	5	9				0.866352	0.133648	
0.010348	5	9				0.862041	0.137959	
0.010331	5	9				0.857729	0.142271	
0.010315	5	9				0.853418	0.146582	
0.010299	5	9				0.849107	0.150893	
0.010283	5	9				0.844795	0.155205	
0.010267	5	9				0.840485	0.159515	
0.010251	5	9				0.836173	0.163827	
0.010234	5	9				0.831862	0.168138	
0.010218	5	9				0.827551	0.172449	
0.010202	5	9				0.823239	0.176761	
0.010186	5	9				0.818928	0.181072	
0.010170	5	9				0.814617	0.185383	
0.010154	5	9				0.810306	0.189694	
0.010137	5	9				0.805994	0.194006	
0.010121	5	9				0.801683	0.198317	
0.010105	5	9				0.797372	0.202628	
0.010089	5	9				0.793061	0.206939	
0.010073	5	9				0.788750	0.211250	
0.010057	5	9				0.784438	0.215562	
0.010040	5	9				0.780125	0.219875	
0.010024	5	9				0.775813	0.224187	
0.010008	5	9	29			0.775721	0.212089	0.012191	
0.009992	5	9	29			0.772601	0.211763	0.015636	
0.009976	5	9	29			0.769481	0.211437	0.019082	
0.009960	5	9	29			0.766362	0.211111	0.022527	
0.009943	5	9	29			0.763242	0.210785	0.025973	
0.009927	5	9	29			0.760122	0.210460	0.029418	
0.009911	5	9	29			0.757003	0.210134	0.032864	
0.009895	5	9	29			0.753883	0.209808	0.036309	
0.009879	5	9	29			0.750763	0.209482	0.039755	
0.009863	5	9	29			0.747644	0.209156	0.043200	
0.009846	5	9	29			0.744524	0.208831	0.046645	
0.009830	5	9	29			0.741404	0.208505	0.050091	
0.009814	5	9	29			0.738285	0.208179	0.053536	
0.009798	5	9	29			0.735165	0.207853	0.056982	
0.009782	5	9	29			0.732045	0.207527	0.060427	
0.009766	5	9	29			0.728926	0.207202	0.063873	
0.009749	5	9	29			0.725806	0.206876	0.067318	
0.009733	5	9	29			0.722686	0.206550	0.070764	
0.009717	5	9	29			0.719567	0.206224	0.074209	
0.009701	5	9	29			0.716447	0.205898	0.077655	
0.009685	5	9	29			0.713327	0.205573	0.081100	
0.009669	5	9	29			0.710208	0.205247	0.084545	
0.009652	5	9	29			0.707088	0.204921	0.087991	
0.009636	5	9	29			0.703968	0.204595	0.091436	
0.009620	5	9	29			0.700849	0.204269	0.094882	
0.009604	5	9	29			0.697729	0.203944	0.098327	
0.009588	5	9	29			0.694609	0.203618	0.101773	
0.009572	5	9	29			0.691490	0.203292	0.105218	
0.009555	5	9	29			0.688370	0.202966	0.108664	
0.009539	5	9	29			0.685251	0.202640	0.112109	
0.009523	5	9	29			0.682131	0.202315	0.115555	
0.009507	5	9	29			0.679011	0.201989	0.119000	
0.009491	5	9	29			0.675892	0.201663	0.122445	
0.009474	5	9	29			0.672772	0.201337	0.125891	
0.009458	5	9	29			0.669652	0.201011	0.129336	
0.009442	5	9	29			0.666533	0.200686	0.132782	
0.009426	5	9	29			0.663413	0.200360	0.136227	
0.009410	5	9	29			0.660293	0.200034	0.139673	
0.009394	5	9	29			0.657174	0.199708	0.143118	
0.009377	5	9	29			0.654054	0.199382	0.146564	
0.009361	5	9	29			0.650934	0.199057	0.150009	
0.009345	5	9	29			0.647815	0.198731	0.153455	
0.009329	5	9	29			0.644695	0.198405	0.156900	
0.009313	5	9	29			0.641575	0.198079	0.160345	
0.009297	5	9	29			0.638456	0.197753	0.163791	
0.009280	5	9	29			0.635336	0.197428	0.167236	
0.009264	5	9	29			0.632216	0.197102	0.170682	
0.009248	5	9	29			0.629097	0.196776	0.174127	
0.009232	5	9	29			0.625977	0.196450	0.177573	
0.009216	5	9	29			0.622857	0.196124	0.181018	
0.009200	5	9	29			0.619738	0.195799	0.184464	
0.009183	5	9	29			0.616618	0.195473	0.187909	
0.009167	5	9	29			0.613498	0.195147	0.191355	
0.009151	5	9	29			0.610379	0.194821	0.194800	
0.009135	5	9	29			0.607259	0.194495	0.198245	
0.009119	5	9	29			0.604139	0.194170	0.201691	
0.009103	5	9	29			0.601020	0.193844	0.205136	
0.009086	5	9	29			0.597900	0.193518	0.208582	
0.009070	5	9	29			0.594781	0.193192	0.212027	
0.009054	5	9	29			0.591661	0.192866	0.215473	
0.009038	5	9	29			0.588541	0.192541	0.218918	
0.009022	5	9	29			0.585422	0.192215	0.222364	
0.009006	5	9	29			0.582302	0.191889	0.225809	
0.008989	5	9	29			0.579182	0.191563	0.229255	
0.008973	5	9	29			0.576063	0.191237	0.232700	
0.008957	5	9	29			0.572943	0.190912	0.236145	
0.008941	5	9	29			0.569823	0.190586	0.239591	
0.008925	5	9	29			0.566704	0.190260	0.243036	
0.008909	5	9	29			0.563584	0.189934	0.246482	
0.008892	5	9	29			0.560464	0.189608	0.249927	
0.008876	5	9	29			0.557345	0.189283	0.253373	
0.008860	5	9	29			0.554225	0.188957	0.256818	
0.008844	5	9	29			0.551105	0.188631	0.260264	
0.008828	5	9	29			0.547986	0.188305	0.263709	
0.008811	5	9	29			0.544866	0.187979	0.267155	
0.008795	5	9	29			0.541746	0.187654	0.270600	
0.008779	5	9	29			0.538627	0.187328	0.274045	
0.008763	5	9	29			0.535507	0.187002	0.277491	
0.008747	5	9	29			0.532387	0.186676	0.280936	
0.008731	5	9	29			0.529268	0.186350	0.284382	
0.008714	5	9	29			0.526148	0.186025	0.287827	
0.008698	5	9	29			0.523028	0.185699	0.291273	
0.008682	5	9	29			0.519909	0.185373	0.294718	
0.008666	5	9	29			0.516789	0.185047	0.298164	
0.008650	5	9	29			0.513669	0.184721	0.301609	
0.008634	5	9	29			0.510550	0.184396	0.305055	
0.008617	5	9	29			0.507430	0.184070	0.308500	
0.008601	5	9	29			0.504310	0.183744	0.311945	
0.008585	5	9	29			0.501191	0.183418	0.315391	
0.008569	5	9	29			0.498071	0.183092	0.318836	
0.008553	5	9	29			0.494951	0.182767	0.322282	
0.008537	5	9	29			0.491832	0.182441	0.325727	
0.008520	5	9	29			0.488712	0.182115	0.329173	
0.008504	5	9	29			0.485593	0.181789	0.332618	
0.008488	5	9	29			0.482473	0.181463	0.336064	
0.008472	5	9	29			0.479353	0.181138	0.339509	
0.008456	5	9	29			0.476234	0.180812	0.342954	
0.008440	5	9	29			0.473114	0.180486	0.346400	
0.008423	5	9	29			0.469995	0.180160	0.349845	
0.008407	5	9	29			0.466875	0.179835	0.353290	
0.008391	5	9	26	29		0.466012	0.178751	0.010163	0.345074	
0.008375	5	9	26	29		0.463319	0.178282	0.012082	0.346317	
0.008359	5	9	26	29		0.460625	0.177813	0.014001	0.347560	
0.008343	5	9	26	29		0.457932	0.177344	0.015920	0.348804	
0.008326	5	9	26	29		0.455239	0.176875	0.017840	0.350047	
0.008310	5	9	26	29		0.452545	0.176406	0.019759	0.351290	
0.008294	5	9	26	29		0.449852	0.175937	0.021678	0.352533	
0.008278	5	9	26	29		0.447159	0.175468	0.023597	0.353776	
0.008262	5	9	26	29		0.444465	0.174999	0.025516	0.355019	
0.008246	5	9	26	29		0.441772	0.174530	0.027435	0.356262	
0.008229	5	9	26	29		0.439078	0.174061	0.029355	0.357506	
0.008213	5	9	26	29		0.436385	0.173593	0.031274	0.358749	
0.008197	5	9	26	29		0.433692	0.173124	0.033193	0.359992	
0.008181	5	9	26	29		0.430998	0.172655	0.035112	0.361235	
0.008165	5	9	26	29		0.428305	0.172186	0.037031	0.362478	
0.008148	5	9	26	29		0.425611	0.171717	0.038950	0.363721	
0.008132	5	9	26	29		0.422918	0.171248	0.040870	0.364965	
0.008116	5	9	26	29		0.420225	0.170779	0.042789	0.366208	
0.008100	5	9	26	29		0.417531	0.170310	0.044708	0.367451	
0.008084	5	9	26	29		0.414838	0.169841	0.046627	0.368694	
0.008068	5	9	26	29		0.412144	0.169372	0.048546	0.369937	
0.008051	5	9	26	29		0.409451	0.168903	0.050465	0.371180	
0.008035	5	9	26	29		0.406758	0.168434	0.052385	0.372423	
0.008019	5	9	26	29		0.404064	0.167965	0.054304	0.373667	
0.008003	5	9	26	29		0.401371	0.167496	0.056223	0.374910	
0.007987	5	9	26	29		0.398677	0.167028	0.058142	0.376153	
0.007971	5	9	26	29		0.395984	0.166559	0.060061	0.377396	
0.007954	5	9	26	29		0.393291	0.166090	0.061980	0.378639	
0.007938	5	9	26	29		0.390597	0.165621	0.063900	0.379882	
0.007922	5	9	26	29		0.387904	0.165152	0.065819	0.381126	
0.007906	5	9	26	29		0.385210	0.164683	0.067738	0.382369	
0.007890	5	9	26	29		0.382517	0.164214	0.069657	0.383612	
0.007874	5	9	26	29		0.379824	0.163745	0.071576	0.384855	
0.007857	5	9	26	29		0.377130	0.163276	0.073496	0.386098	
0.007841	5	9	26	29		0.374437	0.162807	0.075415	0.387341	
0.007825	5	9	26	29		0.371743	0.162338	0.077334	0.388584	
0.007809	5	9	26	29		0.369050	0.161869	0.079253	0.389828	
0.007793	5	9	26	29		0.366357	0.161400	0.081172	0.391071	
0.007777	5	9	26	29		0.363663	0.160932	0.083091	0.392314	
0.007760	5	9	26	29		0.360970	0.160463	0.085011	0.393557	
0.007744	5	9	26	29		0.358276	0.159994	0.086930	0.394800	
0.007728	5	9	26	29		0.355583	0.159525	0.088849	0.396043	
0.007712	5	9	26	29		0.352890	0.159056	0.090768	0.397286	
0.007696	5	9	26	29		0.350196	0.158587	0.092687	0.398530	
0.007680	5	9	26	29		0.347503	0.158118	0.094606	0.399773	
0.007663	5	9	26	29		0.344810	0.157649	0.096525	0.401016	
0.007647	5	9	26	29		0.342116	0.157180	0.098445	0.402259	
0.007631	5	9	26	29		0.339423	0.156711	0.100364	0.403502	
0.007615	5	9	26	29		0.336729	0.156242	0.102283	0.404745	
0.007599	5	9	26	29		0.334036	0.155773	0.104202	0.405989	
0.007583	5	9	26	29		0.331343	0.155304	0.106121	0.407232	
0.007566	5	9	26	29		0.328649	0.154835	0.108041	0.408475	
0.007550	5	9	26	29		0.325956	0.154367	0.109960	0.409718	
0.007534	5	9	26	29		0.323262	0.153898	0.111879	0.410961	
0.007518	5	9	26	29		0.320569	0.153429	0.113798	0.412204	
0.007502	5	9	26	29		0.317876	0.152960	0.115717	0.413447	
0.007486	5	9	26	29		0.315182	0.152491	0.117636	0.414691	
0.007469	5	9	26	29		0.312489	0.152022	0.119556	0.415934	
0.007453	5	9	26	29		0.309795	0.151553	0.121475	0.417177	
0.007437	5	9	26	29		0.307102	0.151084	0.123394	0.418420	
0.007421	5	9	26	29		0.304409	0.150615	0.125313	0.419663	
0.007405	5	9	26	29		0.301715	0.150146	0.127232	0.420906	
0.007388	5	9	26	29		0.299022	0.149677	0.129151	0.422150	
0.007372	5	9	26	29		0.296328	0.149208	0.131071	0.423393	
0.007356	5	9	26	29		0.293635	0.148739	0.132990	0.424636	
0.007340	5	9	26	29		0.290942	0.148271	0.134909	0.425879	
0.007324	5	9	26	29		0.288248	0.147802	0.136828	0.427122	
0.007308	5	9	26	29		0.285555	0.147333	0.138747	0.428365	
0.007291	5	9	26	29		0.282861	0.146864	0.140666	0.429608	
0.007275	5	9	26	29		0.280168	0.146395	0.142586	0.430852	
0.007259	5	9	26	29		0.277475	0.145926	0.144505	0.432095	
0.007243	5	9	26	29		0.274781	0.145457	0.146424	0.433338	
0.007227	5	9	26	29		0.272088	0.144988	0.148343	0.434581	
0.007211	5	9	26	29		0.269395	0.144519	0.150262	0.435824	
0.007194	5	9	26	29		0.266701	0.144050	0.152181	0.437067	
0.007178	5	9	26	29		0.264008	0.143581	0.154101	0.438311	
0.007162	5	9	26	29		0.261314	0.143112	0.156020	0.439554	
0.007146	5	9	26	29		0.258621	0.142643	0.157939	0.440797	
0.007130	5	9	26	29		0.255928	0.142174	0.159858	0.442040	
0.007114	5	9	26	29		0.253234	0.141706	0.161777	0.443283	
0.007097	5	9	26	29		0.250541	0.141237	0.163696	0.444526	
0.007081	5	9	26	29		0.247847	0.140768	0.165616	0.445769	
0.007065	5	9	26	29		0.245154	0.140299	0.167535	0.447013	
0.007049	5	9	26	29		0.242461	0.139830	0.169454	0.448256	
0.007033	5	9	26	29		0.239767	0.139361	0.171373	0.449499	
0.007017	5	9	26	29		0.237074	0.138892	0.173292	0.450742	
0.007000	5	9	26	29		0.234381	0.138423	0.175211	0.451985	
0.006984	5	9	26	29		0.231688	0.137954	0.177130	0.453228	
0.006968	5	9	26	29		0.228995	0.137485	0.179049	0.454471	
0.006952	5	9	26	28	29	0.232774	0.136807	0.173700	0.011453	0.445266	
0.006936	5	9	26	28	29	0.231515	0.136292	0.174009	0.013991	0.444194	
0.006920	5	9	26	28	29	0.230257	0.135776	0.174317	0.016529	0.443122	
0.006903	5	9	26	28	29	0.228998	0.135261	0.174625	0.019066	0.442049	
0.006887	5	9	26	28	29	0.227739	0.134746	0.174934	0.021604	0.440977	
0.006871	5	9	26	28	29	0.226480	0.134230	0.175242	0.024142	0.439905	
0.006855	5	9	26	28	29	0.225221	0.133715	0.175551	0.026680	0.438833	
0.006839	5	9	26	28	29	0.223963	0.133200	0.175859	0.029218	0.437761	
0.006823	5	9	26	28	29	0.222704	0.132684	0.176168	0.031756	0.436688	
0.006806	5	9	26	28	29	0.221445	0.132169	0.176476	0.034294	0.435616	
0.006790	5	9	26	28	29	0.220186	0.131654	0.176785	0.036832	0.434544	
0.006774	5	9	26	28	29	0.218927	0.131138	0.177093	0.039370	0.433472	
0.006758	5	9	26	28	29	0.217669	0.130623	0.177401	0.041907	0.432400	
0.006742	5	9	26	28	29	0.216410	0.130108	0.177710	0.044445	0.431327	
0.006726	5	9	26	28	29	0.215151	0.129592	0.178018	0.046983	0.430255	
0.006709	5	9	26	28	29	0.213892	0.129077	0.178327	0.049521	0.429183	
0.006693	5	9	26	28	29	0.212633	0.128562	0.178635	0.052059	0.428111	
0.006677	5	9	26	28	29	0.211375	0.128046	0.178944	0.054597	0.427039	
0.006661	5	9	26	28	29	0.210116	0.127531	0.179252	0.057135	0.425966	
0.006645	5	9	26	28	29	0.208857	0.127016	0.179560	0.059673	0.424894	
0.006629	5	9	26	28	29	0.207598	0.126500	0.179869	0.062210	0.423822	
0.006612	5	9	26	28	29	0.206339	0.125985	0.180177	0.064749	0.422750	
0.006596	5	9	26	28	29	0.205081	0.125470	0.180486	0.067286	0.421677	
0.006580	5	9	26	28	29	0.203822	0.124954	0.180794	0.069824	0.420605	
0.006564	5	9	26	28	29	0.202563	0.124439	0.181103	0.072362	0.419533	
0.006548	5	9	26	28	29	0.201304	0.123924	0.181411	0.074901	0.418461	
0.006532	5	9	26	28	29	0.200045	0.123408	0.181720	0.077439	0.417388	
0.006515	5	9	26	28	29	0.198786	0.122893	0.182028	0.079977	0.416316	
0.006499	5	9	26	28	29	0.197527	0.122378	0.182337	0.082515	0.415244	
0.006483	5	9	26	28	29	0.196268	0.121862	0.182645	0.085053	0.414172	
0.006467	5	9	26	28	29	0.195010	0.121347	0.182954	0.087591	0.413099	
0.006451	5	9	26	28	29	0.193751	0.120832	0.183262	0.090129	0.412027	
0.006435	5	9	26	28	29	0.192492	0.120316	0.183570	0.092667	0.410955	
0.006418	5	9	26	28	29	0.191233	0.119801	0.183879	0.095205	0.409883	
0.006402	5	9	26	28	29	0.189974	0.119285	0.184187	0.097743	0.408810	
0.006386	5	9	26	28	29	0.188715	0.118770	0.184496	0.100281	0.407738	
0.006370	5	9	26	28	29	0.187456	0.118255	0.184804	0.102819	0.406666	
0.006354	5	9	26	28	29	0.186198	0.117739	0.185113	0.105357	0.405594	
0.006337	5	9	26	28	29	0.184939	0.117224	0.185421	0.107895	0.404521	
0.006321	5	9	26	28	29	0.183680	0.116709	0.185730	0.110433	0.403449	
0.006305	5	9	26	28	29	0.182421	0.116193	0.186038	0.112971	0.402377	
0.006289	5	9	26	28	29	0.181162	0.115678	0.186347	0.115509	0.401305	
0.006273	5	9	26	28	29	0.179903	0.115163	0.186655	0.118047	0.400232	
0.006257	5	9	26	28	29	0.178644	0.114647	0.186963	0.120585	0.399160	
0.006240	5	9	26	28	29	0.177385	0.114132	0.187272	0.123123	0.398088	
0.006224	5	9	26	28	29	0.176127	0.113617	0.187580	0.125661	0.397016	
0.006208	5	9	26	28	29	0.174868	0.113101	0.187889	0.128199	0.395943	
0.006192	5	9	26	28	29	0.173609	0.112586	0.188197	0.130737	0.394871	
0.006176	5	9	26	28	29	0.172350	0.112071	0.188506	0.133275	0.393799	
0.006160	5	9	26	28	29	0.171091	0.111555	0.188814	0.135813	0.392726	
0.006143	5	9	26	28	29	0.169832	0.111040	0.189123	0.138351	0.391654	
0.006127	5	9	26	28	29	0.168573	0.110524	0.189431	0.140889	0.390582	
0.006111	5	9	26	28	29	0.167314	0.110009	0.189740	0.143427	0.389510	
0.006095	5	9	26	28	29	0.166056	0.109494	0.190048	0.145965	0.388437	
0.006079	5	9	26	28	29	0.164797	0.108978	0.190357	0.148503	0.387365	
0.006063	5	9	26	28	29	0.163538	0.108463	0.190665	0.151041	0.386293	
0.006046	5	9	26	28	29	0.162279	0.107948	0.190973	0.153579	0.385221	
0.006030	5	9	26	28	29	0.161020	0.107432	0.191282	0.156117	0.384148	
0.006014	5	9	26	28	29	0.159761	0.106917	0.191590	0.158655	0.383076	
0.005998	5	9	26	28	29	0.158502	0.106402	0.191899	0.161193	0.382004	
0.005982	5	9	26	28	29	0.157244	0.105886	0.192207	0.163731	0.380932	
0.005966	5	9	26	28	29	0.155985	0.105371	0.192516	0.166269	0.379859	
0.005949	5	9	26	28	29	0.154726	0.104856	0.192824	0.168807	0.378787	
0.005933	5	9	26	28	29	0.153467	0.104340	0.193133	0.171345	0.377715	
0.005917	5	9	26	28	29	0.152208	0.103825	0.193441	0.173883	0.376643	
0.005901	5	9	26	28	29	0.150949	0.103310	0.193750	0.176421	0.375570	
0.005885	5	9	26	28	29	0.149690	0.102794	0.194058	0.178959	0.374498	
0.005869	5	9	26	28	29	0.148432	0.102279	0.194367	0.181497	0.373426	
0.005852	5	9	26	28	29	0.147173	0.101763	0.194675	0.184035	0.372354	
0.005836	5	9	26	28	29	0.145914	0.101248	0.194983	0.186573	0.371281	
0.005820	5	9	26	28	29	0.144655	0.100733	0.195292	0.189111	0.370209	
0.005804	5	9	26	28	29	0.143396	0.100217	0.195600	0.191649	0.369137	
0.005788	5	9	26	28	29	0.142137	0.099702	0.195909	0.194187	0.368064	
0.005772	5	9	26	28	29	0.140878	0.099187	0.196217	0.196725	0.366992	
0.005755	5	9	26	28	29	0.139619	0.098671	0.196526	0.199263	0.365920	
0.005739	5	9	26	28	29	0.138361	0.098156	0.196834	0.201801	0.364848	
0.005723	5	9	26	28	29	0.137102	0.097641	0.197143	0.204339	0.363775	
0.005707	5	9	26	28	29	0.135843	0.097125	0.197451	0.206878	0.362703	
0.005691	5	9	26	28	29	0.134584	0.096610	0.197760	0.209416	0.361631	
0.005675	5	9	26	28	29	0.133325	0.096095	0.198068	0.211954	0.360559	
0.005658	5	9	26	28	29	0.132066	0.095579	0.198377	0.214492	0.359486	
0.005642	5	9	26	28	29	0.130807	0.095064	0.198685	0.217030	0.358414	
0.005626	5	9	26	28	29	0.129549	0.094549	0.198993	0.219568	0.357342	
0.005610	5	9	26	28	29	0.128290	0.094033	0.199302	0.222106	0.356270	
0.005594	5	9	26	28	29	0.127031	0.093518	0.199610	0.224644	0.355197	
0.005578	5	9	26	28	29	0.125772	0.093002	0.199919	0.227182	0.354125	
0.005561	5	9	26	28	29	0.124513	0.092487	0.200227	0.229720	0.353053	
0.005545	5	9	26	28	29	0.123254	0.091972	0.200536	0.232258	0.351981	
0.005529	5	9	26	28	29	0.121995	0.091456	0.200844	0.234796	0.350908	
0.005513	5	9	26	28	29	0.120736	0.090941	0.201153	0.237334	0.349836	
0.005497	5	9	26	28	29	0.119478	0.090426	0.201461	0.239872	0.348764	
0.005481	5	9	26	28	29	0.118219	0.089910	0.201770	0.242410	0.347692	
0.005464	5	9	26	28	29	0.116960	0.089395	0.202078	0.244948	0.346619	
0.005448	5	9	26	28	29	0.115701	0.088880	0.202387	0.247486	0.345547	
0.005432	5	9	26	28	29	0.114442	0.088364	0.202695	0.250024	0.344475	
0.005416	5	9	26	28	29	0.113183	0.087849	0.203003	0.252562	0.343403	
0.005400	5	15	26	28	29	0.136058	0.134117	0.188551	0.190291	0.350982	
0.005384	5	15	26	28	29	0.134657	0.135419	0.188642	0.192183	0.349098	
0.005367	5	15	26	28	29	0.133256	0.136721	0.188732	0.194076	0.347214	
0.005351	5	15	26	28	29	0.131855	0.138024	0.188823	0.195969	0.345330	
0.005335	5	15	26	28	29	0.130453	0.139326	0.188913	0.197862	0.343446	
0.005319	5	15	26	28	29	0.129052	0.140628	0.189004	0.199754	0.341562	
0.005303	5	15	26	28	29	0.127651	0.141930	0.189094	0.201647	0.339678	
0.005286	5	15	26	28	29	0.126249	0.143232	0.189185	0.203540	0.337794	
0.005270	5	15	26	28	29	0.124848	0.144534	0.189275	0.205433	0.335910	
0.005254	5	15	26	28	29	0.123447	0.145836	0.189366	0.207325	0.334026	
0.005238	5	15	26	28	29	0.122045	0.147138	0.189456	0.209218	0.332142	
0.005222	5	15	26	28	29	0.120644	0.148440	0.189547	0.211111	0.330259	
0.005206	5	15	26	28	29	0.119243	0.149742	0.189637	0.213004	0.328375	
0.005189	5	15	26	28	29	0.117842	0.151044	0.189728	0.214896	0.326491	
0.005173	5	15	26	28	29	0.116440	0.152346	0.189818	0.216789	0.324607	
0.005157	5	15	26	28	29	0.115039	0.153648	0.189908	0.218682	0.322723	
0.005141	5	15	26	28	29	0.113638	0.154950	0.189999	0.220575	0.320839	
0.005125	5	15	26	28	29	0.112236	0.156252	0.190089	0.222467	0.318955	
0.005109	5	15	26	28	29	0.110835	0.157554	0.190180	0.224360	0.317071	
0.005092	5	15	26	28	29	0.109434	0.158856	0.190270	0.226253	0.315187	
0.005076	5	15	26	28	29	0.108033	0.160158	0.190361	0.228145	0.313303	
0.005060	5	15	26	28	29	0.106631	0.161460	0.190451	0.230038	0.311419	
0.005044	5	15	26	28	29	0.105230	0.162762	0.190542	0.231931	0.309535	
0.005028	5	15	26	28	29	0.103829	0.164064	0.190632	0.233824	0.307651	
0.005012	5	15	26	28	29	0.102427	0.165366	0.190723	0.235716	0.305767	
0.004995	5	15	26	28	29	0.101026	0.166668	0.190813	0.237609	0.303883	
0.004979	5	15	26	28	29	0.099625	0.167970	0.190904	0.239502	0.301999	
0.004963	5	15	26	28	29	0.098223	0.169272	0.190994	0.241395	0.300116	
0.004947	5	15	26	28	29	0.096822	0.170574	0.191085	0.243287	0.298231	
0.004931	5	15	26	28	29	0.095421	0.171876	0.191175	0.245180	0.296348	
0.004915	5	15	26	28	29	0.094020	0.173178	0.191266	0.247073	0.294464	
0.004898	5	15	26	28	29	0.092618	0.174480	0.191356	0.248966	0.292580	
0.004882	5	15	26	28	29	0.091217	0.175782	0.191447	0.250858	0.290696	
0.004866	5	15	26	28	29	0.089816	0.177085	0.191537	0.252751	0.288812	
0.004850	5	15	26	28	29	0.088414	0.178387	0.191628	0.254644	0.286928	
0.004834	5	15	26	28	29	0.087013	0.179689	0.191718	0.256536	0.285044	
0.004818	5	15	26	28	29	0.085612	0.180991	0.191808	0.258429	0.283160	
0.004801	5	15	26	28	29	0.084211	0.182293	0.191899	0.260322	0.281276	
0.004785	5	15	26	28	29	0.082809	0.183595	0.191989	0.262215	0.279392	
0.004769	5	15	26	28	29	0.081408	0.184897	0.192080	0.264107	0.277508	
0.004753	5	15	26	28	29	0.080007	0.186199	0.192170	0.266000	0.275624	
0.004737	5	15	26	28	29	0.078605	0.187501	0.192261	0.267893	0.273740	
0.004721	5	15	26	28	29	0.077204	0.188803	0.192351	0.269786	0.271856	
0.004704	5	15	26	28	29	0.075803	0.190105	0.192442	0.271678	0.269972	
0.004688	5	15	26	28	29	0.074402	0.191407	0.192532	0.273571	0.268088	
0.004672	5	15	26	28	29	0.073000	0.192709	0.192623	0.275464	0.266205	
0.004656	5	15	26	28	29	0.071599	0.194011	0.192713	0.277356	0.264321	
0.004640	5	15	26	28	29	0.070198	0.195313	0.192804	0.279249	0.262437	
0.004624	5	15	26	28	29	0.068796	0.196615	0.192894	0.281142	0.260553	
0.004607	5	15	26	28	29	0.067395	0.197917	0.192985	0.283035	0.258669	
0.004591	5	15	26	28	29	0.065994	0.199219	0.193075	0.284927	0.256785	
0.004575	5	15	26	28	29	0.064592	0.200521	0.193166	0.286820	0.254901	
0.004559	5	15	26	28	29	0.063191	0.201823	0.193256	0.288713	0.253017	
0.004543	5	15	26	28	29	0.061790	0.203125	0.193347	0.290605	0.251133	
0.004527	5	15	26	28	29	0.060389	0.204427	0.193437	0.292498	0.249249	
0.004510	5	15	26	28	29	0.058987	0.205729	0.193528	0.294391	0.247365	
0.004494	5	15	26	28	29	0.057586	0.207031	0.193618	0.296284	0.245481	
0.004478	5	15	26	28	29	0.056185	0.208333	0.193708	0.298176	0.243597	
0.004462	5	15	26	28	29	0.054783	0.209635	0.193799	0.300069	0.241713	
0.004446	5	15	26	28	29	0.053382	0.210937	0.193889	0.301962	0.239829	
0.004430	5	15	26	28	29	0.051981	0.212239	0.193980	0.303855	0.237945	
0.004413	5	15	26	28	29	0.050580	0.213541	0.194070	0.305747	0.236062	
0.004397	5	15	26	28	29	0.049178	0.214843	0.194161	0.307640	0.234178	
0.004381	5	15	26	28	29	0.047777	0.216145	0.194251	0.309533	0.232294	
0.004365	5	15	26	28	29	0.046376	0.217447	0.194342	0.311425	0.230410	
0.004349	5	15	26	28	29	0.044975	0.218749	0.194432	0.313318	0.228526	
0.004333	5	15	26	28	29	0.043573	0.220051	0.194523	0.315211	0.226642	
0.004316	5	15	26	28	29	0.042172	0.221353	0.194613	0.317103	0.224758	
0.004300	5	15	26	28	29	0.040771	0.222655	0.194704	0.318996	0.222874	
0.004284	5	15	26	28	29	0.039369	0.223957	0.194794	0.320889	0.220990	
0.004268	5	15	26	28	29	0.037968	0.225259	0.194885	0.322782	0.219106	
0.004252	5	15	26	28	29	0.036567	0.226561	0.194975	0.324674	0.217222	
0.004235	5	15	26	28	29	0.035166	0.227863	0.195066	0.326567	0.215338	
0.004219	5	15	26	28	29	0.033764	0.229165	0.195156	0.328460	0.213454	
0.004203	5	15	26	28	29	0.032363	0.230467	0.195247	0.330353	0.211570	
0.004187	5	15	26	28	29	0.030962	0.231769	0.195337	0.332245	0.209687	
0.004171	5	15	26	28	29	0.029560	0.233072	0.195427	0.334138	0.207803	
0.004155	5	15	26	28	29	0.028159	0.234374	0.195518	0.336031	0.205919	
0.004138	5	15	26	28	29	0.026758	0.235676	0.195608	0.337923	0.204035	
0.004122	15	26	28	29	30	0.192017	0.194200	0.256590	0.292713	0.064480	
0.004106	15	26	28	29	30	0.191119	0.193538	0.258445	0.289265	0.067635	
0.004090	15	26	28	29	30	0.190220	0.192875	0.260299	0.285816	0.070789	
0.004074	15	26	28	29	30	0.189322	0.192212	0.262153	0.282368	0.073944	
0.004058	15	26	28	29	30	0.188424	0.191550	0.264008	0.278919	0.077099	
0.004041	15	26	28	29	30	0.187526	0.190887	0.265862	0.275471	0.080254	
0.004025	15	26	28	29	30	0.186628	0.190225	0.267716	0.272023	0.083409	
0.004009	15	26	28	29	30	0.185729	0.189562	0.269571	0.268574	0.086564	
0.003993	15	26	28	29	30	0.184831	0.188900	0.271425	0.265126	0.089719	
0.003977	15	26	28	29	30	0.183933	0.188237	0.273279	0.261677	0.092873	
0.003961	15	26	28	29	30	0.183035	0.187574	0.275134	0.258229	0.096028	
0.003944	15	26	28	29	30	0.182136	0.186912	0.276988	0.254781	0.099183	
0.003928	15	26	28	29	30	0.181238	0.186249	0.278842	0.251332	0.102338	
0.003912	15	26	28	29	30	0.180340	0.185587	0.280697	0.247884	0.105493	
0.003896	15	26	28	29	30	0.179442	0.184924	0.282551	0.244435	0.108648	
0.003880	15	26	28	29	30	0.178544	0.184261	0.284405	0.240987	0.111803	
0.003864	15	26	28	29	30	0.177645	0.183599	0.286260	0.237539	0.114957	
0.003847	15	26	28	29	30	0.176747	0.182936	0.288114	0.234090	0.118112	
0.003831	15	26	28	29	30	0.175849	0.182274	0.289968	0.230642	0.121267	
0.003815	15	26	28	29	30	0.174951	0.181611	0.291823	0.227193	0.124422	
0.003799	15	26	28	29	30	0.174053	0.180949	0.293677	0.223745	0.127577	
0.003783	15	26	28	29	30	0.173154	0.180286	0.295531	0.220297	0.130732	
0.003767	15	26	28	29	30	0.172256	0.179623	0.297386	0.216848	0.133887	
0.003750	15	26	28	29	30	0.171358	0.178961	0.299240	0.213400	0.137041	
0.003734	15	26	28	29	30	0.170460	0.178298	0.301094	0.209951	0.140196	
0.003718	15	26	28	29	30	0.169561	0.177636	0.302949	0.206503	0.143351	
0.003702	15	26	28	29	30	0.168663	0.176973	0.304803	0.203055	0.146506	
0.003686	15	26	28	29	30	0.167765	0.176311	0.306657	0.199606	0.149661	
0.003670	15	26	28	29	30	0.166867	0.175648	0.308512	0.196158	0.152816	
0.003653	15	26	28	29	30	0.165969	0.174985	0.310366	0.192709	0.155971	
0.003637	15	26	28	29	30	0.165070	0.174323	0.312220	0.189261	0.159125	
0.003621	15	26	28	29	30	0.164172	0.173660	0.314075	0.185812	0.162280	
0.003605	15	26	28	29	30	0.163274	0.172998	0.315929	0.182364	0.165435	
0.003589	15	26	28	29	30	0.162376	0.172335	0.317783	0.178916	0.168590	
0.003573	15	26	28	29	30	0.161478	0.171672	0.319638	0.175467	0.171745	
0.003556	15	26	28	29	30	0.160579	0.171010	0.321492	0.172019	0.174900	
0.003540	15	26	28	29	30	0.159681	0.170347	0.323346	0.168571	0.178054	
0.003524	15	26	28	29	30	0.158783	0.169685	0.325201	0.165122	0.181209	
0.003508	15	26	28	29	30	0.157885	0.169022	0.327055	0.161674	0.184364	
0.003492	15	26	28	29	30	0.156986	0.168360	0.328910	0.158225	0.187519	
0.003476	15	26	28	29	30	0.156088	0.167697	0.330764	0.154777	0.190674	
0.003459	15	26	28	29	30	0.155190	0.167034	0.332618	0.151329	0.193829	
0.003443	15	26	28	29	30	0.154292	0.166372	0.334472	0.147880	0.196984	
0.003427	15	26	28	29	30	0.153394	0.165709	0.336327	0.144432	0.200139	
0.003411	15	26	28	29	30	0.152495	0.165047	0.338181	0.140983	0.203294	
0.003395	15	26	28	29	30	0.151597	0.164384	0.340036	0.137535	0.206448	
0.003379	15	26	28	29	30	0.150699	0.163722	0.341890	0.134086	0.209603	
0.003362	15	26	28	29	30	0.149801	0.163059	0.343744	0.130638	0.212758	
0.003346	15	26	28	29	30	0.148903	0.162396	0.345599	0.127190	0.215913	
0.003330	15	26	28	29	30	0.148004	0.161734	0.347453	0.123741	0.219068	
0.003314	15	26	28	29	30	0.147106	0.161071	0.349307	0.120293	0.222223	
0.003298	15	26	28	29	30	0.146208	0.160409	0.351162	0.116844	0.225377	
0.003282	15	26	28	29	30	0.145310	0.159746	0.353016	0.113396	0.228532	
0.003265	15	26	28	29	30	0.144411	0.159084	0.354870	0.109948	0.231687	
0.003249	15	26	28	29	30	0.143513	0.158421	0.356725	0.106499	0.234842	
0.003233	13	15	26	28	30	0.127422	0.154743	0.178408	0.342192	0.197235	
0.003217	13	15	26	28	30	0.125084	0.151934	0.176401	0.344542	0.202039	
0.003201	16	26	28	29	30	0.097452	0.171954	0.327195	0.207588	0.195812	
0.003185	16	26	28	29	30	0.099400	0.171333	0.327772	0.204705	0.196790	
0.003168	16	26	28	29	30	0.101348	0.170712	0.328349	0.201822	0.197769	
0.003152	16	26	28	29	30	0.103296	0.170092	0.328926	0.198940	0.198747	
0.003136	16	26	28	29	30	0.105244	0.169471	0.329502	0.196057	0.199726	
0.003120	16	26	28	29	30	0.107191	0.168851	0.330079	0.193175	0.200704	
0.003104	16	26	28	29	30	0.109139	0.168230	0.330656	0.190292	0.201683	
0.003088	16	26	28	29	30	0.111087	0.167609	0.331233	0.187409	0.202661	
0.003071	16	26	28	29	30	0.113035	0.166989	0.331810	0.184527	0.203640	
0.003055	16	26	28	29	30	0.114983	0.166368	0.332387	0.181644	0.204618	
0.003039	16	26	28	29	30	0.116930	0.165748	0.332964	0.178762	0.205597	
0.003023	16	26	28	29	30	0.118878	0.165127	0.333541	0.175879	0.206575	
0.003007	16	26	28	29	30	0.120826	0.164506	0.334118	0.172996	0.207554	
0.002990	16	26	28	29	30	0.122774	0.163886	0.334695	0.170114	0.208532	
0.002974	16	26	28	29	30	0.124722	0.163265	0.335271	0.167231	0.209510	
0.002958	16	26	28	29	30	0.126669	0.162645	0.335848	0.164349	0.210489	
0.002942	16	26	28	29	30	0.128617	0.162024	0.336425	0.161466	0.211467	
0.002926	16	26	28	29	30	0.130565	0.161403	0.337002	0.158584	0.212446	
0.002910	16	26	28	29	30	0.132513	0.160783	0.337579	0.155701	0.213424	
0.002893	16	26	28	29	30	0.134461	0.160162	0.338156	0.152818	0.214403	
0.002877	16	26	28	29	30	0.136408	0.159542	0.338733	0.149936	0.215381	
0.002861	16	26	28	29	30	0.138356	0.158921	0.339310	0.147053	0.216360	
0.002845	16	26	28	29	30	0.140304	0.158300	0.339887	0.144171	0.217338	
0.002829	16	26	28	29	30	0.142252	0.157680	0.340463	0.141288	0.218317	
0.002813	16	26	28	29	30	0.144199	0.157059	0.341040	0.138406	0.219295	
0.002796	16	26	28	29	30	0.146147	0.156439	0.341617	0.135523	0.220274	
