0.001146	34	62	299	332	372	0.096679	0.134885	0.323979	0.265043	0.179415	
0.001165	34	62	299	332	372	0.104496	0.135204	0.321498	0.261463	0.177339	
0.001185	34	62	299	332	372	0.112313	0.135523	0.319016	0.257884	0.175264	
0.001205	34	62	299	332	372	0.120130	0.135842	0.316534	0.254305	0.173189	
0.001224	34	62	299	332	372	0.127947	0.136161	0.314053	0.250725	0.171113	
0.001244	34	62	299	332	372	0.135765	0.136480	0.311571	0.247146	0.169038	
0.001264	34	62	299	332	372	0.143582	0.136799	0.309090	0.243566	0.166963	
0.001283	34	62	299	332	372	0.151399	0.137118	0.306608	0.239987	0.164887	
0.001303	34	62	299	332	372	0.159216	0.137438	0.304126	0.236408	0.162812	
0.001323	34	62	299	332	372	0.167034	0.137757	0.301645	0.232828	0.160737	
0.001342	34	62	299	332	372	0.174851	0.138076	0.299163	0.229249	0.158661	
0.001362	34	62	299	332	372	0.182668	0.138395	0.296682	0.225669	0.156586	
0.001382	34	62	299	332	372	0.190485	0.138714	0.294200	0.222090	0.154511	
0.001401	34	62	299	332	372	0.198302	0.139033	0.291719	0.218511	0.152435	
0.001421	34	62	299	332	372	0.206120	0.139352	0.289237	0.214931	0.150360	
0.001441	34	62	299	332	372	0.213937	0.139671	0.286755	0.211352	0.148285	
0.001460	34	62	299	332	372	0.221754	0.139990	0.284274	0.207773	0.146209	
0.001480	34	62	299	332	372	0.229571	0.140309	0.281792	0.204193	0.144134	
0.001500	34	62	299	332	372	0.237389	0.140629	0.279311	0.200614	0.142059	
0.001519	34	62	299	332	372	0.245206	0.140948	0.276829	0.197034	0.139983	
0.001539	34	62	273	299	332	0.149338	0.131882	0.098782	0.348276	0.271722	
0.001559	34	62	273	299	332	0.152715	0.130871	0.103289	0.345267	0.267857	
0.001578	34	62	273	299	332	0.156092	0.129860	0.107796	0.342259	0.263992	
0.001598	34	62	273	299	332	0.159470	0.128849	0.112303	0.339251	0.260128	
0.001618	34	62	273	299	332	0.162847	0.127838	0.116810	0.336243	0.256263	
0.001637	34	62	273	299	332	0.166224	0.126827	0.121316	0.333235	0.252398	
0.001657	34	62	273	299	332	0.169602	0.125816	0.125823	0.330227	0.248533	
0.001677	34	62	273	299	332	0.172979	0.124804	0.130330	0.327219	0.244668	
0.001696	34	62	273	299	332	0.176356	0.123793	0.134837	0.324211	0.240803	
0.001716	34	62	273	299	332	0.179733	0.122782	0.139344	0.321203	0.236938	
0.001736	34	62	273	299	332	0.183111	0.121771	0.143851	0.318194	0.233073	
0.001755	34	62	273	299	332	0.186488	0.120760	0.148358	0.315186	0.229208	
0.001775	34	62	273	299	332	0.189865	0.119749	0.152865	0.312178	0.225343	
0.001795	34	62	273	299	332	0.193243	0.118738	0.157372	0.309170	0.221478	
0.001814	34	62	273	299	332	0.196620	0.117727	0.161879	0.306162	0.217613	
0.001834	34	62	273	299	332	0.199997	0.116715	0.166386	0.303154	0.213748	
0.001854	34	62	273	299	332	0.203374	0.115704	0.170892	0.300146	0.209883	
0.001873	34	62	273	299	332	0.206752	0.114693	0.175399	0.297138	0.206018	
0.001893	34	62	273	299	332	0.210129	0.113682	0.179906	0.294130	0.202153	
0.001913	34	62	273	299	332	0.213506	0.112671	0.184413	0.291121	0.198288	
0.001932	34	62	273	299	332	0.216884	0.111660	0.188920	0.288113	0.194423	
0.001952	28	34	273	299	332	0.074137	0.183889	0.164276	0.345047	0.232651	
0.001971	28	34	273	299	332	0.075725	0.186090	0.167541	0.341793	0.228851	
0.001991	28	34	273	299	332	0.077313	0.188291	0.170806	0.338540	0.225051	
0.002011	28	34	273	299	332	0.078900	0.190492	0.174070	0.335286	0.221251	
0.002030	28	34	273	299	332	0.080488	0.192693	0.177335	0.332032	0.217451	
0.002050	34	178	273	299	332	0.179263	0.063991	0.148701	0.362590	0.245455	
0.002070	34	178	273	299	332	0.180308	0.066005	0.150298	0.360534	0.242855	
0.002089	34	178	273	299	332	0.181353	0.068020	0.151895	0.358478	0.240254	
0.002109	34	178	273	299	332	0.182398	0.070035	0.153492	0.356422	0.237653	
0.002129	34	178	273	299	332	0.183444	0.072050	0.155089	0.354366	0.235052	
0.002148	34	178	273	299	332	0.184489	0.074065	0.156685	0.352309	0.232452	
0.002168	34	178	273	299	332	0.185534	0.076079	0.158282	0.350253	0.229851	
0.002188	34	178	273	299	332	0.186579	0.078094	0.159879	0.348197	0.227250	
0.002207	34	178	273	299	332	0.187624	0.080109	0.161476	0.346141	0.224650	
0.002227	34	178	273	299	332	0.188670	0.082124	0.163073	0.344085	0.222049	
0.002247	34	178	273	299	332	0.189715	0.084139	0.164669	0.342029	0.219448	
0.002266	34	178	273	299	332	0.190760	0.086154	0.166266	0.339973	0.216847	
0.002286	34	178	273	299	332	0.191805	0.088168	0.167863	0.337917	0.214247	
0.002306	34	178	273	299	332	0.192850	0.090183	0.169460	0.335861	0.211646	
0.002325	34	178	273	299	332	0.193895	0.092198	0.171057	0.333804	0.209045	
0.002345	34	178	273	299	332	0.194941	0.094213	0.172653	0.331748	0.206445	
0.002365	34	178	273	299	332	0.195986	0.096228	0.174250	0.329692	0.203844	
0.002384	34	178	273	299	332	0.197031	0.098243	0.175847	0.327636	0.201243	
0.002404	34	178	273	299	332	0.198076	0.100257	0.177444	0.325580	0.198643	
0.002424	34	178	273	299	332	0.199121	0.102272	0.179041	0.323524	0.196042	
0.002443	34	178	273	299	332	0.200166	0.104287	0.180638	0.321468	0.193441	
0.002463	34	178	273	299	332	0.201212	0.106302	0.182234	0.319412	0.190840	
0.002483	34	178	273	299	332	0.202257	0.108317	0.183831	0.317356	0.188240	
0.002502	34	178	273	299	332	0.203302	0.110332	0.185428	0.315299	0.185639	
0.002522	34	178	273	299	332	0.204347	0.112346	0.187025	0.313243	0.183038	
0.002542	34	178	273	299	332	0.205392	0.114361	0.188622	0.311187	0.180438	
0.002561	34	178	273	299	332	0.206438	0.116376	0.190218	0.309131	0.177837	
0.002581	34	178	273	299	332	0.207483	0.118391	0.191815	0.307075	0.175236	
0.002601	34	178	273	299	332	0.208528	0.120406	0.193412	0.305019	0.172635	
0.002620	34	178	273	299	332	0.209573	0.122421	0.195009	0.302963	0.170035	
0.002640	34	178	273	299	332	0.210618	0.124435	0.196606	0.300907	0.167434	
0.002660	34	178	273	299	332	0.211663	0.126450	0.198202	0.298851	0.164833	
0.002679	34	178	273	299	332	0.212709	0.128465	0.199799	0.296794	0.162233	
0.002699	34	178	273	299	332	0.213754	0.130480	0.201396	0.294738	0.159632	
0.002719	34	178	273	299	332	0.214799	0.132495	0.202993	0.292682	0.157031	
0.002738	34	178	273	299	332	0.215844	0.134510	0.204590	0.290626	0.154431	
0.002758	34	178	273	299	332	0.216889	0.136524	0.206186	0.288570	0.151830	
0.002778	34	178	273	299	332	0.217934	0.138539	0.207783	0.286514	0.149229	
0.002797	34	178	273	299	332	0.218980	0.140554	0.209380	0.284458	0.146628	
0.002817	34	51	178	273	299	0.201539	0.105019	0.085551	0.192404	0.415487	
0.002837	34	51	178	273	299	0.202197	0.106378	0.087590	0.192981	0.410854	
0.002856	34	51	178	273	299	0.202854	0.107737	0.089629	0.193558	0.406222	
0.002876	34	51	178	273	299	0.203512	0.109096	0.091668	0.194135	0.401589	
0.002896	34	51	178	273	299	0.204169	0.110456	0.093708	0.194712	0.396956	
0.002915	34	51	178	273	299	0.204827	0.111815	0.095747	0.195288	0.392323	
0.002935	34	51	178	273	299	0.205484	0.113174	0.097786	0.195865	0.387690	
0.002954	34	51	178	273	299	0.206142	0.114533	0.099826	0.196442	0.383057	
0.002974	34	51	178	273	299	0.206799	0.115893	0.101865	0.197019	0.378424	
0.002994	34	51	178	273	299	0.207457	0.117252	0.103904	0.197596	0.373791	
0.003013	34	51	178	273	299	0.208114	0.118611	0.105943	0.198173	0.369159	
0.003033	34	51	178	273	299	0.208772	0.119970	0.107983	0.198749	0.364526	
0.003053	34	51	178	273	299	0.209429	0.121330	0.110022	0.199326	0.359893	
0.003072	34	51	178	273	299	0.210087	0.122689	0.112061	0.199903	0.355260	
0.003092	34	51	178	273	299	0.210744	0.124048	0.114100	0.200480	0.350627	
0.003112	34	51	178	273	299	0.211402	0.125407	0.116140	0.201057	0.345994	
0.003131	34	51	178	273	299	0.212059	0.126767	0.118179	0.201633	0.341361	
0.003151	34	51	178	273	299	0.212717	0.128126	0.120218	0.202210	0.336729	
0.003171	34	51	178	273	299	0.213374	0.129485	0.122258	0.202787	0.332096	
0.003190	34	51	178	273	299	0.214032	0.130844	0.124297	0.203364	0.327463	
0.003210	34	51	178	273	299	0.214690	0.132204	0.126336	0.203941	0.322830	
0.003230	34	51	178	273	299	0.215347	0.133563	0.128375	0.204517	0.318197	
0.003249	34	51	178	273	299	0.216005	0.134922	0.130415	0.205094	0.313564	
0.003269	34	51	178	273	299	0.216662	0.136282	0.132454	0.205671	0.308931	
0.003289	34	51	178	273	299	0.217320	0.137641	0.134493	0.206248	0.304299	
0.003308	34	51	178	273	299	0.217977	0.139000	0.136533	0.206825	0.299666	
0.003328	34	51	178	273	299	0.218635	0.140359	0.138572	0.207401	0.295033	
0.003348	34	51	178	273	299	0.219292	0.141719	0.140611	0.207978	0.290400	
0.003367	34	51	178	273	299	0.219950	0.143078	0.142650	0.208555	0.285767	
0.003387	34	51	178	273	299	0.220607	0.144437	0.144690	0.209132	0.281134	
0.003407	34	51	178	273	299	0.221265	0.145796	0.146729	0.209709	0.276501	
0.003426	34	51	178	273	299	0.221922	0.147156	0.148768	0.210285	0.271869	
0.003446	34	51	178	273	299	0.222580	0.148515	0.150807	0.210862	0.267236	
0.003466	34	51	178	273	299	0.223237	0.149874	0.152847	0.211439	0.262603	
0.003485	34	64	178	273	299	0.225449	0.071144	0.136330	0.210373	0.356704	
0.003505	34	64	178	273	299	0.225966	0.072127	0.137887	0.210623	0.353396	
0.003525	34	64	178	273	299	0.226483	0.073111	0.139444	0.210873	0.350089	
0.003544	34	64	178	273	299	0.227000	0.074094	0.141001	0.211122	0.346782	
0.003564	34	64	178	273	299	0.227517	0.075078	0.142558	0.211372	0.343475	
0.003584	34	64	178	273	299	0.228034	0.076061	0.144115	0.211622	0.340168	
0.003603	34	64	178	273	299	0.228551	0.077045	0.145672	0.211871	0.336861	
0.003623	34	64	178	273	299	0.229068	0.078028	0.147229	0.212121	0.333554	
0.003643	34	64	178	273	299	0.229585	0.079011	0.148786	0.212371	0.330247	
0.003662	34	64	178	273	299	0.230102	0.079995	0.150343	0.212620	0.326940	
0.003682	34	64	178	273	299	0.230619	0.080978	0.151900	0.212870	0.323633	
0.003702	34	64	178	273	299	0.231136	0.081962	0.153457	0.213120	0.320326	
0.003721	34	64	178	273	299	0.231653	0.082945	0.155014	0.213369	0.317019	
0.003741	34	64	178	273	299	0.232170	0.083928	0.156571	0.213619	0.313711	
0.003761	34	64	178	273	299	0.232687	0.084912	0.158128	0.213869	0.310404	
0.003780	34	64	178	273	299	0.233204	0.085895	0.159685	0.214119	0.307097	
0.003800	34	64	178	273	299	0.233721	0.086879	0.161242	0.214368	0.303790	
0.003820	34	64	178	273	299	0.234237	0.087862	0.162799	0.214618	0.300483	
0.003839	34	64	178	273	299	0.234754	0.088845	0.164357	0.214868	0.297176	
0.003859	34	64	178	273	299	0.235271	0.089829	0.165914	0.215117	0.293869	
0.003879	34	64	178	273	299	0.235788	0.090812	0.167471	0.215367	0.290562	
0.003898	34	64	178	273	299	0.236305	0.091796	0.169028	0.215617	0.287255	
0.003918	34	64	178	273	299	0.236822	0.092779	0.170585	0.215866	0.283948	
0.003937	133	273	344	376	395	0.158785	0.265930	0.056735	0.286355	0.232195	
0.003957	133	273	344	376	395	0.161401	0.264290	0.058094	0.282506	0.233708	
0.003977	64	123	178	273	299	0.089593	0.162284	0.174575	0.231651	0.341897	
0.003996	133	273	344	376	395	0.166634	0.261011	0.060813	0.274809	0.236734	
0.004016	64	123	178	273	299	0.091408	0.164160	0.177359	0.231866	0.335207	
0.004036	64	123	178	273	299	0.092315	0.165099	0.178751	0.231973	0.331862	
0.004055	64	123	178	273	299	0.093223	0.166037	0.180143	0.232081	0.328517	
0.004075	64	123	178	273	299	0.094130	0.166975	0.181535	0.232188	0.325172	
0.004095	64	123	178	273	299	0.095038	0.167913	0.182927	0.232296	0.321827	
0.004114	64	123	178	273	299	0.095945	0.168851	0.184319	0.232403	0.318481	
0.004134	64	123	178	273	299	0.096853	0.169789	0.185711	0.232511	0.315136	
0.004154	64	123	178	273	299	0.097760	0.170728	0.187103	0.232618	0.311791	
0.004173	133	178	273	344	376	0.178652	0.121001	0.274588	0.053810	0.371948	
0.004193	133	178	273	344	376	0.180074	0.123208	0.272758	0.054650	0.369309	
0.004213	133	232	244	344	376	0.206585	0.262483	0.143703	0.057831	0.329399	
0.004232	133	273	344	376	395	0.198031	0.241333	0.077122	0.228623	0.254891	
0.004252	133	232	244	344	376	0.209749	0.258847	0.148247	0.059230	0.323927	
0.004272	133	273	344	376	395	0.203264	0.238053	0.079840	0.220926	0.257918	
0.004291	133	273	344	376	395	0.205880	0.236413	0.081199	0.217077	0.259431	
0.004311	133	232	244	344	376	0.214495	0.253393	0.155064	0.061328	0.315720	
0.004331	133	232	244	344	376	0.216077	0.251575	0.157336	0.062028	0.312984	
0.004350	133	232	244	344	376	0.217659	0.249757	0.159608	0.062727	0.310249	
0.004370	34	178	227	344	376	0.255738	0.185229	0.212332	0.076071	0.270631	
0.004390	133	232	244	344	376	0.220824	0.246121	0.164153	0.064126	0.304777	
0.004409	133	232	244	344	376	0.222406	0.244303	0.166425	0.064826	0.302041	
0.004429	133	232	244	344	376	0.223988	0.242485	0.168697	0.065525	0.299306	
0.004449	133	232	244	344	376	0.225570	0.240667	0.170969	0.066225	0.296570	
0.004468	133	232	244	344	376	0.227152	0.238848	0.173241	0.066924	0.293834	
0.004488	133	178	244	273	376	0.169180	0.142681	0.166896	0.226153	0.295090	
0.004508	133	178	244	273	376	0.170167	0.144681	0.169045	0.224056	0.292051	
0.004527	133	178	244	273	376	0.171154	0.146681	0.171194	0.221960	0.289012	
0.004547	133	178	244	273	376	0.172140	0.148681	0.173343	0.219863	0.285972	
0.004567	133	178	244	273	376	0.173127	0.150682	0.175492	0.217767	0.282933	
0.004586	133	178	244	273	376	0.174114	0.152682	0.177640	0.215670	0.279894	
0.004606	133	178	244	273	376	0.175100	0.154682	0.179789	0.213574	0.276855	
0.004626	133	178	244	273	376	0.176087	0.156682	0.181938	0.211477	0.273815	
0.004645	133	178	244	273	376	0.177074	0.158682	0.184087	0.209381	0.270776	
0.004665	64	123	178	313	376	0.102233	0.173216	0.168857	0.194036	0.361659	
0.004685	64	123	178	313	376	0.103618	0.173793	0.170945	0.193246	0.358398	
0.004704	64	123	178	313	376	0.105003	0.174369	0.173034	0.192456	0.355137	
0.004724	64	123	178	313	376	0.106389	0.174946	0.175122	0.191666	0.351877	
0.004744	64	123	178	313	376	0.107774	0.175523	0.177210	0.190877	0.348616	
0.004763	64	123	178	313	376	0.109159	0.176100	0.179299	0.190087	0.345356	
0.004783	64	123	178	313	376	0.110545	0.176676	0.181387	0.189297	0.342095	
0.004803	64	123	178	313	376	0.111930	0.177253	0.183475	0.188507	0.338835	
0.004822	64	123	178	313	376	0.113315	0.177830	0.185564	0.187717	0.335574	
0.004842	64	123	178	313	376	0.114700	0.178406	0.187652	0.186927	0.332314	
0.004862	64	123	178	313	376	0.116086	0.178983	0.189740	0.186137	0.329053	
0.004881	64	123	178	313	376	0.117471	0.179560	0.191829	0.185348	0.325793	
0.004901	64	123	178	313	376	0.118856	0.180137	0.193917	0.184558	0.322532	
0.004920	64	123	178	313	376	0.120242	0.180713	0.196005	0.183768	0.319272	
0.004940	64	123	178	313	376	0.121627	0.181290	0.198094	0.182978	0.316011	
0.004960	133	178	244	344	376	0.192057	0.165279	0.170735	0.061991	0.409939	
0.004979	133	178	244	344	376	0.192860	0.166958	0.171866	0.062490	0.405827	
0.004999	133	178	244	344	376	0.193663	0.168637	0.172996	0.062990	0.401714	
0.005019	133	178	244	344	376	0.194466	0.170316	0.174127	0.063489	0.397602	
0.005038	133	178	244	344	376	0.195269	0.171995	0.175258	0.063989	0.393490	
0.005058	133	178	244	344	376	0.196072	0.173674	0.176388	0.064488	0.389378	
0.005078	133	178	244	344	376	0.196875	0.175353	0.177519	0.064988	0.385265	
0.005097	133	178	244	344	376	0.197678	0.177032	0.178649	0.065487	0.381153	
0.005117	133	178	244	344	376	0.198482	0.178711	0.179780	0.065986	0.377041	
0.005137	133	178	244	344	376	0.199285	0.180390	0.180911	0.066486	0.372928	
0.005156	133	178	244	344	376	0.200088	0.182069	0.182041	0.066985	0.368816	
0.005176	133	178	244	344	376	0.200891	0.183748	0.183172	0.067485	0.364704	
0.005196	133	178	244	344	376	0.201694	0.185427	0.184303	0.067984	0.360591	
0.005215	133	178	244	344	376	0.202497	0.187107	0.185433	0.068484	0.356479	
0.005235	64	123	178	344	376	0.107986	0.206705	0.217715	0.074868	0.392726	
0.005255	64	123	178	344	376	0.109046	0.207013	0.219356	0.075259	0.389326	
0.005274	64	123	178	344	376	0.110105	0.207322	0.220996	0.075651	0.385926	
0.005294	64	123	178	344	376	0.111165	0.207630	0.222637	0.076042	0.382527	
0.005314	64	123	178	344	376	0.112224	0.207938	0.224277	0.076433	0.379127	
0.005333	64	123	178	344	376	0.113284	0.208247	0.225918	0.076825	0.375727	
0.005353	64	123	178	344	376	0.114343	0.208555	0.227558	0.077216	0.372328	
0.005373	64	123	178	344	376	0.115403	0.208863	0.229199	0.077607	0.368928	
0.005392	64	123	178	344	376	0.116462	0.209172	0.230839	0.077998	0.365528	
0.005412	64	123	178	344	376	0.117522	0.209480	0.232480	0.078390	0.362129	
0.005432	64	123	178	344	376	0.118581	0.209788	0.234120	0.078781	0.358729	
0.005451	64	123	178	344	376	0.119640	0.210097	0.235761	0.079172	0.355329	
0.005471	64	123	178	344	376	0.120700	0.210405	0.237402	0.079564	0.351930	
0.005491	64	123	178	344	376	0.121759	0.210713	0.239042	0.079955	0.348530	
0.005510	64	123	178	344	376	0.122819	0.211022	0.240683	0.080346	0.345130	
0.005530	64	123	178	344	376	0.123878	0.211330	0.242323	0.080738	0.341731	
0.005550	64	123	178	344	376	0.124938	0.211639	0.243964	0.081129	0.338331	
0.005569	64	123	178	344	376	0.125997	0.211947	0.245604	0.081520	0.334931	
0.005589	64	123	178	344	376	0.127057	0.212255	0.247245	0.081912	0.331532	
0.005609	64	123	178	344	376	0.128116	0.212564	0.248885	0.082303	0.328132	
0.005628	64	123	178	344	376	0.129176	0.212872	0.250526	0.082694	0.324733	
0.005648	64	123	178	344	376	0.130235	0.213180	0.252166	0.083085	0.321333	
0.005668	64	123	178	344	376	0.131294	0.213489	0.253807	0.083477	0.317933	
0.005687	64	123	178	344	376	0.132354	0.213797	0.255447	0.083868	0.314534	
0.005707	64	123	178	344	376	0.133413	0.214105	0.257088	0.084259	0.311134	
0.005727	64	123	178	344	376	0.134473	0.214414	0.258729	0.084651	0.307734	
0.005746	64	123	178	344	376	0.135532	0.214722	0.260369	0.085042	0.304335	
0.005766	64	123	178	344	376	0.136592	0.215030	0.262010	0.085433	0.300935	
0.005786	64	123	178	344	376	0.137651	0.215339	0.263650	0.085825	0.297535	
0.005805	64	123	178	344	376	0.138711	0.215647	0.265291	0.086216	0.294136	
0.005825	64	123	178	344	376	0.139770	0.215955	0.266931	0.086607	0.290736	
0.005844	64	123	178	344	376	0.140830	0.216264	0.268572	0.086998	0.287336	
0.005864	64	123	178	344	376	0.141889	0.216572	0.270212	0.087390	0.283937	
0.005884	64	123	178	344	376	0.142948	0.216881	0.271853	0.087781	0.280537	
0.005903	64	123	178	344	376	0.144008	0.217189	0.273493	0.088172	0.277137	
0.005923	64	123	178	344	376	0.145067	0.217497	0.275134	0.088564	0.273738	
0.005943	64	123	178	344	376	0.146127	0.217806	0.276775	0.088955	0.270338	
0.005962	64	123	178	344	376	0.147186	0.218114	0.278415	0.089346	0.266938	
0.005982	64	123	178	344	376	0.148246	0.218422	0.280056	0.089738	0.263539	
0.006002	64	123	178	344	376	0.149305	0.218731	0.281696	0.090129	0.260139	
0.006021	64	123	178	344	376	0.150365	0.219039	0.283337	0.090520	0.256739	
0.006041	64	123	178	344	376	0.151424	0.219347	0.284977	0.090912	0.253340	
0.006061	64	123	178	344	376	0.152484	0.219656	0.286618	0.091303	0.249940	
0.006080	64	123	178	344	376	0.153543	0.219964	0.288258	0.091694	0.246540	
0.006100	64	123	178	344	376	0.154603	0.220272	0.289899	0.092085	0.243141	
0.006120	64	178	244	376	442	0.135364	0.269346	0.219974	0.205875	0.169441	
0.006139	64	178	244	376	442	0.136387	0.270881	0.220642	0.202065	0.170025	
0.006159	64	123	178	344	376	0.157781	0.221197	0.294821	0.093259	0.232942	
0.006179	64	123	178	344	376	0.158840	0.221506	0.296461	0.093651	0.229542	
0.006198	64	123	178	344	376	0.159900	0.221814	0.298102	0.094042	0.226142	
0.006218	64	123	133	178	244	0.094930	0.225357	0.235140	0.244467	0.200105	
0.006238	64	123	178	373	442	0.164697	0.212946	0.286107	0.171841	0.164409	
0.006257	64	123	178	373	442	0.167266	0.210695	0.288574	0.169121	0.164344	
0.006277	35	64	123	178	373	0.110554	0.122081	0.281304	0.269628	0.216432	
0.006297	64	123	178	344	373	0.123311	0.285067	0.279425	0.066170	0.246028	
0.006316	64	123	178	344	373	0.125059	0.283163	0.281199	0.067106	0.243473	
0.006336	64	123	178	344	373	0.126807	0.281259	0.282974	0.068042	0.240919	
0.006356	64	123	178	344	373	0.128555	0.279356	0.284748	0.068978	0.238364	
0.006375	64	123	178	244	442	0.118773	0.238235	0.259697	0.190653	0.192642	
0.006395	64	123	178	244	442	0.121311	0.234302	0.261830	0.191295	0.191262	
0.006415	64	123	178	244	442	0.123850	0.230368	0.263963	0.191937	0.189883	
0.006434	64	123	178	244	442	0.126388	0.226434	0.266096	0.192579	0.188503	
0.006454	64	123	178	244	442	0.128927	0.222500	0.268229	0.193221	0.187124	
0.006474	64	123	178	244	442	0.131466	0.218566	0.270361	0.193863	0.185744	
0.006493	64	123	178	244	442	0.134004	0.214632	0.272494	0.194505	0.184364	
0.006513	64	123	178	244	442	0.136543	0.210698	0.274627	0.195147	0.182985	
0.006533	64	123	178	344	442	0.134435	0.291583	0.282458	0.069431	0.222094	
0.006552	64	123	178	344	442	0.136244	0.288377	0.284048	0.070467	0.220864	
0.006572	64	123	178	344	442	0.138054	0.285171	0.285637	0.071503	0.219635	
0.006592	64	123	178	344	442	0.139864	0.281965	0.287227	0.072539	0.218406	
0.006611	64	123	178	344	442	0.141673	0.278759	0.288816	0.073575	0.217176	
0.006631	64	123	178	344	442	0.143483	0.275553	0.290406	0.074611	0.215947	
0.006651	64	123	178	344	442	0.145293	0.272347	0.291996	0.075647	0.214718	
0.006670	64	123	178	344	442	0.147102	0.269141	0.293585	0.076683	0.213488	
0.006690	64	123	178	344	442	0.148912	0.265935	0.295175	0.077719	0.212259	
0.006710	64	123	178	344	442	0.150722	0.262729	0.296764	0.078755	0.211029	
0.006729	64	123	178	344	442	0.152531	0.259524	0.298354	0.079791	0.209800	
0.006749	64	123	178	344	442	0.154341	0.256318	0.299943	0.080828	0.208571	
0.006769	35	64	123	178	442	0.130086	0.163995	0.233115	0.297932	0.174872	
0.006788	35	64	123	178	442	0.131129	0.166203	0.229537	0.299757	0.173374	
0.006808	35	64	123	178	442	0.132171	0.168411	0.225960	0.301581	0.171877	
0.006827	35	64	123	178	442	0.133214	0.170619	0.222382	0.303406	0.170379	
0.006847	35	64	123	178	442	0.134257	0.172827	0.218804	0.305231	0.168881	
0.006867	35	64	123	178	442	0.135300	0.175035	0.215227	0.307056	0.167383	
0.006886	35	64	123	178	442	0.136343	0.177243	0.211649	0.308880	0.165885	
0.006906	35	64	123	178	442	0.137385	0.179451	0.208072	0.310705	0.164387	
0.006926	35	64	123	178	442	0.138428	0.181658	0.204494	0.312530	0.162890	
0.006945	35	64	123	178	442	0.139471	0.183866	0.200916	0.314355	0.161392	
0.006965	35	64	123	178	442	0.140514	0.186074	0.197339	0.316179	0.159894	
0.006985	35	64	123	178	442	0.141556	0.188282	0.193761	0.318004	0.158396	
0.007004	35	64	123	178	442	0.142599	0.190490	0.190184	0.319829	0.156898	
0.007024	35	64	123	178	442	0.143642	0.192698	0.186606	0.321654	0.155400	
0.007044	64	123	178	344	442	0.181486	0.208229	0.323786	0.096369	0.190130	
0.007063	64	123	178	344	442	0.183296	0.205023	0.325376	0.097405	0.188901	
0.007083	64	123	178	344	442	0.185105	0.201817	0.326965	0.098441	0.187672	
0.007103	64	123	178	344	442	0.186915	0.198611	0.328555	0.099477	0.186442	
0.007122	64	123	178	344	442	0.188725	0.195405	0.330144	0.100513	0.185213	
0.007142	64	123	178	344	442	0.190534	0.192199	0.331734	0.101549	0.183984	
0.007162	64	123	178	344	442	0.192344	0.188993	0.333323	0.102586	0.182754	
0.007181	64	123	178	344	442	0.194154	0.185787	0.334913	0.103622	0.181525	
0.007201	64	123	178	344	442	0.195963	0.182581	0.336503	0.104658	0.180295	
0.007221	64	123	178	344	442	0.197773	0.179375	0.338092	0.105694	0.179066	
0.007240	64	123	178	344	442	0.199583	0.176169	0.339682	0.106730	0.177837	
0.007260	64	123	178	344	442	0.201392	0.172963	0.341271	0.107766	0.176607	
0.007280	64	123	178	344	442	0.203202	0.169757	0.342861	0.108802	0.175378	
0.007299	64	133	178	344	442	0.184601	0.198813	0.332311	0.109146	0.175129	
0.007319	64	133	178	344	442	0.186812	0.195366	0.334009	0.110243	0.173570	
0.007339	64	133	178	344	442	0.189022	0.191919	0.335706	0.111340	0.172012	
0.007358	64	133	178	344	442	0.191233	0.188472	0.337404	0.112437	0.170453	
0.007378	64	133	178	344	442	0.193444	0.185026	0.339102	0.113534	0.168894	
0.007398	64	133	178	344	442	0.195655	0.181579	0.340800	0.114631	0.167336	
0.007417	64	133	178	344	442	0.197866	0.178132	0.342497	0.115728	0.165777	
0.007437	64	133	178	344	442	0.200076	0.174685	0.344195	0.116825	0.164218	
0.007457	64	133	178	344	442	0.202287	0.171238	0.345893	0.117922	0.162660	
0.007476	64	133	178	344	442	0.204498	0.167791	0.347590	0.119019	0.161101	
0.007496	64	133	178	344	442	0.206709	0.164344	0.349288	0.120116	0.159543	
0.007516	64	133	178	344	442	0.208919	0.160897	0.350986	0.121213	0.157984	
0.007535	64	133	178	344	442	0.211130	0.157451	0.352684	0.122310	0.156425	
0.007555	64	178	244	344	442	0.182117	0.350396	0.185333	0.092607	0.189547	
0.007575	64	178	244	344	442	0.184728	0.351597	0.183165	0.094271	0.186239	
0.007594	64	178	244	344	442	0.187340	0.352798	0.180997	0.095934	0.182931	
0.007614	64	178	244	344	442	0.189952	0.353999	0.178829	0.097598	0.179623	
0.007634	64	133	178	276	344	0.185851	0.254830	0.339213	0.127194	0.092912	
0.007653	64	178	276	344	442	0.192573	0.354536	0.122105	0.079296	0.251490	
0.007673	64	178	276	344	442	0.194617	0.354650	0.123124	0.080554	0.247055	
0.007693	64	178	276	344	442	0.196662	0.354763	0.124142	0.081812	0.242621	
0.007712	64	178	276	344	442	0.198706	0.354877	0.125160	0.083070	0.238186	
0.007732	64	178	276	344	442	0.200751	0.354991	0.126178	0.084328	0.233752	
0.007752	64	178	276	344	442	0.202796	0.355105	0.127196	0.085586	0.229317	
0.007771	64	178	276	344	442	0.204840	0.355218	0.128215	0.086844	0.224883	
0.007791	64	178	276	344	442	0.206885	0.355332	0.129233	0.088102	0.220449	
0.007810	64	178	276	344	442	0.208929	0.355446	0.130251	0.089360	0.216014	
0.007830	64	178	276	344	442	0.210974	0.355559	0.131269	0.090618	0.211580	
0.007850	64	178	276	344	442	0.213018	0.355673	0.132288	0.091876	0.207145	
0.007869	64	178	244	344	442	0.223903	0.369615	0.150642	0.119221	0.136619	
0.007889	64	178	244	344	442	0.226514	0.370816	0.148474	0.120885	0.133311	
0.007909	64	178	244	344	442	0.229126	0.372017	0.146305	0.122548	0.130003	
0.007928	64	178	244	344	442	0.231737	0.373218	0.144137	0.124211	0.126695	
0.007948	64	178	244	344	442	0.234349	0.374420	0.141969	0.125875	0.123387	
0.007968	64	178	244	276	344	0.181026	0.384791	0.243289	0.122465	0.068429	
0.007987	64	178	276	344	442	0.227330	0.356469	0.139415	0.100681	0.176104	
0.008007	64	178	276	344	442	0.229375	0.356583	0.140434	0.101939	0.171670	
0.008027	64	178	276	344	442	0.231419	0.356697	0.141452	0.103197	0.167235	
0.008046	64	178	276	344	442	0.233464	0.356810	0.142470	0.104455	0.162801	
0.008066	64	178	276	344	442	0.235508	0.356924	0.143488	0.105713	0.158366	
0.008086	64	178	276	344	442	0.237553	0.357038	0.144507	0.106971	0.153932	
0.008105	64	178	276	344	442	0.239597	0.357152	0.145525	0.108229	0.149498	
0.008125	64	178	276	344	442	0.241642	0.357265	0.146543	0.109486	0.145063	
0.008145	64	178	276	344	442	0.243687	0.357379	0.147561	0.110744	0.140629	
0.008164	64	178	276	344	442	0.245731	0.357493	0.148580	0.112002	0.136194	
0.008184	64	178	276	344	442	0.247776	0.357607	0.149598	0.113260	0.131760	
0.008204	64	178	276	344	442	0.249820	0.357720	0.150616	0.114518	0.127325	
0.008223	64	178	276	344	442	0.251865	0.357834	0.151634	0.115776	0.122891	
0.008243	64	178	276	344	442	0.253909	0.357948	0.152653	0.117034	0.118457	
0.008263	64	178	276	344	442	0.255954	0.358061	0.153671	0.118292	0.114022	
0.008282	64	178	276	344	442	0.257998	0.358175	0.154689	0.119550	0.109588	
0.008302	64	178	276	344	442	0.260043	0.358289	0.155707	0.120808	0.105153	
0.008322	64	178	276	344	442	0.262087	0.358403	0.156725	0.122066	0.100719	
0.008341	64	178	276	344	442	0.264132	0.358516	0.157744	0.123324	0.096284	
0.008361	64	178	276	344	442	0.266177	0.358630	0.158762	0.124582	0.091850	
0.008381	64	178	276	344	442	0.268221	0.358744	0.159780	0.125839	0.087415	
0.008400	64	178	276	344	442	0.270266	0.358857	0.160798	0.127097	0.082981	
0.008420	35	64	178	276	344	0.110876	0.232105	0.426205	0.144253	0.086560	
0.008440	35	64	178	276	344	0.109834	0.235306	0.420338	0.145003	0.089519	
0.008459	35	64	178	276	344	0.108792	0.238508	0.414470	0.145754	0.092477	
0.008479	35	64	178	276	344	0.107750	0.241709	0.408602	0.146504	0.095436	
0.008499	35	64	178	276	344	0.106707	0.244910	0.402734	0.147254	0.098395	
0.008518	35	64	178	276	344	0.105665	0.248111	0.396867	0.148004	0.101353	
0.008538	35	64	178	276	344	0.104623	0.251312	0.390999	0.148754	0.104312	
0.008558	35	64	178	276	344	0.103581	0.254514	0.385131	0.149504	0.107270	
0.008577	35	64	178	276	344	0.102538	0.257715	0.379263	0.150254	0.110229	
0.008597	35	64	178	276	344	0.101496	0.260916	0.373396	0.151005	0.113188	
0.008617	35	64	178	276	344	0.100454	0.264117	0.367528	0.151755	0.116146	
0.008636	35	64	178	276	344	0.099412	0.267318	0.361660	0.152505	0.119105	
0.008656	35	64	178	276	344	0.098369	0.270519	0.355793	0.153255	0.122064	
0.008676	35	64	178	276	344	0.097327	0.273721	0.349925	0.154005	0.125022	
0.008695	35	64	178	276	344	0.096285	0.276922	0.344057	0.154755	0.127981	
0.008715	35	64	178	276	344	0.095243	0.280123	0.338189	0.155505	0.130940	
0.008735	35	64	178	276	344	0.094200	0.283324	0.332322	0.156255	0.133898	
0.008754	35	64	178	276	344	0.093158	0.286525	0.326454	0.157006	0.136857	
0.008774	35	64	178	276	344	0.092116	0.289727	0.320586	0.157756	0.139815	
0.008793	35	64	178	276	344	0.091074	0.292928	0.314719	0.158506	0.142774	
0.008813	35	64	178	276	344	0.090031	0.296129	0.308851	0.159256	0.145733	
0.008833	35	64	178	276	344	0.088989	0.299330	0.302983	0.160006	0.148691	
0.008852	35	64	178	276	344	0.087947	0.302531	0.297115	0.160756	0.151650	
0.008872	35	64	178	276	344	0.086905	0.305733	0.291248	0.161506	0.154609	
0.008892	35	64	178	276	344	0.085862	0.308934	0.285380	0.162257	0.157567	
0.008911	35	64	178	276	344	0.084820	0.312135	0.279512	0.163007	0.160526	
0.008931	35	64	178	276	344	0.083778	0.315336	0.273644	0.163757	0.163484	
0.008951	35	64	178	276	344	0.082736	0.318537	0.267777	0.164507	0.166443	
0.008970	35	64	178	276	344	0.081694	0.321739	0.261909	0.165257	0.169402	
0.008990	35	64	178	276	344	0.080651	0.324940	0.256041	0.166007	0.172360	
0.009010	35	64	178	276	344	0.079609	0.328141	0.250174	0.166757	0.175319	
0.009029	35	64	178	276	344	0.078567	0.331342	0.244306	0.167508	0.178278	
0.009049	35	64	178	276	344	0.077525	0.334543	0.238438	0.168258	0.181236	
0.009069	35	64	178	276	344	0.076482	0.337745	0.232570	0.169008	0.184195	
0.009088	35	64	178	276	344	0.075440	0.340946	0.226703	0.169758	0.187154	
0.009108	35	64	178	276	344	0.074398	0.344147	0.220835	0.170508	0.190112	
0.009128	35	64	178	276	344	0.073356	0.347348	0.214967	0.171258	0.193071	
0.009147	35	64	178	276	344	0.072313	0.350549	0.209100	0.172008	0.196029	
0.009167	35	64	178	276	344	0.071271	0.353750	0.203232	0.172758	0.198988	
0.009187	35	64	178	276	344	0.070229	0.356952	0.197364	0.173509	0.201947	
0.009206	35	64	178	276	344	0.069187	0.360153	0.191496	0.174259	0.204905	
0.009226	35	64	178	276	344	0.068144	0.363354	0.185629	0.175009	0.207864	
0.009246	35	64	178	276	344	0.067102	0.366555	0.179761	0.175759	0.210823	
0.009265	35	64	178	276	344	0.066060	0.369756	0.173893	0.176509	0.213781	
0.009285	35	64	178	276	344	0.065018	0.372958	0.168025	0.177259	0.216740	
0.009305	35	64	178	276	344	0.063975	0.376159	0.162158	0.178009	0.219699	
0.009324	35	64	178	276	344	0.062933	0.379360	0.156290	0.178760	0.222657	
0.009344	35	64	178	276	344	0.061891	0.382561	0.150422	0.179510	0.225616	
0.009364	35	64	178	276	344	0.060849	0.385762	0.144555	0.180260	0.228574	
0.009383	35	64	178	276	344	0.059807	0.388964	0.138687	0.181010	0.231533	
0.009403	35	64	178	276	344	0.058764	0.392165	0.132819	0.181760	0.234492	
0.009423	35	64	178	276	344	0.057722	0.395366	0.126951	0.182510	0.237450	
0.009442	35	64	178	276	344	0.056680	0.398567	0.121084	0.183260	0.240409	
0.009462	35	64	178	276	344	0.055638	0.401768	0.115216	0.184010	0.243368	
0.009482	35	64	178	276	344	0.054595	0.404969	0.109348	0.184761	0.246326	
0.009501	35	64	178	276	344	0.053553	0.408171	0.103481	0.185511	0.249285	
0.009521	35	64	178	276	344	0.052511	0.411372	0.097613	0.186261	0.252244	
0.009541	35	64	178	276	344	0.051469	0.414573	0.091745	0.187011	0.255202	
0.009560	35	64	178	276	344	0.050426	0.417774	0.085877	0.187761	0.258161	
0.009580	35	64	178	276	344	0.049384	0.420975	0.080010	0.188511	0.261120	
0.009600	35	64	178	276	344	0.048342	0.424177	0.074142	0.189261	0.264078	
0.009619	35	64	178	276	344	0.047300	0.427378	0.068274	0.190011	0.267037	
0.009639	35	64	178	276	344	0.046257	0.430579	0.062407	0.190761	0.269996	
0.009659	35	64	178	276	344	0.045215	0.433780	0.056539	0.191511	0.272954	
0.009678	35	64	178	276	344	0.044173	0.436981	0.050671	0.192262	0.275913	
0.009698	35	64	178	276	344	0.043131	0.440183	0.044804	0.193012	0.278872	
0.009718	35	64	178	276	344	0.042088	0.443384	0.038936	0.193762	0.281830	
0.009737	35	64	178	276	344	0.041046	0.446585	0.033069	0.194511	0.284789	
0.009757	35	64	178	276	344	0.040003	0.449786	0.027201	0.195261	0.287748	
0.009776	35	64	178	276	344	0.038961	0.452987	0.021334	0.196011	0.290707	
0.009796	35	64	178	276	344	0.037916	0.456189	0.015470	0.196758	0.293667	
0.009816	35	64	178	276	344	0.036502	0.459447	0.010041	0.197137	0.296873	
0.009835	35	64	276	344		0.038980	0.462114	0.201423	0.297483	
0.009855	35	64	276	344		0.032990	0.466065	0.197200	0.303744	
0.009875	35	64	276	344		0.027001	0.470017	0.192978	0.310005	
0.009894	35	64	276	344		0.021012	0.473968	0.188755	0.316265	
0.009914	35	64	276	344		0.015027	0.477918	0.184528	0.322527	
0.009934	35	64	276	344		0.010010	0.481629	0.179408	0.328952	
0.009953	64	276	344			0.486574	0.178893	0.334532	
0.009973	64	276	344			0.489046	0.169147	0.341807	
0.009993	64	276	344			0.491517	0.159401	0.349081	
0.010012	64	276	344			0.493989	0.149656	0.356355	
0.010032	64	276	344			0.496461	0.139910	0.363630	
0.010052	64	276	344			0.498932	0.130164	0.370904	
0.010071	64	276	344			0.501404	0.120418	0.378178	
0.010091	64	276	344			0.503876	0.110672	0.385453	
0.010111	64	276	344			0.506347	0.100926	0.392727	
0.010130	64	276	344			0.508819	0.091180	0.400001	
0.010150	64	276	344			0.511290	0.081434	0.407276	
0.010170	64	276	344			0.513762	0.071688	0.414550	
0.010189	64	276	344			0.516233	0.061942	0.421824	
0.010209	64	276	344			0.518705	0.052196	0.429099	
0.010229	64	276	344			0.521177	0.042450	0.436373	
0.010248	64	276	344			0.523649	0.032704	0.443647	
0.010268	64	276	344			0.526120	0.022958	0.450922	
0.010288	64	276	344			0.528590	0.013213	0.458197	
0.010307	64	344				0.537608	0.462392	
0.010327	64	344				0.521679	0.478321	
0.010347	64	344				0.505750	0.494250	
0.010366	64	344				0.489821	0.510179	
0.010386	64	344				0.473891	0.526109	
0.010406	64	344				0.457962	0.542038	
0.010425	64	344				0.442033	0.557967	
0.010445	64	344				0.426104	0.573896	
0.010465	64	344				0.410175	0.589825	
0.010484	64	344				0.394246	0.605754	
0.010504	64	344				0.378317	0.621683	
0.010524	64	344				0.362388	0.637612	
0.010543	64	344				0.346458	0.653542	
0.010563	64	344				0.330529	0.669471	
0.010583	64	344				0.314600	0.685400	
0.010602	64	344				0.298671	0.701329	
0.010622	64	344				0.282742	0.717258	
0.010642	64	344				0.266813	0.733187	
0.010661	64	344				0.250884	0.749116	
0.010681	64	344				0.234955	0.765045	
0.010700	64	344				0.219025	0.780975	
0.010720	64	344				0.203096	0.796904	
0.010740	64	344				0.187167	0.812833	
0.010759	64	344				0.171238	0.828762	
0.010779	64	344				0.155309	0.844691	
0.010799	64	344				0.139380	0.860620	
0.010818	64	344				0.123451	0.876549	
0.010838	64	344				0.107522	0.892478	
0.010858	64	344				0.091592	0.908408	
0.010877	64	344				0.075663	0.924337	
0.010897	64	344				0.059734	0.940266	
0.010917	64	344				0.043805	0.956195	
0.010936	64	344				0.027876	0.972124	
0.010956	64	344				0.011947	0.988053	
