0.009794	38										1.000000	
0.009779	13	38									0.015899	0.984101	
0.009763	13	38									0.031799	0.968201	
0.009748	13	38									0.047698	0.952302	
0.009732	13	38									0.063597	0.936403	
0.009717	13	38									0.079495	0.920505	
0.009702	13	38									0.095395	0.904605	
0.009686	13	38									0.111294	0.888706	
0.009671	13	38									0.127193	0.872807	
0.009655	13	38									0.143092	0.856908	
0.009640	13	38									0.158992	0.841008	
0.009625	13	38									0.174891	0.825109	
0.009609	13	38									0.190790	0.809210	
0.009594	13	38									0.206689	0.793311	
0.009579	13	38									0.222588	0.777412	
0.009563	13	38									0.238487	0.761513	
0.009548	13	38									0.254386	0.745614	
0.009532	13	38									0.270286	0.729714	
0.009517	13	38									0.286185	0.713815	
0.009502	13	38									0.302084	0.697916	
0.009486	13	38									0.317983	0.682017	
0.009471	13	38									0.333883	0.666117	
0.009455	13	38									0.349782	0.650218	
0.009440	13	38									0.365680	0.634320	
0.009425	13	38									0.381579	0.618421	
0.009409	13	38									0.397479	0.602521	
0.009394	13	38									0.413378	0.586622	
0.009378	13	38									0.429277	0.570723	
0.009363	13	38									0.445177	0.554823	
0.009348	13	38									0.461076	0.538924	
0.009332	13	38									0.476975	0.523025	
0.009317	13	38									0.492874	0.507126	
0.009302	13	38									0.508773	0.491227	
0.009286	13	38									0.524672	0.475328	
0.009271	13	38									0.540571	0.459429	
0.009255	13	38									0.556471	0.443529	
0.009240	13	29	38								0.546580	0.010922	0.442498	
0.009225	13	29	38								0.543996	0.018749	0.437255	
0.009209	13	29	38								0.541413	0.026577	0.432011	
0.009194	13	29	38								0.538829	0.034404	0.426767	
0.009178	13	29	38								0.536246	0.042231	0.421523	
0.009163	13	29	38								0.533663	0.050058	0.416279	
0.009148	13	29	38								0.531079	0.057885	0.411035	
0.009132	13	29	38								0.528496	0.065712	0.405792	
0.009117	13	29	38								0.525913	0.073540	0.400548	
0.009101	13	29	38								0.523329	0.081367	0.395304	
0.009086	13	29	38								0.520746	0.089194	0.390060	
0.009071	13	29	38								0.518162	0.097022	0.384816	
0.009055	13	29	38								0.515579	0.104849	0.379572	
0.009040	13	29	38								0.512996	0.112676	0.374328	
0.009024	13	29	38								0.510412	0.120503	0.369084	
0.009009	13	29	38								0.507829	0.128330	0.363841	
0.008994	13	29	38								0.505246	0.136158	0.358597	
0.008978	13	29	38								0.502662	0.143985	0.353353	
0.008963	13	29	38								0.500079	0.151812	0.348109	
0.008947	13	29	38								0.497495	0.159639	0.342865	
0.008932	13	29	38								0.494912	0.167467	0.337621	
0.008917	13	29	38								0.492329	0.175294	0.332377	
0.008901	13	29	38								0.489745	0.183121	0.327134	
0.008886	13	29	38								0.487162	0.190948	0.321890	
0.008871	13	29	38								0.484579	0.198775	0.316646	
0.008855	13	29	38								0.481995	0.206603	0.311402	
0.008840	13	29	38								0.479412	0.214430	0.306158	
0.008824	13	29	38								0.476828	0.222257	0.300915	
0.008809	13	29	38								0.474245	0.230083	0.295671	
0.008794	13	29	38								0.471662	0.237909	0.290428	
0.008778	13	29	38								0.469079	0.245735	0.285185	
0.008763	2	13	29	38							0.013624	0.467844	0.227084	0.291449	
0.008747	2	13	29	38							0.017323	0.465627	0.227721	0.289330	
0.008732	2	13	29	38							0.021021	0.463410	0.228358	0.287211	
0.008717	2	13	29	38							0.024720	0.461192	0.228996	0.285092	
0.008701	2	13	29	38							0.028419	0.458975	0.229633	0.282973	
0.008686	2	13	29	38							0.032118	0.456758	0.230270	0.280854	
0.008670	2	13	29	38							0.035817	0.454541	0.230908	0.278735	
0.008655	2	13	29	38							0.039516	0.452324	0.231545	0.276616	
0.008640	2	13	29	38							0.043214	0.450107	0.232182	0.274497	
0.008624	2	13	29	38							0.046913	0.447889	0.232820	0.272378	
0.008609	2	13	29	38							0.050612	0.445672	0.233457	0.270258	
0.008594	2	13	29	38							0.054311	0.443455	0.234094	0.268140	
0.008578	2	13	29	38							0.058010	0.441238	0.234732	0.266021	
0.008563	2	13	29	38							0.061709	0.439021	0.235369	0.263902	
0.008547	2	13	29	38							0.065407	0.436804	0.236006	0.261783	
0.008532	2	13	29	38							0.069106	0.434587	0.236644	0.259663	
0.008517	2	13	29	38							0.072805	0.432369	0.237281	0.257544	
0.008501	2	13	29	38							0.076504	0.430152	0.237918	0.255425	
0.008486	2	13	29	38							0.080203	0.427935	0.238556	0.253306	
0.008470	2	13	29	38							0.083902	0.425718	0.239193	0.251187	
0.008455	2	13	29	38							0.087600	0.423501	0.239830	0.249068	
0.008440	2	13	29	38							0.091299	0.421284	0.240467	0.246949	
0.008424	2	13	29	38							0.094998	0.419067	0.241105	0.244830	
0.008409	2	13	29	38							0.098697	0.416849	0.241742	0.242711	
0.008393	2	13	29	38							0.102396	0.414632	0.242379	0.240592	
0.008378	2	13	29	38							0.106095	0.412415	0.243017	0.238473	
0.008363	2	13	29	38							0.109794	0.410198	0.243654	0.236354	
0.008347	2	13	29	37	38						0.103756	0.407487	0.240794	0.011939	0.236024	
0.008332	2	13	29	37	38						0.105731	0.405182	0.240812	0.014053	0.234222	
0.008316	2	13	29	37	38						0.107705	0.402877	0.240830	0.016168	0.232419	
0.008301	2	13	29	37	38						0.109680	0.400573	0.240848	0.018282	0.230617	
0.008286	2	13	29	37	38						0.111654	0.398268	0.240866	0.020397	0.228815	
0.008270	2	13	29	37	38						0.113629	0.395963	0.240884	0.022511	0.227013	
0.008255	2	13	29	37	38						0.115603	0.393659	0.240902	0.024626	0.225210	
0.008240	2	13	29	37	38						0.117578	0.391354	0.240920	0.026740	0.223408	
0.008224	2	13	29	37	38						0.119552	0.389049	0.240938	0.028854	0.221606	
0.008209	2	13	29	37	38						0.121527	0.386745	0.240956	0.030969	0.219804	
0.008193	2	13	29	37	38						0.123501	0.384440	0.240974	0.033083	0.218001	
0.008178	2	13	29	37	38						0.125476	0.382135	0.240992	0.035198	0.216199	
0.008163	2	13	29	37	38						0.127450	0.379831	0.241010	0.037312	0.214397	
0.008147	2	13	29	37	38						0.129425	0.377526	0.241028	0.039427	0.212595	
0.008132	2	13	29	37	38						0.131399	0.375221	0.241046	0.041541	0.210792	
0.008116	2	13	29	37	38						0.133374	0.372916	0.241064	0.043656	0.208990	
0.008101	2	13	29	37	38						0.135348	0.370612	0.241082	0.045770	0.207188	
0.008086	2	13	29	37	38						0.137323	0.368307	0.241100	0.047885	0.205385	
0.008070	2	13	29	37	38	49					0.132468	0.368775	0.239018	0.043287	0.206452	0.010000	
0.008055	2	13	29	37	38	49					0.134096	0.366611	0.238930	0.045061	0.204795	0.010507	
0.008039	2	13	29	37	38	49					0.134549	0.364924	0.238480	0.045680	0.203632	0.012735	
0.008024	2	13	29	37	38	49					0.135002	0.363237	0.238031	0.046299	0.202469	0.014962	
0.008009	2	13	29	37	38	49					0.135456	0.361550	0.237581	0.046919	0.201306	0.017189	
0.007993	2	13	29	37	38	49					0.135909	0.359862	0.237131	0.047538	0.200142	0.019417	
0.007978	2	13	29	37	38	49					0.136363	0.358175	0.236682	0.048158	0.198979	0.021644	
0.007962	2	13	29	37	38	49					0.136816	0.356488	0.236232	0.048777	0.197816	0.023871	
0.007947	2	13	29	37	38	49					0.137269	0.354801	0.235782	0.049396	0.196652	0.026099	
0.007932	2	13	29	37	38	49					0.137723	0.353114	0.235333	0.050016	0.195489	0.028326	
0.007916	2	13	29	37	38	49					0.138176	0.351427	0.234883	0.050635	0.194326	0.030553	
0.007901	2	13	29	37	38	49					0.138629	0.349739	0.234433	0.051255	0.193163	0.032781	
0.007886	2	13	29	37	38	49					0.139083	0.348052	0.233984	0.051874	0.191999	0.035008	
0.007870	2	13	29	37	38	49					0.139536	0.346365	0.233534	0.052493	0.190836	0.037235	
0.007855	2	13	29	37	38	49					0.139989	0.344678	0.233084	0.053113	0.189673	0.039463	
0.007839	2	13	29	37	38	49	61				0.137570	0.345569	0.231740	0.050446	0.189996	0.034679	0.010000	
0.007824	2	13	29	37	38	49	61				0.138023	0.343882	0.231290	0.051065	0.188833	0.036907	0.010000	
0.007809	2	13	29	37	38	49	61				0.138477	0.342195	0.230840	0.051684	0.187670	0.039134	0.010000	
0.007793	2	13	29	37	38	49	61				0.138615	0.340790	0.230293	0.051943	0.186670	0.040593	0.011096	
0.007778	2	13	29	37	38	49	61				0.138614	0.339511	0.229701	0.052043	0.185742	0.041711	0.012679	
0.007762	2	13	29	37	38	49	61				0.138612	0.338232	0.229110	0.052142	0.184814	0.042828	0.014262	
0.007747	2	13	29	37	38	49	61				0.138611	0.336953	0.228519	0.052241	0.183886	0.043946	0.015844	
0.007732	2	13	29	37	38	49	61				0.138610	0.335674	0.227927	0.052340	0.182958	0.045064	0.017427	
0.007716	2	13	29	37	38	49	61				0.138608	0.334395	0.227336	0.052440	0.182030	0.046182	0.019009	
0.007701	2	13	29	37	38	49	61				0.138607	0.333116	0.226745	0.052539	0.181102	0.047300	0.020592	
0.007685	2	13	29	37	38	49	61				0.138606	0.331837	0.226154	0.052638	0.180174	0.048417	0.022175	
0.007670	2	13	29	37	38	49	61				0.138604	0.330557	0.225562	0.052737	0.179246	0.049535	0.023757	
0.007655	2	13	29	37	38	49	61				0.138603	0.329278	0.224971	0.052837	0.178318	0.050653	0.025340	
0.007639	2	13	29	37	38	49	61				0.138602	0.327999	0.224380	0.052936	0.177390	0.051771	0.026923	
0.007624	2	13	29	37	38	49					0.146790	0.319370	0.226339	0.062404	0.172223	0.072874	
0.007608	2	13	29	37	38	49	61				0.138599	0.325441	0.223197	0.053134	0.175534	0.054006	0.030088	
0.007593	2	13	29	37	38	49	61				0.138598	0.324162	0.222606	0.053234	0.174606	0.055124	0.031671	
0.007578	2	13	29	37	38	49	61				0.138597	0.322883	0.222014	0.053333	0.173678	0.056242	0.033253	
0.007562	2	13	29	37	38	49	61				0.138595	0.321604	0.221423	0.053432	0.172750	0.057360	0.034836	
0.007547	2	13	29	37	38	49	61				0.138594	0.320324	0.220832	0.053531	0.171822	0.058478	0.036419	
0.007532	2	13	29	37	38	49	61				0.138593	0.319045	0.220240	0.053631	0.170894	0.059596	0.038001	
0.007516	2	13	29	37	38	49	61				0.138591	0.317766	0.219649	0.053730	0.169966	0.060713	0.039584	
0.007501	2	13	29	37	38	49	61				0.138590	0.316487	0.219058	0.053829	0.169038	0.061831	0.041167	
0.007485	2	13	29	37	38	49	57	61			0.137533	0.316417	0.218232	0.052961	0.169054	0.060125	0.010813	0.034865	
0.007470	2	13	29	37	38	49	57	61			0.137426	0.315259	0.217617	0.052963	0.168221	0.060958	0.011903	0.035652	
0.007455	2	13	29	37	38	49	57	61			0.137318	0.314102	0.217002	0.052965	0.167389	0.061791	0.012994	0.036439	
0.007439	2	13	29	37	38	49	57	61			0.137210	0.312945	0.216387	0.052966	0.166556	0.062624	0.014085	0.037227	
0.007424	2	13	29	37	38	49	57	61			0.137102	0.311788	0.215772	0.052968	0.165723	0.063457	0.015175	0.038014	
0.007408	2	13	29	37	38	49	57	61			0.136995	0.310631	0.215157	0.052970	0.164890	0.064291	0.016266	0.038801	
0.007393	2	13	29	37	38	49	57	61			0.136887	0.309473	0.214542	0.052972	0.164058	0.065124	0.017357	0.039589	
0.007378	2	13	29	37	38	49	57	61			0.136779	0.308316	0.213927	0.052973	0.163225	0.065957	0.018447	0.040376	
0.007362	2	13	29	37	38	49	57	61			0.136671	0.307159	0.213312	0.052975	0.162392	0.066790	0.019538	0.041163	
0.007347	2	13	29	37	38	49	57	61			0.136564	0.306002	0.212697	0.052977	0.161559	0.067623	0.020629	0.041951	
0.007331	2	13	29	37	38	49	57	61			0.136456	0.304845	0.212082	0.052978	0.160727	0.068456	0.021719	0.042738	
0.007316	2	13	29	37	38	49	57	61			0.136348	0.303687	0.211467	0.052980	0.159894	0.069289	0.022810	0.043525	
0.007301	2	13	29	37	38	49	61				0.138573	0.299858	0.211371	0.055119	0.156974	0.076363	0.061742	
0.007285	2	13	29	37	38	49	61				0.138572	0.298579	0.210779	0.055219	0.156046	0.077481	0.063324	
0.007270	2	13	29	37	38	49	61				0.138570	0.297300	0.210188	0.055318	0.155118	0.078599	0.064907	
0.007254	2	13	29	37	38	49	61				0.138569	0.296021	0.209597	0.055417	0.154190	0.079716	0.066490	
0.007239	2	13	29	37	38	49	61				0.138568	0.294742	0.209006	0.055516	0.153262	0.080834	0.068072	
0.007224	2	13	29	37	38	49	61				0.138566	0.293463	0.208414	0.055615	0.152334	0.081952	0.069655	
0.007208	2	13	29	37	38	49	61				0.138565	0.292184	0.207823	0.055715	0.151406	0.083070	0.071238	
0.007193	2	13	29	37	38	49	61				0.138564	0.290904	0.207232	0.055814	0.150478	0.084187	0.072820	
0.007177	2	13	29	37	38	49	61				0.138562	0.289625	0.206640	0.055913	0.149551	0.085305	0.074403	
0.007162	2	13	29	37	38	49	61				0.138561	0.288346	0.206049	0.056012	0.148623	0.086423	0.075985	
0.007147	2	13	29	37	38	49	57	61			0.135163	0.290959	0.204702	0.052999	0.150734	0.078451	0.034807	0.052186	
0.007131	2	13	29	37	38	49	57	61			0.135055	0.289801	0.204087	0.053000	0.149901	0.079284	0.035898	0.052973	
0.007116	2	13	29	37	38	49	57	61			0.134947	0.288644	0.203472	0.053002	0.149069	0.080117	0.036988	0.053760	
0.007101	2	13	29	37	38	49	57	61			0.134840	0.287487	0.202857	0.053004	0.148236	0.080950	0.038079	0.054548	
0.007085	2	13	29	37	38	49	57	61			0.134732	0.286330	0.202242	0.053006	0.147403	0.081783	0.039169	0.055335	
0.007070	2	13	29	37	38	49	57	61			0.134624	0.285173	0.201627	0.053007	0.146570	0.082616	0.040260	0.056122	
0.007054	2	13	29	37	38	49	57	61			0.134516	0.284016	0.201012	0.053009	0.145738	0.083449	0.041351	0.056910	
0.007039	2	13	29	37	38	49	57	61			0.134409	0.282858	0.200397	0.053011	0.144905	0.084282	0.042441	0.057697	
0.007024	2	13	29	37	38	49	57	61			0.134301	0.281701	0.199782	0.053012	0.144072	0.085115	0.043532	0.058484	
0.007008	2	13	29	37	38	49	57	61			0.134193	0.280544	0.199167	0.053014	0.143239	0.085948	0.044623	0.059271	
0.006993	2	13	29	37	38	49	57	61			0.134085	0.279387	0.198552	0.053016	0.142407	0.086781	0.045713	0.060059	
0.006977	2	13	29	37	38	49	57	61			0.133978	0.278230	0.197937	0.053018	0.141574	0.087614	0.046804	0.060846	
0.006962	2	13	29	37	38	49	57	61			0.133870	0.277073	0.197322	0.053019	0.140741	0.088447	0.047894	0.061633	
0.006947	2	13	29	37	38	49	57	61			0.133762	0.275915	0.196707	0.053021	0.139909	0.089280	0.048985	0.062421	
0.006931	2	13	29	37	38	49	57	61			0.133654	0.274758	0.196092	0.053023	0.139076	0.090113	0.050076	0.063208	
0.006916	2	13	29	37	38	49	57	61			0.133547	0.273601	0.195477	0.053024	0.138243	0.090946	0.051166	0.063995	
0.006900	2	13	29	37	38	49	57	61	71		0.132265	0.272567	0.196435	0.051426	0.139251	0.086263	0.043305	0.056397	0.022091	
0.006885	2	13	29	37	38	49	57	61			0.133331	0.271287	0.194247	0.053028	0.136578	0.092612	0.053347	0.065570	
0.006870	2	13	29	37	38	49	57	61			0.133223	0.270130	0.193632	0.053029	0.135745	0.093445	0.054438	0.066357	
0.006854	2	13	29	37	38	49	57	61			0.133116	0.268973	0.193017	0.053031	0.134912	0.094278	0.055529	0.067144	
0.006839	2	13	29	37	38	49	57	61			0.133008	0.267815	0.192402	0.053033	0.134080	0.095111	0.056619	0.067932	
0.006823	2	13	29	37	38	49	57	61			0.132900	0.266658	0.191787	0.053035	0.133247	0.095944	0.057710	0.068719	
0.006808	2	13	29	37	38	49	57	61			0.132792	0.265501	0.191172	0.053036	0.132414	0.096777	0.058800	0.069506	
0.006793	2	13	29	37	38	49	57	61	71		0.131186	0.264501	0.192566	0.050995	0.133931	0.090566	0.048460	0.059585	0.028208	
0.006777	2	13	29	37	38	49	57	61	68	71	0.130295	0.265019	0.190608	0.050013	0.134743	0.088458	0.044654	0.056931	0.014251	0.025028	
0.006762	2	13	29	37	38	49	57	61	71		0.130877	0.262197	0.191461	0.050872	0.132412	0.091796	0.049933	0.060496	0.029956	
0.006747	2	13	29	37	38	49	57	61	71		0.130723	0.261045	0.190908	0.050810	0.131652	0.092410	0.050670	0.060952	0.030830	
0.006731	2	13	29	37	38	49	57	61	68	71	0.129620	0.262043	0.188545	0.049563	0.132916	0.089519	0.045556	0.057402	0.018351	0.026483	
0.006716	2	13	29	37	38	49	57	61	71		0.130415	0.258740	0.189803	0.050687	0.130132	0.093640	0.052143	0.061863	0.032578	
0.006700	2	13	29	37	38	49	57	61	71		0.130260	0.257588	0.189250	0.050626	0.129372	0.094254	0.052879	0.062318	0.033452	
0.006685	2	13	29	37	38	49	57	61	71		0.130106	0.256436	0.188697	0.050564	0.128612	0.094869	0.053616	0.062774	0.034326	
0.006670	2	13	29	37	38	49	57	61	71		0.129952	0.255283	0.188145	0.050502	0.127852	0.095484	0.054352	0.063229	0.035200	
0.006654	2	13	29	37	38	49	57	61	71		0.129798	0.254131	0.187592	0.050441	0.127092	0.096099	0.055088	0.063685	0.036074	
0.006639	2	13	29	37	38	49	57	61	71		0.129644	0.252979	0.187039	0.050379	0.126333	0.096713	0.055825	0.064140	0.036948	
0.006623	2	13	29	37	38	49	57	61	71		0.129489	0.251827	0.186486	0.050318	0.125573	0.097328	0.056561	0.064596	0.037822	
0.006608	2	13	29	37	38	49	57	61	71		0.129335	0.250674	0.185934	0.050256	0.124813	0.097943	0.057298	0.065051	0.038696	
0.006593	2	13	29	37	38	49	57	61	71		0.129181	0.249522	0.185381	0.050194	0.124053	0.098557	0.058034	0.065507	0.039570	
0.006577	2	13	29	37	38	49	57	61	71		0.129027	0.248370	0.184828	0.050133	0.123293	0.099172	0.058771	0.065962	0.040444	
0.006562	2	13	29	37	38	49	57	61	68	71	0.127147	0.251131	0.180982	0.047915	0.126216	0.093409	0.048864	0.059131	0.033386	0.031819	
0.006546	2	13	29	37	38	49	57	61	68	71	0.126922	0.250139	0.180294	0.047765	0.125606	0.093762	0.049165	0.059288	0.034753	0.032305	
0.006531	2	13	29	37	38	49	57	61	68	71	0.126698	0.249147	0.179607	0.047615	0.124997	0.094116	0.049466	0.059446	0.036120	0.032790	
0.006516	2	13	29	37	38	49	57	61	68	71	0.126473	0.248155	0.178919	0.047465	0.124388	0.094469	0.049766	0.059603	0.037487	0.033275	
0.006500	2	13	29	37	38	49	57	61	68	71	0.126248	0.247163	0.178231	0.047315	0.123779	0.094823	0.050067	0.059760	0.038854	0.033760	
0.006485	2	13	29	37	38	49	57	61	68	71	0.126023	0.246171	0.177544	0.047165	0.123170	0.095177	0.050368	0.059917	0.040221	0.034245	
0.006469	2	13	29	37	38	49	57	61	68	71	0.125798	0.245179	0.176856	0.047015	0.122561	0.095530	0.050668	0.060074	0.041588	0.034730	
0.006454	2	13	29	37	38	49	57	61	68	71	0.125573	0.244186	0.176169	0.046866	0.121952	0.095884	0.050969	0.060232	0.042954	0.035215	
0.006439	2	13	29	37	38	49	57	61	68	71	0.125349	0.243194	0.175481	0.046716	0.121342	0.096237	0.051270	0.060389	0.044321	0.035700	
0.006423	2	13	29	37	38	49	57	61	68	71	0.125124	0.242202	0.174794	0.046566	0.120733	0.096591	0.051571	0.060546	0.045688	0.036185	
0.006408	2	13	29	37	38	49	57	61	68	71	0.124899	0.241210	0.174106	0.046416	0.120124	0.096945	0.051871	0.060703	0.047055	0.036671	
0.006393	2	13	29	37	38	49	57	61	68	71	0.124674	0.240218	0.173419	0.046266	0.119515	0.097298	0.052172	0.060860	0.048422	0.037156	
0.006377	2	13	29	37	38	49	57	61	68	71	0.124449	0.239226	0.172731	0.046116	0.118906	0.097652	0.052473	0.061018	0.049789	0.037641	
0.006362	2	13	29	37	38	49	57	61	68	71	0.124224	0.238234	0.172043	0.045966	0.118297	0.098005	0.052773	0.061175	0.051156	0.038126	
0.006346	2	13	29	37	38	49	57	61	68	71	0.124000	0.237242	0.171356	0.045816	0.117688	0.098359	0.053074	0.061332	0.052522	0.038611	
0.006331	2	13	29	37	38	49	57	61	68	71	0.123775	0.236250	0.170668	0.045666	0.117079	0.098713	0.053375	0.061489	0.053889	0.039096	
0.006316	2	13	29	37	38	49	57	61	68	71	0.123550	0.235258	0.169981	0.045517	0.116469	0.099066	0.053676	0.061646	0.055256	0.039581	
0.006300	2	13	29	37	38	49	57	61	68	71	0.123325	0.234266	0.169293	0.045367	0.115860	0.099420	0.053976	0.061803	0.056623	0.040066	
0.006285	2	13	29	37	38	49	57	61	68	71	0.123100	0.233274	0.168606	0.045217	0.115251	0.099773	0.054277	0.061961	0.057990	0.040551	
0.006269	2	13	29	37	38	49	57	61	68	71	0.122875	0.232282	0.167918	0.045067	0.114642	0.100127	0.054578	0.062118	0.059357	0.041036	
0.006254	2	13	29	37	38	49	57	61	68	71	0.122651	0.231290	0.167230	0.044917	0.114033	0.100481	0.054878	0.062275	0.060724	0.041522	
0.006239	2	13	29	37	38	49	57	61	68	71	0.122426	0.230298	0.166543	0.044767	0.113424	0.100834	0.055179	0.062432	0.062090	0.042007	
0.006223	2	13	29	37	38	49	57	61	68	71	0.122201	0.229306	0.165855	0.044617	0.112815	0.101188	0.055480	0.062589	0.063457	0.042492	
0.006208	2	13	29	37	38	49	57	61	68	71	0.121976	0.228314	0.165168	0.044467	0.112205	0.101541	0.055781	0.062747	0.064824	0.042977	
0.006192	2	13	29	37	38	49	57	61	68	71	0.121751	0.227322	0.164480	0.044318	0.111596	0.101895	0.056081	0.062904	0.066191	0.043462	
0.006177	2	13	29	37	38	49	57	61	68	71	0.121526	0.226330	0.163793	0.044168	0.110987	0.102249	0.056382	0.063061	0.067558	0.043947	
0.006162	2	13	29	37	38	49	57	61	68	71	0.121302	0.225338	0.163105	0.044018	0.110378	0.102602	0.056683	0.063218	0.068925	0.044432	
0.006146	2	13	29	37	38	49	57	61	68	71	0.121077	0.224346	0.162417	0.043868	0.109769	0.102956	0.056983	0.063375	0.070292	0.044917	
0.006131	2	13	29	37	38	49	57	61	68	71	0.120852	0.223353	0.161730	0.043718	0.109160	0.103309	0.057284	0.063533	0.071658	0.045402	
0.006115	2	13	29	37	38	49	57	61	68	71	0.120627	0.222361	0.161042	0.043568	0.108551	0.103663	0.057585	0.063690	0.073025	0.045888	
0.006100	2	13	29	37	38	49	57	61	68	71	0.120402	0.221369	0.160355	0.043418	0.107941	0.104017	0.057886	0.063847	0.074392	0.046373	
0.006085	2	13	29	37	38	49	57	61	68	71	0.120177	0.220377	0.159667	0.043268	0.107332	0.104370	0.058186	0.064004	0.075759	0.046858	
0.006069	2	13	29	37	38	49	57	61	68	71	0.119953	0.219385	0.158980	0.043119	0.106723	0.104724	0.058487	0.064161	0.077126	0.047343	
0.006054	2	13	29	37	38	49	57	61	68	71	0.119728	0.218393	0.158292	0.042969	0.106114	0.105077	0.058788	0.064319	0.078493	0.047828	
0.006039	2	13	29	37	38	49	57	61	68	71	0.119503	0.217401	0.157604	0.042819	0.105505	0.105431	0.059088	0.064476	0.079860	0.048313	
0.006023	2	13	29	37	38	49	57	61	68	71	0.119278	0.216409	0.156917	0.042669	0.104896	0.105785	0.059389	0.064633	0.081227	0.048798	
0.006008	2	13	29	37	38	49	57	61	68	71	0.119053	0.215417	0.156229	0.042519	0.104287	0.106138	0.059690	0.064790	0.082593	0.049283	
0.005992	2	13	29	37	38	49	57	61	68	71	0.118828	0.214425	0.155542	0.042369	0.103677	0.106492	0.059991	0.064947	0.083960	0.049768	
0.005977	2	13	29	37	38	49	57	61	68	71	0.118604	0.213433	0.154854	0.042219	0.103068	0.106845	0.060291	0.065105	0.085327	0.050254	
0.005962	2	13	29	37	38	49	57	61	68	71	0.118379	0.212441	0.154166	0.042069	0.102459	0.107199	0.060592	0.065262	0.086694	0.050739	
0.005946	2	13	29	37	38	49	57	61	68	71	0.118154	0.211449	0.153479	0.041919	0.101850	0.107553	0.060893	0.065419	0.088061	0.051224	
0.005931	2	13	29	37	38	49	57	61	68	71	0.117929	0.210457	0.152791	0.041770	0.101241	0.107906	0.061194	0.065576	0.089428	0.051709	
0.005915	2	13	29	37	38	49	57	61	68	71	0.117704	0.209464	0.152104	0.041620	0.100632	0.108260	0.061494	0.065733	0.090795	0.052194	
0.005900	2	13	29	37	38	49	57	61	68	71	0.117479	0.208472	0.151416	0.041470	0.100023	0.108613	0.061795	0.065891	0.092162	0.052679	
0.005885	2	13	29	37	38	49	57	61	68	71	0.117255	0.207480	0.150729	0.041320	0.099413	0.108967	0.062096	0.066048	0.093529	0.053164	
0.005869	2	13	29	37	38	49	57	61	68	71	0.117030	0.206488	0.150041	0.041170	0.098804	0.109321	0.062396	0.066205	0.094895	0.053649	
0.005854	2	13	29	37	38	49	57	61	68	71	0.116805	0.205496	0.149353	0.041020	0.098195	0.109674	0.062697	0.066362	0.096262	0.054134	
0.005838	2	13	29	37	38	49	57	61	68	71	0.116580	0.204504	0.148666	0.040870	0.097586	0.110028	0.062998	0.066519	0.097629	0.054620	
0.005823	2	13	29	37	38	49	57	61	68	71	0.116355	0.203512	0.147978	0.040720	0.096977	0.110381	0.063299	0.066677	0.098996	0.055105	
0.005808	2	13	29	37	38	49	57	61	68	71	0.116130	0.202520	0.147291	0.040570	0.096368	0.110735	0.063599	0.066834	0.100363	0.055590	
0.005792	2	13	29	37	38	49	57	61	68	71	0.115906	0.201528	0.146603	0.040421	0.095759	0.111089	0.063900	0.066991	0.101730	0.056075	
0.005777	2	13	29	37	38	49	57	61	68	71	0.115681	0.200536	0.145915	0.040271	0.095149	0.111442	0.064201	0.067148	0.103097	0.056560	
0.005761	2	13	29	37	38	49	57	61	68	71	0.115456	0.199544	0.145228	0.040121	0.094540	0.111796	0.064501	0.067305	0.104464	0.057045	
0.005746	2	13	29	37	38	49	57	61	68	71	0.115231	0.198552	0.144540	0.039971	0.093931	0.112149	0.064802	0.067462	0.105830	0.057530	
0.005731	2	13	29	37	38	49	57	61	68	71	0.115006	0.197560	0.143853	0.039821	0.093322	0.112503	0.065103	0.067620	0.107197	0.058015	
0.005715	2	13	29	37	38	49	57	61	68	71	0.114781	0.196568	0.143165	0.039671	0.092713	0.112857	0.065404	0.067777	0.108564	0.058501	
0.005700	2	13	29	37	38	49	57	61	68	71	0.114557	0.195576	0.142478	0.039521	0.092104	0.113210	0.065704	0.067934	0.109931	0.058986	
0.005684	2	13	29	37	38	49	57	61	68	71	0.114332	0.194583	0.141790	0.039371	0.091495	0.113564	0.066005	0.068091	0.111298	0.059471	
0.005669	2	13	29	37	38	49	57	61	68	71	0.114107	0.193591	0.141102	0.039222	0.090885	0.113917	0.066306	0.068248	0.112665	0.059956	
0.005654	2	13	29	37	38	49	57	61	68	71	0.113882	0.192599	0.140415	0.039072	0.090276	0.114271	0.066606	0.068406	0.114032	0.060441	
0.005638	2	13	29	37	38	49	57	61	68	71	0.113657	0.191607	0.139727	0.038922	0.089667	0.114625	0.066907	0.068563	0.115399	0.060926	
0.005623	2	13	29	37	38	49	57	61	68	71	0.113432	0.190615	0.139040	0.038772	0.089058	0.114978	0.067208	0.068720	0.116766	0.061411	
0.005608	2	13	29	37	38	49	57	61	68	71	0.113208	0.189623	0.138352	0.038622	0.088449	0.115332	0.067509	0.068877	0.118132	0.061896	
0.005592	2	13	29	37	38	49	57	61	68	71	0.112983	0.188631	0.137664	0.038472	0.087840	0.115685	0.067809	0.069034	0.119499	0.062381	
0.005577	2	13	29	37	38	49	57	61	68	71	0.112758	0.187639	0.136977	0.038322	0.087230	0.116039	0.068110	0.069192	0.120866	0.062867	
0.005561	2	13	29	37	38	49	57	61	68	71	0.112533	0.186647	0.136289	0.038172	0.086621	0.116393	0.068411	0.069349	0.122233	0.063352	
0.005546	2	13	29	37	38	49	57	61	68	71	0.112308	0.185655	0.135602	0.038022	0.086012	0.116746	0.068712	0.069506	0.123600	0.063837	
0.005531	2	13	29	37	38	49	57	61	68	71	0.112083	0.184663	0.134914	0.037873	0.085403	0.117100	0.069012	0.069663	0.124967	0.064322	
0.005515	2	13	29	37	38	49	57	61	68	71	0.111858	0.183671	0.134226	0.037723	0.084794	0.117454	0.069313	0.069820	0.126334	0.064807	
0.005500	2	13	29	37	38	49	57	61	68	71	0.111634	0.182679	0.133539	0.037573	0.084185	0.117807	0.069614	0.069978	0.127701	0.065292	
0.005484	2	13	29	37	38	49	57	61	68	71	0.111409	0.181686	0.132851	0.037423	0.083576	0.118161	0.069914	0.070135	0.129068	0.065777	
0.005469	2	13	29	37	38	49	57	61	68	71	0.111184	0.180694	0.132164	0.037273	0.082966	0.118514	0.070215	0.070292	0.130435	0.066262	
0.005454	2	13	29	37	38	49	57	61	68	71	0.110959	0.179702	0.131476	0.037123	0.082357	0.118868	0.070516	0.070449	0.131801	0.066748	
0.005438	2	13	29	37	38	49	57	61	68	71	0.110734	0.178710	0.130789	0.036973	0.081748	0.119222	0.070817	0.070606	0.133168	0.067233	
0.005423	2	13	29	37	38	49	57	61	68	71	0.110509	0.177718	0.130101	0.036823	0.081139	0.119575	0.071117	0.070764	0.134535	0.067718	
0.005407	2	13	29	37	38	49	57	61	68	71	0.110285	0.176726	0.129413	0.036673	0.080530	0.119929	0.071418	0.070921	0.135902	0.068203	
0.005392	2	13	29	38	49	57	59	61	68	71	0.111145	0.188396	0.119559	0.085971	0.114668	0.065984	0.045336	0.069249	0.129926	0.069766	
0.005377	2	13	29	38	49	57	59	61	68	71	0.110926	0.187378	0.118782	0.085345	0.114981	0.066202	0.045729	0.069294	0.131136	0.070227	
0.005361	2	13	29	38	49	57	59	61	68	71	0.110706	0.186360	0.118005	0.084719	0.115294	0.066420	0.046122	0.069340	0.132347	0.070687	
0.005346	2	13	29	38	49	57	59	61	68	71	0.110487	0.185341	0.117228	0.084093	0.115606	0.066638	0.046516	0.069386	0.133557	0.071148	
0.005330	2	13	29	38	49	57	59	61	68	71	0.110268	0.184323	0.116451	0.083468	0.115919	0.066856	0.046909	0.069431	0.134767	0.071609	
0.005315	2	4	13	29	37	38	49	57	68	71	0.110259	0.075660	0.177738	0.131622	0.039183	0.081534	0.117268	0.079072	0.121088	0.066576	
0.005300	2	4	13	29	37	38	49	57	68	71	0.109994	0.077014	0.176905	0.131021	0.039013	0.080981	0.117445	0.079066	0.121774	0.066787	
0.005284	2	4	13	29	37	38	49	57	68	71	0.109729	0.078368	0.176073	0.130421	0.038842	0.080429	0.117621	0.079060	0.122461	0.066997	
0.005269	2	4	13	29	37	38	49	57	68	71	0.109464	0.079722	0.175240	0.129820	0.038672	0.079876	0.117797	0.079054	0.123148	0.067207	
0.005254	2	4	13	29	37	38	49	57	68	71	0.109200	0.081076	0.174408	0.129219	0.038501	0.079324	0.117974	0.079048	0.123834	0.067417	
0.005238	2	4	13	29	37	38	49	57	68	71	0.108935	0.082430	0.173575	0.128618	0.038330	0.078771	0.118150	0.079042	0.124521	0.067628	
0.005223	2	4	13	29	37	38	49	57	68	71	0.108670	0.083784	0.172742	0.128017	0.038160	0.078218	0.118326	0.079036	0.125208	0.067838	
0.005207	2	4	13	29	37	38	49	57	68	71	0.108405	0.085138	0.171910	0.127416	0.037989	0.077666	0.118503	0.079030	0.125895	0.068048	
0.005192	2	4	13	29	37	38	49	57	68	71	0.108140	0.086493	0.171077	0.126815	0.037819	0.077113	0.118679	0.079024	0.126581	0.068259	
0.005177	2	4	13	29	37	38	49	57	68	71	0.107875	0.087847	0.170245	0.126215	0.037648	0.076561	0.118855	0.079018	0.127268	0.068469	
0.005161	2	4	13	29	37	38	49	57	68	71	0.107611	0.089201	0.169412	0.125614	0.037477	0.076008	0.119032	0.079012	0.127955	0.068679	
0.005146	2	4	13	29	37	38	49	57	68	71	0.107346	0.090555	0.168580	0.125013	0.037307	0.075455	0.119208	0.079006	0.128641	0.068889	
0.005130	2	4	13	29	37	38	49	57	68	71	0.107081	0.091909	0.167747	0.124412	0.037136	0.074903	0.119384	0.079000	0.129328	0.069100	
0.005115	2	4	13	29	37	38	49	57	68	71	0.106816	0.093263	0.166914	0.123811	0.036966	0.074350	0.119561	0.078994	0.130015	0.069310	
0.005100	2	4	13	29	38	49	57	59	68	71	0.107990	0.082405	0.177511	0.112933	0.079405	0.115501	0.075549	0.046808	0.128951	0.072948	
0.005084	2	4	13	29	38	49	57	59	68	71	0.107726	0.083690	0.176629	0.112282	0.078824	0.115664	0.075489	0.046992	0.129563	0.073142	
0.005069	2	4	13	29	38	49	57	59	68	71	0.107461	0.084975	0.175748	0.111631	0.078244	0.115827	0.075429	0.047175	0.130175	0.073336	
0.005053	2	4	13	29	38	49	57	59	68	71	0.107196	0.086259	0.174866	0.110980	0.077664	0.115990	0.075368	0.047359	0.130787	0.073530	
0.005038	2	4	13	29	38	49	57	59	68	71	0.106931	0.087544	0.173985	0.110329	0.077084	0.116152	0.075308	0.047543	0.131399	0.073724	
0.005023	2	4	13	29	38	49	57	59	68	71	0.106666	0.088829	0.173103	0.109678	0.076503	0.116315	0.075248	0.047726	0.132011	0.073919	
0.005007	2	4	13	29	38	49	57	59	68	71	0.106402	0.090114	0.172222	0.109027	0.075923	0.116478	0.075188	0.047910	0.132623	0.074113	
0.004992	2	4	13	29	38	49	57	59	68	71	0.106137	0.091398	0.171340	0.108376	0.075343	0.116641	0.075128	0.048094	0.133235	0.074307	
0.004976	2	4	13	29	38	49	57	59	68	71	0.105872	0.092683	0.170459	0.107725	0.074763	0.116804	0.075068	0.048277	0.133848	0.074501	
0.004961	2	4	13	29	38	49	57	59	68	71	0.105607	0.093968	0.169578	0.107074	0.074182	0.116967	0.075008	0.048461	0.134460	0.074695	
0.004946	2	4	13	29	38	49	57	59	68	71	0.105343	0.095253	0.168696	0.106424	0.073602	0.117129	0.074948	0.048645	0.135072	0.074889	
0.004930	2	4	13	29	38	49	57	59	68	71	0.105078	0.096537	0.167815	0.105773	0.073022	0.117292	0.074888	0.048828	0.135684	0.075083	
0.004915	2	4	13	29	38	49	57	59	68	71	0.104813	0.097822	0.166933	0.105122	0.072442	0.117455	0.074828	0.049012	0.136296	0.075277	
0.004899	2	4	13	29	38	49	57	59	68	71	0.104548	0.099107	0.166052	0.104471	0.071861	0.117618	0.074768	0.049196	0.136908	0.075472	
0.004884	2	4	13	29	38	49	57	59	68	71	0.104283	0.100392	0.165170	0.103820	0.071281	0.117781	0.074708	0.049379	0.137520	0.075666	
0.004869	2	4	13	29	38	49	57	59	68	71	0.104019	0.101676	0.164289	0.103169	0.070701	0.117944	0.074648	0.049563	0.138132	0.075860	
0.004853	2	4	13	29	38	49	57	59	68	71	0.103754	0.102961	0.163407	0.102518	0.070121	0.118106	0.074587	0.049747	0.138745	0.076054	
0.004838	2	4	13	29	38	49	57	59	68	71	0.103489	0.104246	0.162526	0.101867	0.069540	0.118269	0.074527	0.049930	0.139357	0.076248	
0.004823	2	4	13	29	38	49	57	59	68	71	0.103224	0.105531	0.161644	0.101216	0.068960	0.118432	0.074467	0.050114	0.139969	0.076442	
0.004807	2	4	13	29	38	49	57	59	68	71	0.102960	0.106815	0.160763	0.100565	0.068380	0.118595	0.074407	0.050298	0.140581	0.076636	
0.004792	2	4	13	29	38	49	57	59	68	71	0.102695	0.108100	0.159881	0.099914	0.067800	0.118758	0.074347	0.050481	0.141193	0.076830	
0.004776	2	4	13	29	38	49	57	59	68	71	0.102430	0.109385	0.159000	0.099263	0.067219	0.118920	0.074287	0.050665	0.141805	0.077024	
0.004761	2	4	13	29	38	49	57	59	68	71	0.102165	0.110670	0.158119	0.098613	0.066639	0.119083	0.074227	0.050849	0.142417	0.077219	
0.004746	2	4	13	29	38	49	57	59	68	71	0.101900	0.111954	0.157237	0.097962	0.066059	0.119246	0.074167	0.051032	0.143029	0.077413	
0.004730	2	4	13	29	38	49	57	59	68	71	0.101636	0.113239	0.156356	0.097311	0.065479	0.119409	0.074107	0.051216	0.143641	0.077607	
0.004715	2	4	13	29	38	49	57	59	68	71	0.101371	0.114524	0.155474	0.096660	0.064898	0.119572	0.074047	0.051400	0.144254	0.077801	
0.004699	2	4	13	29	38	49	57	59	68	71	0.101106	0.115809	0.154593	0.096009	0.064318	0.119735	0.073987	0.051583	0.144866	0.077995	
0.004684	2	4	13	29	38	49	57	59	68	71	0.100841	0.117093	0.153711	0.095358	0.063738	0.119897	0.073927	0.051767	0.145478	0.078189	
0.004669	2	4	13	29	38	49	57	59	68	71	0.100577	0.118378	0.152830	0.094707	0.063158	0.120060	0.073867	0.051951	0.146090	0.078383	
0.004653	2	4	13	29	38	49	57	59	68	71	0.100312	0.119663	0.151948	0.094056	0.062577	0.120223	0.073806	0.052134	0.146702	0.078577	
0.004638	2	4	13	29	38	49	57	59	68	71	0.100047	0.120948	0.151067	0.093405	0.061997	0.120386	0.073746	0.052318	0.147314	0.078772	
0.004622	2	4	13	29	38	49	57	59	68	71	0.099782	0.122232	0.150185	0.092754	0.061417	0.120549	0.073686	0.052502	0.147926	0.078966	
0.004607	2	4	13	29	38	49	57	59	68	71	0.099517	0.123517	0.149304	0.092103	0.060837	0.120712	0.073626	0.052685	0.148538	0.079160	
0.004592	2	4	13	29	38	49	57	59	68	71	0.099253	0.124802	0.148422	0.091453	0.060256	0.120874	0.073566	0.052869	0.149150	0.079354	
0.004576	2	4	13	29	38	49	57	59	68	71	0.098988	0.126087	0.147541	0.090802	0.059676	0.121037	0.073506	0.053053	0.149763	0.079548	
0.004561	2	4	13	29	38	49	57	59	68	71	0.098723	0.127371	0.146660	0.090151	0.059096	0.121200	0.073446	0.053236	0.150375	0.079742	
0.004545	2	4	13	29	38	49	57	59	68	71	0.098458	0.128656	0.145778	0.089500	0.058516	0.121363	0.073386	0.053420	0.150987	0.079936	
0.004530	2	4	13	29	38	49	57	59	68	71	0.098194	0.129941	0.144897	0.088849	0.057935	0.121526	0.073326	0.053604	0.151599	0.080130	
0.004515	2	4	13	29	38	49	57	59	68	71	0.097929	0.131226	0.144015	0.088198	0.057355	0.121689	0.073266	0.053787	0.152211	0.080325	
0.004499	2	4	13	29	38	49	57	59	68	71	0.097664	0.132510	0.143134	0.087547	0.056775	0.121851	0.073206	0.053971	0.152823	0.080519	
0.004484	2	4	13	29	38	49	57	59	68	71	0.097399	0.133795	0.142252	0.086896	0.056195	0.122014	0.073146	0.054155	0.153435	0.080713	
0.004469	2	4	13	29	38	49	57	59	68	71	0.097134	0.135080	0.141371	0.086245	0.055614	0.122177	0.073086	0.054338	0.154047	0.080907	
0.004453	2	4	13	29	38	49	57	59	68	71	0.096870	0.136365	0.140489	0.085594	0.055034	0.122340	0.073025	0.054522	0.154660	0.081101	
0.004438	2	4	13	29	38	49	57	59	68	71	0.096605	0.137649	0.139608	0.084943	0.054454	0.122503	0.072965	0.054706	0.155272	0.081295	
0.004422	2	4	13	29	38	49	57	59	68	71	0.096340	0.138934	0.138726	0.084293	0.053874	0.122666	0.072905	0.054889	0.155884	0.081489	
0.004407	2	4	13	29	38	49	57	59	68	71	0.096075	0.140219	0.137845	0.083642	0.053293	0.122828	0.072845	0.055073	0.156496	0.081683	
0.004392	2	4	13	29	38	49	57	59	68	71	0.095811	0.141504	0.136963	0.082991	0.052713	0.122991	0.072785	0.055257	0.157108	0.081878	
0.004376	2	4	13	29	38	49	57	59	68	71	0.095546	0.142789	0.136082	0.082340	0.052133	0.123154	0.072725	0.055440	0.157720	0.082072	
0.004361	2	4	13	29	38	49	57	59	68	71	0.095281	0.144073	0.135200	0.081689	0.051553	0.123317	0.072665	0.055624	0.158332	0.082266	
0.004345	2	4	13	29	38	49	57	59	68	71	0.095016	0.145358	0.134319	0.081038	0.050972	0.123480	0.072605	0.055807	0.158944	0.082460	
0.004330	2	4	13	29	38	49	57	59	68	71	0.094751	0.146643	0.133438	0.080387	0.050392	0.123643	0.072545	0.055991	0.159557	0.082654	
0.004315	2	4	13	29	38	49	57	59	68	71	0.094487	0.147927	0.132556	0.079736	0.049812	0.123805	0.072485	0.056175	0.160169	0.082848	
0.004299	2	4	13	29	38	49	57	59	68	71	0.094222	0.149212	0.131675	0.079085	0.049232	0.123968	0.072425	0.056358	0.160781	0.083042	
0.004284	2	4	13	29	38	49	57	59	68	71	0.093957	0.150497	0.130793	0.078434	0.048651	0.124131	0.072365	0.056542	0.161393	0.083236	
0.004268	2	4	13	29	38	49	57	59	68	71	0.093692	0.151782	0.129912	0.077783	0.048071	0.124294	0.072305	0.056726	0.162005	0.083431	
0.004253	2	4	13	29	38	49	57	59	68	71	0.093428	0.153066	0.129030	0.077132	0.047491	0.124457	0.072244	0.056909	0.162617	0.083625	
0.004238	2	4	13	29	38	49	57	59	68	71	0.093163	0.154351	0.128149	0.076482	0.046911	0.124619	0.072184	0.057093	0.163229	0.083819	
0.004222	2	4	13	29	38	49	51	59	68	71	0.097321	0.143572	0.125831	0.080364	0.053461	0.123939	0.060158	0.060126	0.168353	0.086876	
0.004207	2	4	13	29	38	49	51	59	68	71	0.097054	0.144664	0.124944	0.079738	0.052910	0.124073	0.060497	0.060275	0.168845	0.087001	
0.004191	2	4	13	29	38	49	51	59	68	71	0.096786	0.145756	0.124056	0.079111	0.052359	0.124208	0.060836	0.060424	0.169337	0.087127	
0.004176	2	4	13	29	38	49	51	59	68	71	0.096519	0.146847	0.123169	0.078484	0.051808	0.124342	0.061175	0.060573	0.169830	0.087253	
0.004161	2	4	13	29	38	49	51	59	68	71	0.096251	0.147939	0.122282	0.077858	0.051257	0.124477	0.061514	0.060722	0.170322	0.087379	
0.004145	2	4	13	29	38	49	51	59	68	71	0.095983	0.149031	0.121394	0.077231	0.050706	0.124611	0.061853	0.060871	0.170815	0.087505	
0.004130	2	4	13	29	38	49	51	59	68	71	0.095716	0.150123	0.120507	0.076604	0.050155	0.124746	0.062192	0.061020	0.171307	0.087630	
0.004114	2	4	13	29	38	49	51	59	68	71	0.095448	0.151215	0.119620	0.075978	0.049604	0.124880	0.062531	0.061169	0.171799	0.087756	
0.004099	2	4	13	29	38	49	51	59	68	71	0.095181	0.152307	0.118733	0.075351	0.049053	0.125015	0.062870	0.061318	0.172292	0.087882	
0.004084	2	4	13	29	38	49	51	59	68	71	0.094913	0.153398	0.117845	0.074724	0.048502	0.125149	0.063209	0.061467	0.172784	0.088008	
0.004068	2	4	13	29	38	49	51	59	68	71	0.094645	0.154490	0.116958	0.074098	0.047951	0.125284	0.063548	0.061616	0.173277	0.088134	
0.004053	2	4	13	29	38	49	51	59	68	71	0.094378	0.155582	0.116071	0.073471	0.047400	0.125418	0.063887	0.061765	0.173769	0.088259	
0.004038	2	4	13	29	38	49	51	59	68	71	0.094110	0.156674	0.115184	0.072844	0.046849	0.125553	0.064226	0.061914	0.174261	0.088385	
0.004022	2	4	13	29	38	49	51	59	68	71	0.093842	0.157766	0.114296	0.072218	0.046298	0.125687	0.064565	0.062063	0.174754	0.088511	
0.004007	2	4	13	29	38	49	51	59	68	71	0.093575	0.158857	0.113409	0.071591	0.045747	0.125822	0.064904	0.062212	0.175246	0.088637	
0.003991	2	4	13	29	38	49	51	59	68	71	0.093307	0.159949	0.112522	0.070964	0.045196	0.125956	0.065243	0.062360	0.175739	0.088763	
0.003976	2	4	13	29	38	49	51	59	68	71	0.093040	0.161041	0.111635	0.070338	0.044645	0.126091	0.065582	0.062509	0.176231	0.088888	
0.003961	2	4	13	29	38	49	51	59	68	71	0.092772	0.162133	0.110747	0.069711	0.044094	0.126225	0.065921	0.062658	0.176723	0.089014	
0.003945	2	4	13	29	38	49	51	59	68	71	0.092504	0.163225	0.109860	0.069084	0.043543	0.126360	0.066260	0.062807	0.177216	0.089140	
0.003930	2	4	13	29	38	49	51	59	68	71	0.092237	0.164317	0.108973	0.068458	0.042992	0.126494	0.066599	0.062956	0.177708	0.089266	
0.003914	2	4	13	29	38	49	51	59	68	71	0.091969	0.165408	0.108086	0.067831	0.042441	0.126629	0.066938	0.063105	0.178201	0.089391	
0.003899	2	4	13	29	38	49	51	59	68	71	0.091702	0.166500	0.107198	0.067205	0.041890	0.126763	0.067277	0.063254	0.178693	0.089517	
0.003884	2	4	13	29	38	49	51	59	68	71	0.091434	0.167592	0.106311	0.066578	0.041339	0.126898	0.067616	0.063403	0.179185	0.089643	
0.003868	2	4	13	29	38	49	51	59	68	71	0.091166	0.168684	0.105424	0.065951	0.040788	0.127032	0.067956	0.063552	0.179678	0.089769	
0.003853	2	4	13	29	38	49	51	59	68	71	0.090899	0.169776	0.104536	0.065325	0.040237	0.127167	0.068295	0.063701	0.180170	0.089895	
0.003837	2	4	13	29	38	49	51	59	68	71	0.090631	0.170867	0.103649	0.064698	0.039686	0.127302	0.068634	0.063850	0.180663	0.090020	
0.003822	2	4	13	29	38	49	51	59	68	71	0.090364	0.171959	0.102762	0.064071	0.039135	0.127436	0.068973	0.063999	0.181155	0.090146	
0.003807	2	4	13	29	38	49	51	59	68	71	0.090096	0.173051	0.101875	0.063445	0.038584	0.127571	0.069312	0.064148	0.181647	0.090272	
0.003791	2	4	13	29	38	49	51	59	68	71	0.089828	0.174143	0.100987	0.062818	0.038033	0.127705	0.069651	0.064297	0.182140	0.090398	
0.003776	2	4	13	29	38	49	51	59	68	71	0.089561	0.175235	0.100100	0.062191	0.037482	0.127840	0.069990	0.064446	0.182632	0.090524	
0.003760	2	4	13	29	38	49	51	59	68	71	0.089293	0.176326	0.099213	0.061565	0.036931	0.127974	0.070329	0.064595	0.183125	0.090649	
0.003745	2	4	13	29	38	49	51	59	68	71	0.089025	0.177418	0.098326	0.060938	0.036380	0.128109	0.070668	0.064744	0.183617	0.090775	
0.003730	2	4	13	29	38	49	51	59	68	71	0.088758	0.178510	0.097438	0.060311	0.035829	0.128243	0.071007	0.064893	0.184110	0.090901	
0.003714	2	4	13	29	38	49	51	59	68	71	0.088490	0.179602	0.096551	0.059685	0.035278	0.128378	0.071346	0.065042	0.184602	0.091027	
0.003699	2	4	13	29	38	49	51	59	68	71	0.088223	0.180694	0.095664	0.059058	0.034727	0.128512	0.071685	0.065190	0.185094	0.091153	
0.003684	2	4	13	29	38	49	51	59	68	71	0.087955	0.181786	0.094777	0.058431	0.034177	0.128647	0.072024	0.065339	0.185587	0.091278	
0.003668	2	4	13	29	38	49	51	59	68	71	0.087687	0.182877	0.093889	0.057805	0.033626	0.128781	0.072363	0.065488	0.186079	0.091404	
0.003653	2	4	13	29	38	49	51	59	68	71	0.087420	0.183969	0.093002	0.057178	0.033075	0.128916	0.072702	0.065637	0.186572	0.091530	
0.003637	2	4	13	29	38	49	51	59	68	71	0.087152	0.185061	0.092115	0.056551	0.032524	0.129050	0.073041	0.065786	0.187064	0.091656	
0.003622	2	4	13	29	38	49	51	59	68	71	0.086885	0.186153	0.091228	0.055925	0.031973	0.129185	0.073380	0.065935	0.187556	0.091782	
0.003607	2	4	13	29	38	49	51	59	68	71	0.086617	0.187245	0.090340	0.055298	0.031422	0.129319	0.073719	0.066084	0.188049	0.091907	
0.003591	2	4	13	29	38	49	51	59	68	71	0.086349	0.188336	0.089453	0.054671	0.030871	0.129454	0.074058	0.066233	0.188541	0.092033	
0.003576	2	4	13	29	38	49	51	59	68	71	0.086082	0.189428	0.088566	0.054045	0.030320	0.129588	0.074397	0.066382	0.189034	0.092159	
0.003560	2	4	13	29	38	49	51	59	68	71	0.085814	0.190520	0.087678	0.053418	0.029769	0.129723	0.074736	0.066531	0.189526	0.092285	
0.003545	2	4	13	29	38	49	51	59	68	71	0.085546	0.191612	0.086791	0.052791	0.029218	0.129857	0.075075	0.066680	0.190018	0.092411	
0.003530	2	4	13	29	38	49	51	59	68	71	0.085279	0.192704	0.085904	0.052165	0.028667	0.129992	0.075414	0.066829	0.190511	0.092536	
0.003514	2	4	13	29	38	49	51	59	68	71	0.085011	0.193796	0.085017	0.051538	0.028116	0.130126	0.075753	0.066978	0.191003	0.092662	
0.003499	2	4	13	29	38	49	51	59	68	71	0.084744	0.194887	0.084129	0.050911	0.027565	0.130261	0.076092	0.067127	0.191496	0.092788	
0.003483	2	4	13	29	49	51	57	59	68	71	0.087372	0.183340	0.096505	0.060791	0.134927	0.061250	0.061346	0.062489	0.167132	0.084849	
0.003468	2	4	13	19	29	49	51	59	68	71	0.093439	0.179217	0.106073	0.048110	0.067227	0.129107	0.060358	0.065169	0.166752	0.084549	
0.003453	2	4	13	19	29	49	51	59	68	71	0.093063	0.180019	0.105068	0.048902	0.066445	0.128937	0.060731	0.065231	0.167138	0.084464	
0.003437	2	4	13	19	29	49	51	59	68	71	0.092687	0.180821	0.104063	0.049695	0.065663	0.128768	0.061105	0.065293	0.167523	0.084380	
0.003422	2	4	13	19	29	49	51	59	68	71	0.092312	0.181624	0.103059	0.050488	0.064881	0.128599	0.061479	0.065354	0.167909	0.084296	
0.003406	2	4	13	19	29	49	51	59	68	71	0.091936	0.182426	0.102054	0.051280	0.064100	0.128430	0.061852	0.065416	0.168295	0.084211	
0.003391	2	4	13	19	29	49	51	59	68	71	0.091560	0.183228	0.101049	0.052073	0.063318	0.128261	0.062226	0.065477	0.168681	0.084127	
0.003376	2	4	13	19	29	49	51	59	68	71	0.091185	0.184030	0.100044	0.052865	0.062536	0.128092	0.062600	0.065539	0.169066	0.084043	
0.003360	2	4	13	19	29	49	51	59	68	71	0.090809	0.184833	0.099039	0.053658	0.061754	0.127922	0.062973	0.065601	0.169452	0.083959	
0.003345	2	4	13	19	29	49	51	59	68	71	0.090433	0.185635	0.098034	0.054450	0.060973	0.127753	0.063347	0.065662	0.169838	0.083874	
0.003329	2	4	13	19	29	49	51	59	68	71	0.090058	0.186437	0.097029	0.055243	0.060191	0.127584	0.063720	0.065724	0.170224	0.083790	
0.003314	2	4	13	19	29	49	51	59	68	71	0.089682	0.187240	0.096024	0.056036	0.059409	0.127415	0.064094	0.065785	0.170609	0.083706	
0.003299	2	4	13	19	29	49	51	59	68	71	0.089306	0.188042	0.095020	0.056828	0.058627	0.127246	0.064468	0.065847	0.170995	0.083621	
0.003283	2	4	13	19	29	49	51	59	68	71	0.088931	0.188844	0.094015	0.057621	0.057845	0.127077	0.064841	0.065909	0.171381	0.083537	
0.003268	2	4	13	19	29	49	51	59	68	71	0.088555	0.189646	0.093010	0.058413	0.057064	0.126907	0.065215	0.065970	0.171767	0.083453	
0.003253	2	4	13	19	29	49	51	59	68	71	0.088179	0.190449	0.092005	0.059206	0.056282	0.126738	0.065589	0.066032	0.172152	0.083368	
0.003237	2	4	13	19	29	49	51	59	68	71	0.087804	0.191251	0.091000	0.059998	0.055500	0.126569	0.065962	0.066093	0.172538	0.083284	
0.003222	2	4	13	19	29	49	51	59	68	71	0.087428	0.192053	0.089995	0.060791	0.054718	0.126400	0.066336	0.066155	0.172924	0.083200	
0.003206	2	4	13	19	29	49	51	59	68	71	0.087052	0.192855	0.088990	0.061583	0.053937	0.126231	0.066709	0.066217	0.173310	0.083115	
0.003191	2	4	13	19	29	49	51	59	68	71	0.086677	0.193658	0.087985	0.062376	0.053155	0.126061	0.067083	0.066278	0.173695	0.083031	
0.003176	2	4	13	19	29	49	51	59	68	71	0.086301	0.194460	0.086981	0.063169	0.052373	0.125892	0.067457	0.066340	0.174081	0.082947	
0.003160	2	4	13	19	29	49	51	59	68	71	0.085925	0.195262	0.085976	0.063961	0.051591	0.125723	0.067830	0.066401	0.174467	0.082862	
0.003145	2	4	13	19	29	49	51	59	68	71	0.085550	0.196064	0.084971	0.064754	0.050810	0.125554	0.068204	0.066463	0.174853	0.082778	
0.003129	2	4	13	19	29	49	51	59	68	71	0.085174	0.196867	0.083966	0.065546	0.050028	0.125385	0.068577	0.066525	0.175238	0.082694	
0.003114	2	4	13	19	29	49	51	59	68	71	0.084798	0.197669	0.082961	0.066339	0.049246	0.125216	0.068951	0.066586	0.175624	0.082609	
0.003099	2	4	13	19	29	49	51	59	68	71	0.084423	0.198471	0.081956	0.067131	0.048464	0.125046	0.069325	0.066648	0.176010	0.082525	
0.003083	2	4	13	19	29	49	51	59	68	71	0.084047	0.199274	0.080951	0.067924	0.047683	0.124877	0.069698	0.066709	0.176396	0.082441	
0.003068	2	4	12	13	19	49	51	59	68	71	0.086290	0.190728	0.041451	0.105789	0.057679	0.124525	0.063207	0.079011	0.175832	0.075488	
0.003052	2	4	12	13	19	49	51	59	68	71	0.085757	0.191646	0.041589	0.104396	0.058611	0.124248	0.063715	0.078716	0.175867	0.075456	
0.003037	2	4	12	13	19	49	51	59	68	71	0.085223	0.192564	0.041726	0.103002	0.059543	0.123971	0.064223	0.078422	0.175903	0.075424	
0.003022	2	4	12	13	19	49	51	59	68	71	0.084690	0.193481	0.041864	0.101609	0.060475	0.123694	0.064730	0.078127	0.175938	0.075392	
0.003006	2	4	12	13	19	49	51	59	68	71	0.084156	0.194399	0.042002	0.100215	0.061406	0.123417	0.065238	0.077832	0.175974	0.075360	
0.002991	2	4	12	13	19	49	51	59	68	71	0.083623	0.195317	0.042139	0.098822	0.062338	0.123140	0.065746	0.077537	0.176009	0.075329	
0.002975	2	4	12	13	19	49	51	59	68	71	0.083090	0.196235	0.042277	0.097428	0.063270	0.122863	0.066253	0.077242	0.176045	0.075297	
0.002960	2	4	12	13	19	49	51	59	68	71	0.082556	0.197153	0.042415	0.096035	0.064202	0.122586	0.066761	0.076948	0.176080	0.075265	
0.002945	2	4	12	13	19	49	51	59	68	71	0.082023	0.198070	0.042552	0.094641	0.065134	0.122309	0.067269	0.076653	0.176116	0.075233	
0.002929	2	4	12	13	19	49	51	59	68	71	0.081489	0.198988	0.042690	0.093248	0.066066	0.122031	0.067776	0.076358	0.176152	0.075201	
0.002914	2	4	12	13	19	49	51	59	68	71	0.080956	0.199906	0.042828	0.091854	0.066998	0.121754	0.068284	0.076063	0.176187	0.075170	
0.002899	2	4	12	13	19	49	51	59	68	71	0.080423	0.200824	0.042966	0.090460	0.067929	0.121477	0.068792	0.075768	0.176223	0.075138	
0.002883	2	4	12	13	19	49	51	59	68	71	0.079889	0.201741	0.043103	0.089067	0.068861	0.121200	0.069300	0.075474	0.176258	0.075106	
0.002868	2	4	12	13	19	49	51	59	68	71	0.079356	0.202659	0.043241	0.087673	0.069793	0.120923	0.069807	0.075179	0.176294	0.075074	
0.002852	2	4	12	13	19	49	51	59	68	71	0.078823	0.203577	0.043379	0.086280	0.070725	0.120646	0.070315	0.074884	0.176329	0.075042	
0.002837	2	4	12	13	19	49	51	59	68	71	0.078289	0.204495	0.043516	0.084886	0.071657	0.120369	0.070823	0.074589	0.176365	0.075011	
0.002822	2	4	12	13	19	49	51	59	68	71	0.077756	0.205413	0.043654	0.083493	0.072589	0.120092	0.071330	0.074295	0.176401	0.074979	
0.002806	2	4	12	13	19	49	51	59	68	71	0.077222	0.206330	0.043792	0.082099	0.073521	0.119815	0.071838	0.074000	0.176436	0.074947	
0.002791	2	4	12	13	19	49	51	59	68	71	0.076689	0.207248	0.043929	0.080706	0.074452	0.119538	0.072346	0.073705	0.176472	0.074915	
0.002775	2	4	12	13	19	49	51	59	68	71	0.076156	0.208166	0.044067	0.079312	0.075384	0.119261	0.072854	0.073410	0.176507	0.074883	
0.002760	2	4	12	13	19	49	51	59	68	71	0.075622	0.209084	0.044205	0.077919	0.076316	0.118983	0.073361	0.073115	0.176543	0.074852	
0.002745	2	4	12	13	19	49	51	59	68	71	0.075089	0.210001	0.044342	0.076525	0.077248	0.118706	0.073869	0.072821	0.176578	0.074820	
0.002729	2	4	12	13	19	49	51	59	68	71	0.074555	0.210919	0.044480	0.075131	0.078180	0.118429	0.074377	0.072526	0.176614	0.074788	
0.002714	2	4	12	13	19	49	51	59	68	71	0.074022	0.211837	0.044618	0.073738	0.079112	0.118152	0.074885	0.072231	0.176650	0.074756	
0.002698	2	4	12	13	19	49	51	59	68	71	0.073489	0.212755	0.044756	0.072344	0.080044	0.117875	0.075392	0.071936	0.176685	0.074724	
0.002683	2	4	12	13	19	49	51	59	68	71	0.072955	0.213673	0.044893	0.070951	0.080975	0.117598	0.075900	0.071641	0.176721	0.074692	
0.002668	2	4	12	13	19	49	51	59	68	71	0.072422	0.214590	0.045031	0.069557	0.081907	0.117321	0.076408	0.071347	0.176756	0.074661	
0.002652	2	4	12	13	19	49	51	59	68	71	0.071889	0.215508	0.045169	0.068164	0.082839	0.117044	0.076915	0.071052	0.176792	0.074629	
0.002637	2	4	12	13	19	49	51	59	68	71	0.071355	0.216426	0.045306	0.066770	0.083771	0.116767	0.077423	0.070757	0.176827	0.074597	
0.002621	2	4	12	13	19	49	51	59	68	71	0.070822	0.217344	0.045444	0.065377	0.084703	0.116490	0.077931	0.070462	0.176863	0.074565	
0.002606	2	4	12	13	19	49	51	59	68	71	0.070288	0.218261	0.045582	0.063983	0.085635	0.116213	0.078439	0.070168	0.176898	0.074533	
0.002591	2	4	12	13	19	49	51	59	68	71	0.069755	0.219179	0.045719	0.062590	0.086567	0.115935	0.078946	0.069873	0.176934	0.074502	
0.002575	2	4	12	13	19	49	51	59	68	71	0.069222	0.220097	0.045857	0.061196	0.087499	0.115658	0.079454	0.069578	0.176970	0.074470	
0.002560	2	4	12	13	19	49	51	59	68	71	0.068688	0.221015	0.045995	0.059802	0.088430	0.115381	0.079962	0.069283	0.177005	0.074438	
0.002544	2	4	12	13	19	49	51	59	68	71	0.068155	0.221933	0.046132	0.058409	0.089362	0.115104	0.080469	0.068988	0.177041	0.074406	
0.002529	2	4	12	13	19	49	51	59	68	71	0.067621	0.222850	0.046270	0.057015	0.090294	0.114827	0.080977	0.068694	0.177076	0.074374	
0.002514	2	4	12	13	19	49	51	59	68	71	0.067088	0.223768	0.046408	0.055622	0.091226	0.114550	0.081485	0.068399	0.177112	0.074343	
0.002498	2	4	12	13	19	49	51	59	68	71	0.066555	0.224686	0.046546	0.054228	0.092158	0.114273	0.081993	0.068104	0.177147	0.074311	
0.002483	2	4	12	13	19	49	51	59	68	71	0.066021	0.225604	0.046683	0.052835	0.093090	0.113996	0.082500	0.067809	0.177183	0.074279	
0.002468	2	4	12	13	19	49	51	59	68	71	0.065488	0.226522	0.046821	0.051441	0.094022	0.113719	0.083008	0.067514	0.177219	0.074247	
0.002452	2	4	12	13	19	49	51	59	68	71	0.064954	0.227439	0.046959	0.050048	0.094954	0.113442	0.083516	0.067220	0.177254	0.074215	
0.002437	2	4	12	13	19	49	51	59	68	85	0.068371	0.220538	0.047367	0.062201	0.097388	0.118809	0.079229	0.058397	0.181629	0.066071	
0.002421	2	4	12	13	19	49	51	59	68	85	0.067845	0.221215	0.047487	0.060856	0.098211	0.118531	0.079608	0.058037	0.181520	0.066689	
0.002406	2	4	12	13	19	49	51	59	68	85	0.067318	0.221893	0.047608	0.059511	0.099035	0.118253	0.079987	0.057677	0.181411	0.067307	
0.002391	2	4	12	13	19	49	51	59	68	85	0.066792	0.222571	0.047728	0.058166	0.099858	0.117974	0.080366	0.057317	0.181302	0.067925	
0.002375	2	4	12	13	19	49	51	59	68	85	0.066266	0.223249	0.047849	0.056821	0.100682	0.117696	0.080745	0.056958	0.181193	0.068543	
0.002360	2	4	12	13	19	49	51	59	68	85	0.065739	0.223927	0.047969	0.055476	0.101505	0.117418	0.081124	0.056598	0.181084	0.069161	
0.002344	2	4	12	13	19	49	51	59	68	85	0.065213	0.224604	0.048089	0.054131	0.102328	0.117139	0.081503	0.056238	0.180976	0.069779	
0.002329	2	4	12	13	19	49	51	59	68	85	0.064686	0.225282	0.048210	0.052786	0.103152	0.116861	0.081882	0.055878	0.180867	0.070397	
0.002314	2	4	12	13	19	49	51	59	68	85	0.064160	0.225960	0.048330	0.051441	0.103975	0.116583	0.082261	0.055518	0.180758	0.071015	
0.002298	2	4	12	13	19	49	51	59	68	85	0.063633	0.226638	0.048450	0.050096	0.104799	0.116304	0.082640	0.055158	0.180649	0.071632	
0.002283	2	4	12	13	19	35	49	51	68	85	0.066522	0.219388	0.050402	0.063988	0.102244	0.058481	0.116164	0.083426	0.173088	0.066296	
0.002267	2	4	12	13	19	35	49	51	68	85	0.065989	0.219850	0.050464	0.062621	0.103046	0.058904	0.115810	0.083803	0.172735	0.066777	
0.002252	2	4	12	13	19	35	49	51	68	85	0.065456	0.220312	0.050526	0.061255	0.103847	0.059327	0.115456	0.084180	0.172382	0.067259	
0.002237	2	4	12	13	19	35	49	51	68	85	0.064924	0.220774	0.050588	0.059888	0.104648	0.059750	0.115102	0.084557	0.172029	0.067741	
0.002221	2	4	12	13	19	35	49	51	68	85	0.064391	0.221236	0.050650	0.058522	0.105449	0.060173	0.114748	0.084933	0.171676	0.068222	
0.002206	2	4	12	13	19	35	49	51	68	85	0.063858	0.221698	0.050712	0.057156	0.106251	0.060596	0.114394	0.085310	0.171322	0.068704	
0.002190	2	4	12	13	19	35	49	51	68	85	0.063325	0.222159	0.050774	0.055789	0.107052	0.061019	0.114040	0.085687	0.170969	0.069185	
0.002175	2	4	12	13	19	35	49	51	68	85	0.062793	0.222621	0.050837	0.054423	0.107853	0.061442	0.113686	0.086063	0.170616	0.069667	
0.002160	2	4	12	13	19	35	49	51	68	85	0.062260	0.223083	0.050899	0.053056	0.108655	0.061865	0.113331	0.086440	0.170263	0.070148	
0.002144	2	4	12	13	19	35	49	51	68	85	0.061727	0.223545	0.050961	0.051690	0.109456	0.062288	0.112977	0.086817	0.169910	0.070630	
0.002129	2	4	12	13	19	35	49	51	68	85	0.061194	0.224007	0.051023	0.050324	0.110257	0.062711	0.112623	0.087193	0.169556	0.071112	
0.002114	2	4	12	13	19	35	49	51	68	85	0.060662	0.224468	0.051085	0.048957	0.111058	0.063134	0.112269	0.087570	0.169203	0.071593	
