0.008209	18					1.000000	
0.008197						
0.008186	18	29				0.982618	0.017382	
0.008174	18	29				0.973927	0.026073	
0.008162	18	29				0.965236	0.034764	
0.008151	18	29				0.956544	0.043456	
0.008139	10	18	29			0.013642	0.953106	0.033252	
0.008127	10	18	29			0.019181	0.946547	0.034272	
0.008115	10	18	29			0.024720	0.939988	0.035292	
0.008104	10	18	29			0.030259	0.933430	0.036311	
0.008092	10	18	29			0.035798	0.926871	0.037331	
0.008080	10	18	29			0.041337	0.920312	0.038351	
0.008069	10	18	29			0.046876	0.913754	0.039370	
0.008057	10	18	29			0.052415	0.907195	0.040390	
0.008045	10	18	29			0.057954	0.900636	0.041410	
0.008034	10	18	29			0.063493	0.894078	0.042429	
0.008022	10	18	29			0.069032	0.887519	0.043449	
0.008010	10	18	29			0.074571	0.880960	0.044469	
0.007999	10	18	29			0.080110	0.874401	0.045489	
0.007987	10	18	29			0.085650	0.867842	0.046508	
0.007975	10	18	29			0.091188	0.861284	0.047528	
0.007964	10	18	29			0.096727	0.854725	0.048548	
0.007952	10	18	29			0.102267	0.848166	0.049567	
0.007940	10	18	29			0.107806	0.841607	0.050587	
0.007928	10	18	29			0.113344	0.835049	0.051607	
0.007917	10	18	29			0.118884	0.828490	0.052626	
0.007905	10	18	29			0.124423	0.821931	0.053646	
0.007893	10	18	29			0.129962	0.815373	0.054666	
0.007882	10	18	29			0.135500	0.808814	0.055685	
0.007870	10	18	29			0.141040	0.802255	0.056705	
0.007858	10	18	29			0.146579	0.795697	0.057725	
0.007847	10	18	29			0.152118	0.789138	0.058744	
0.007835	10	18	29			0.157657	0.782579	0.059764	
0.007823	10	18	29			0.163196	0.776021	0.060784	
0.007812	10	18	29			0.168735	0.769462	0.061803	
0.007800	10	18	29			0.174274	0.762903	0.062823	
0.007788	10	18	29			0.179815	0.756342	0.063843	
0.007776	10	18	29			0.185355	0.749782	0.064863	
0.007765	10	18	29			0.190896	0.743221	0.065883	
0.007753	10	18	29	37		0.174433	0.747181	0.060085	0.018301	
0.007741	10	18	29	37		0.174947	0.743024	0.059548	0.022482	
0.007730	10	18	29	37	71	0.172632	0.739569	0.057766	0.019838	0.010195	
0.007718	10	18	29	37	71	0.172881	0.735478	0.057112	0.023379	0.011150	
0.007706	10	18	29	37	71	0.173130	0.731386	0.056458	0.026920	0.012106	
0.007695	10	18	29	37	71	0.173379	0.727295	0.055803	0.030461	0.013061	
0.007683	10	18	29	37	71	0.173628	0.723203	0.055149	0.034002	0.014017	
0.007671	10	18	29	37	71	0.173877	0.719112	0.054495	0.037544	0.014973	
0.007659	10	18	29	37	71	0.174126	0.715020	0.053841	0.041085	0.015928	
0.007648	10	18	29	37	71	0.174375	0.710929	0.053187	0.044626	0.016884	
0.007636	10	18	29	37	71	0.174624	0.706837	0.052533	0.048167	0.017839	
0.007624	10	18	29	37	71	0.174873	0.702746	0.051879	0.051708	0.018795	
0.007613	10	18	29	37	71	0.175121	0.698654	0.051225	0.055249	0.019750	
0.007601	10	18	29	37	71	0.175370	0.694563	0.050570	0.058790	0.020706	
0.007589	10	18	29	37	71	0.175619	0.690472	0.049916	0.062331	0.021662	
0.007578	10	18	29	37	71	0.175868	0.686380	0.049262	0.065872	0.022617	
0.007566	10	18	29	37	71	0.176117	0.682289	0.048608	0.069413	0.023573	
0.007554	10	18	29	37	71	0.176366	0.678197	0.047954	0.072954	0.024528	
0.007543	10	18	29	37	71	0.176615	0.674106	0.047300	0.076496	0.025484	
0.007531	10	18	29	37	71	0.176864	0.670014	0.046646	0.080037	0.026439	
0.007519	10	18	29	37	71	0.177113	0.665923	0.045991	0.083578	0.027395	
0.007507	10	18	29	37	71	0.177362	0.661831	0.045337	0.087119	0.028351	
0.007496	10	18	29	37	71	0.177611	0.657740	0.044683	0.090660	0.029306	
0.007484	10	18	29	37	71	0.177859	0.653648	0.044029	0.094201	0.030262	
0.007472	10	18	29	37	71	0.178108	0.649557	0.043375	0.097742	0.031217	
0.007461	10	18	29	37	71	0.178357	0.645466	0.042721	0.101283	0.032173	
0.007449	10	18	29	37	71	0.178606	0.641374	0.042067	0.104824	0.033128	
0.007437	10	18	29	37	71	0.178855	0.637283	0.041413	0.108366	0.034084	
0.007426	10	18	29	37	71	0.179104	0.633191	0.040758	0.111907	0.035040	
0.007414	10	18	29	37	71	0.179353	0.629100	0.040104	0.115448	0.035995	
0.007402	10	18	29	37	71	0.179602	0.625008	0.039450	0.118989	0.036951	
0.007391	10	18	29	37	71	0.179851	0.620917	0.038796	0.122530	0.037906	
0.007379	10	18	29	37	71	0.180100	0.616826	0.038142	0.126071	0.038862	
0.007367	10	18	29	37	71	0.180349	0.612734	0.037488	0.129612	0.039817	
0.007355	10	18	29	37	71	0.180597	0.608643	0.036834	0.133153	0.040773	
0.007344	10	18	29	37	71	0.180846	0.604551	0.036179	0.136694	0.041729	
0.007332	10	18	29	37	71	0.181095	0.600460	0.035525	0.140236	0.042684	
0.007320	10	18	29	37	71	0.181344	0.596368	0.034871	0.143777	0.043640	
0.007309	10	18	29	37	71	0.181593	0.592277	0.034217	0.147318	0.044595	
0.007297	10	18	29	37	71	0.181842	0.588185	0.033563	0.150859	0.045551	
0.007285	10	18	29	37	71	0.182091	0.584094	0.032909	0.154400	0.046507	
0.007274	10	18	29	37	71	0.182340	0.580002	0.032255	0.157941	0.047462	
0.007262	10	18	29	37	71	0.182589	0.575911	0.031600	0.161482	0.048418	
0.007250	10	18	29	37	71	0.182838	0.571819	0.030946	0.165023	0.049373	
0.007239	10	18	29	37	71	0.183087	0.567728	0.030292	0.168564	0.050329	
0.007227	10	18	29	37	71	0.183335	0.563637	0.029638	0.172105	0.051284	
0.007215	10	18	29	37	71	0.183584	0.559545	0.028984	0.175647	0.052240	
0.007203	10	18	29	37	71	0.183833	0.555454	0.028330	0.179188	0.053195	
0.007192	10	18	29	37	71	0.184082	0.551362	0.027676	0.182729	0.054151	
0.007180	10	18	29	37	71	0.184331	0.547271	0.027022	0.186269	0.055107	
0.007168	10	18	29	37	71	0.184580	0.543180	0.026368	0.189810	0.056062	
0.007157	10	18	37	71		0.196858	0.548217	0.196508	0.058417	
0.007145	10	18	37	71		0.196801	0.543893	0.199969	0.059337	
0.007133	10	18	37	71		0.196744	0.539570	0.203429	0.060257	
0.007122	10	18	37	71		0.196687	0.535247	0.206890	0.061177	
0.007110	10	18	37	71		0.196630	0.530923	0.210350	0.062097	
0.007098	10	18	37	71		0.196572	0.526600	0.213811	0.063017	
0.007086	10	18	37	71		0.196515	0.522277	0.217271	0.063937	
0.007075	10	18	37	71		0.196458	0.517953	0.220732	0.064856	
0.007063	10	18	37	71		0.196401	0.513630	0.224193	0.065776	
0.007051	10	18	37	71		0.196344	0.509307	0.227653	0.066696	
0.007040	2	10	18	37	71	0.045657	0.195202	0.509003	0.183840	0.066297	
0.007028	2	10	18	37	71	0.049613	0.195051	0.505029	0.183205	0.067103	
0.007016	2	10	18	37	71	0.053569	0.194900	0.501053	0.182570	0.067908	
0.007005	2	10	18	37	71	0.057524	0.194749	0.497079	0.181934	0.068714	
0.006993	2	10	18	37	71	0.061480	0.194598	0.493103	0.181299	0.069520	
0.006981	2	10	18	37	71	0.065436	0.194446	0.489128	0.180664	0.070325	
0.006970	2	10	18	37	71	0.069392	0.194295	0.485153	0.180028	0.071131	
0.006958	2	10	18	37	71	0.073348	0.194144	0.481178	0.179393	0.071937	
0.006946	2	10	18	37	71	0.077304	0.193993	0.477203	0.178758	0.072742	
0.006934	2	10	18	37	71	0.081260	0.193842	0.473228	0.178122	0.073548	
0.006923	2	10	18	37	71	0.085215	0.193691	0.469253	0.177487	0.074353	
0.006911	2	10	18	37	71	0.089171	0.193540	0.465278	0.176852	0.075159	
0.006899	2	10	18	37	71	0.093127	0.193389	0.461303	0.176216	0.075965	
0.006888	2	10	18	37	71	0.097084	0.193238	0.457328	0.175581	0.076770	
0.006876	2	10	18	37	71	0.101040	0.193086	0.453352	0.174946	0.077576	
0.006864	2	10	18	37	71	0.104996	0.192935	0.449377	0.174310	0.078382	
0.006853	2	10	18	37	71	0.108952	0.192784	0.445402	0.173675	0.079187	
0.006841	2	10	18	37	71	0.112908	0.192633	0.441426	0.173039	0.079993	
0.006829	2	10	18	37	71	0.116864	0.192482	0.437451	0.172404	0.080799	
0.006818	2	10	18	37	71	0.120820	0.192331	0.433476	0.171769	0.081604	
0.006806	2	10	18	37	71	0.124777	0.192180	0.429500	0.171133	0.082410	
0.006794	2	10	18	37	71	0.128733	0.192029	0.425525	0.170498	0.083216	
0.006782	2	10	18	37	71	0.132689	0.191877	0.421550	0.169862	0.084022	
0.006771	2	10	18	37	71	0.136645	0.191726	0.417574	0.169227	0.084827	
0.006759	9	10	18	37	71	0.041924	0.184527	0.417204	0.278314	0.078030	
0.006747	9	10	18	37	71	0.044619	0.183802	0.413908	0.279470	0.078201	
0.006736	9	10	18	37	71	0.047313	0.183078	0.410612	0.280626	0.078371	
0.006724	9	10	18	37	71	0.050008	0.182353	0.407316	0.281782	0.078541	
0.006712	9	10	18	37	71	0.052702	0.181628	0.404020	0.282939	0.078711	
0.006701	9	10	18	37	71	0.055397	0.180903	0.400724	0.284095	0.078882	
0.006689	9	10	18	37	71	0.058091	0.180178	0.397428	0.285251	0.079052	
0.006677	9	10	18	37	71	0.060786	0.179453	0.394132	0.286407	0.079222	
0.006666	9	10	18	37	71	0.063480	0.178729	0.390836	0.287563	0.079392	
0.006654	9	10	18	37	71	0.066175	0.178004	0.387540	0.288719	0.079563	
0.006642	9	10	18	37	71	0.068869	0.177279	0.384244	0.289875	0.079733	
0.006630	9	10	18	37	71	0.071564	0.176554	0.380948	0.291032	0.079903	
0.006619	9	10	18	37	71	0.074258	0.175829	0.377652	0.292188	0.080073	
0.006607	9	10	18	37	71	0.076953	0.175104	0.374356	0.293344	0.080244	
0.006595	9	10	18	37	71	0.079647	0.174380	0.371059	0.294500	0.080414	
0.006584	9	10	18	37	71	0.082342	0.173655	0.367763	0.295656	0.080584	
0.006572	9	10	18	37	71	0.085036	0.172930	0.364467	0.296812	0.080754	
0.006560	9	10	18	37	71	0.087731	0.172205	0.361171	0.297968	0.080925	
0.006549	9	10	18	37	71	0.090425	0.171480	0.357875	0.299125	0.081095	
0.006537	9	10	18	37	71	0.093120	0.170755	0.354579	0.300281	0.081265	
0.006525	9	10	18	37	71	0.095814	0.170030	0.351283	0.301437	0.081435	
0.006513	9	10	18	37	71	0.098509	0.169306	0.347987	0.302593	0.081606	
0.006502	9	10	18	37	71	0.101203	0.168581	0.344691	0.303749	0.081776	
0.006490	9	10	18	37	71	0.103898	0.167856	0.341394	0.304906	0.081946	
0.006478	9	10	18	37	71	0.106592	0.167131	0.338098	0.306062	0.082116	
0.006467	9	10	18	37	71	0.109287	0.166406	0.334802	0.307218	0.082287	
0.006455	10	18	37	53	71	0.170852	0.347706	0.289375	0.114011	0.078056	
0.006443	2	10	18	53	71	0.282207	0.174098	0.360310	0.104523	0.078862	
0.006432	2	10	18	53	71	0.282607	0.173386	0.357623	0.107595	0.078789	
0.006420	2	10	18	53	71	0.283007	0.172674	0.354935	0.110668	0.078717	
0.006408	2	10	18	53	71	0.283407	0.171962	0.352247	0.113740	0.078644	
0.006397	2	10	18	53	71	0.283806	0.171251	0.349560	0.116812	0.078571	
0.006385	2	10	18	53	71	0.284206	0.170539	0.346872	0.119884	0.078499	
0.006373	2	10	18	53	71	0.284606	0.169827	0.344185	0.122956	0.078426	
0.006361	2	10	18	53	71	0.285006	0.169116	0.341498	0.126027	0.078353	
0.006350	2	10	18	53	71	0.285406	0.168404	0.338810	0.129099	0.078281	
0.006338	2	10	18	53	71	0.285806	0.167692	0.336123	0.132171	0.078208	
0.006326	2	10	18	53	71	0.286205	0.166981	0.333435	0.135243	0.078135	
0.006315	2	10	18	53	71	0.286605	0.166269	0.330748	0.138315	0.078063	
0.006303	2	10	18	53	71	0.287005	0.165557	0.328061	0.141387	0.077990	
0.006291	2	10	18	53	71	0.287405	0.164846	0.325373	0.144459	0.077917	
0.006280	2	10	18	53	71	0.287805	0.164134	0.322686	0.147530	0.077845	
0.006268	2	10	18	53	71	0.288205	0.163422	0.319999	0.150602	0.077772	
0.006256	2	10	18	53	71	0.288604	0.162711	0.317311	0.153674	0.077699	
0.006245	2	10	18	53	71	0.289004	0.161999	0.314624	0.156746	0.077627	
0.006233	2	10	18	53	71	0.289404	0.161287	0.311937	0.159818	0.077554	
0.006221	2	10	18	53	71	0.289804	0.160576	0.309249	0.162890	0.077482	
0.006209	2	10	18	53	71	0.290204	0.159864	0.306562	0.165962	0.077409	
0.006198	2	10	18	53	71	0.290604	0.159152	0.303874	0.169034	0.077336	
0.006186	2	10	18	53	71	0.291003	0.158441	0.301187	0.172105	0.077264	
0.006174	2	10	18	53	71	0.291403	0.157729	0.298500	0.175177	0.077191	
0.006163	2	10	18	53	71	0.291803	0.157017	0.295812	0.178249	0.077118	
0.006151	2	10	18	53	71	0.292203	0.156306	0.293125	0.181321	0.077046	
0.006139	2	10	18	53	71	0.292603	0.155594	0.290438	0.184393	0.076973	
0.006128	2	10	18	53	71	0.293002	0.154882	0.287750	0.187465	0.076900	
0.006116	2	10	18	53	71	0.293402	0.154171	0.285063	0.190536	0.076828	
0.006104	2	10	18	53	71	0.293802	0.153459	0.282375	0.193608	0.076755	
0.006093	2	10	18	53	71	0.294202	0.152747	0.279688	0.196680	0.076682	
0.006081	2	10	18	53	71	0.294602	0.152036	0.277001	0.199752	0.076610	
0.006069	2	10	18	53	71	0.295002	0.151324	0.274313	0.202824	0.076537	
0.006057	10	18	37	62	71	0.137736	0.286005	0.297826	0.197738	0.080695	
0.006046	10	18	37	62	71	0.136840	0.283933	0.297789	0.200825	0.080612	
0.006034	10	18	37	62	71	0.135944	0.281860	0.297753	0.203912	0.080530	
0.006022	10	18	37	62	71	0.135048	0.279788	0.297717	0.206999	0.080448	
0.006011	10	18	37	62	71	0.134151	0.277716	0.297681	0.210086	0.080366	
0.005999	10	18	37	62	71	0.133255	0.275644	0.297644	0.213173	0.080283	
0.005987	10	18	37	62	71	0.132359	0.273572	0.297608	0.216260	0.080201	
0.005976	10	18	37	62	71	0.131462	0.271500	0.297572	0.219347	0.080119	
0.005964	10	18	37	62	71	0.130566	0.269427	0.297536	0.222434	0.080036	
0.005952	10	18	37	62	71	0.129670	0.267355	0.297500	0.225521	0.079954	
0.005941	10	18	37	62	71	0.128774	0.265283	0.297463	0.228608	0.079872	
0.005929	10	18	37	62	71	0.127877	0.263211	0.297427	0.231695	0.079789	
0.005917	10	18	37	62	71	0.126981	0.261138	0.297391	0.234782	0.079707	
0.005905	10	18	37	62	71	0.126085	0.259066	0.297355	0.237869	0.079625	
0.005894	10	18	37	62	71	0.125188	0.256994	0.297319	0.240956	0.079543	
0.005882	10	18	37	53	62	0.136311	0.271914	0.277617	0.153464	0.160694	
0.005870	10	18	37	53	62	0.135373	0.269810	0.277338	0.154431	0.163048	
0.005859	10	18	37	53	62	0.134436	0.267707	0.277058	0.155397	0.165403	
0.005847	10	18	37	53	62	0.133498	0.265604	0.276779	0.156363	0.167757	
0.005835	10	18	37	53	62	0.132560	0.263500	0.276499	0.157329	0.170112	
0.005824	10	18	37	53	62	0.131623	0.261397	0.276219	0.158295	0.172466	
0.005812	10	18	37	53	62	0.130685	0.259293	0.275940	0.159261	0.174821	
0.005800	10	18	37	53	62	0.129747	0.257189	0.275660	0.160227	0.177175	
0.005789	10	18	37	53	62	0.128810	0.255086	0.275381	0.161194	0.179530	
0.005777	10	18	37	53	62	0.127872	0.252983	0.275101	0.162160	0.181884	
0.005765	10	18	37	53	62	0.126935	0.250879	0.274821	0.163126	0.184239	
0.005753	10	18	37	53	62	0.125997	0.248776	0.274542	0.164092	0.186594	
0.005742	10	18	37	53	62	0.125059	0.246672	0.274262	0.165058	0.188948	
0.005730	10	18	37	53	62	0.124122	0.244568	0.273983	0.166024	0.191303	
0.005718	10	18	37	53	62	0.123184	0.242465	0.273703	0.166991	0.193657	
0.005707	10	18	37	53	62	0.122246	0.240361	0.273423	0.167957	0.196012	
0.005695	10	18	37	53	62	0.121309	0.238258	0.273144	0.168923	0.198366	
0.005683	10	18	37	53	62	0.120371	0.236154	0.272864	0.169889	0.200721	
0.005672	10	18	37	53	62	0.119433	0.234051	0.272585	0.170855	0.203076	
0.005660	10	18	37	53	62	0.118496	0.231947	0.272305	0.171822	0.205430	
0.005648	10	18	37	53	62	0.117558	0.229844	0.272026	0.172788	0.207785	
0.005636	10	18	37	53	62	0.116621	0.227740	0.271746	0.173754	0.210139	
0.005625	10	18	37	53	62	0.115683	0.225637	0.271466	0.174720	0.212494	
0.005613	10	18	37	53	62	0.114745	0.223533	0.271187	0.175686	0.214849	
0.005601	10	18	37	53	62	0.113808	0.221429	0.270907	0.176653	0.217203	
0.005590	10	18	37	53	62	0.112870	0.219326	0.270628	0.177619	0.219558	
0.005578	10	18	37	53	62	0.111932	0.217222	0.270348	0.178585	0.221912	
0.005566	10	18	37	53	62	0.110995	0.215119	0.270068	0.179551	0.224267	
0.005555	10	18	37	53	62	0.110057	0.213015	0.269789	0.180517	0.226622	
0.005543	10	18	37	53	62	0.109119	0.210912	0.269509	0.181483	0.228976	
0.005531	10	18	37	53	62	0.108182	0.208808	0.269230	0.182450	0.231331	
0.005520	10	18	37	53	62	0.107244	0.206705	0.268950	0.183416	0.233685	
0.005508	10	18	37	53	62	0.106306	0.204601	0.268670	0.184382	0.236040	
0.005496	10	18	37	53	62	0.105369	0.202498	0.268391	0.185348	0.238394	
0.005484	10	18	37	53	62	0.104431	0.200394	0.268111	0.186314	0.240749	
0.005473	10	18	37	53	62	0.103494	0.198291	0.267832	0.187280	0.243104	
0.005461	10	18	37	53	62	0.102556	0.196187	0.267552	0.188247	0.245458	
0.005449	10	18	37	53	62	0.101618	0.194084	0.267272	0.189213	0.247813	
0.005438	10	18	37	53	62	0.100681	0.191980	0.266993	0.190179	0.250167	
0.005426	10	18	37	53	62	0.099743	0.189877	0.266713	0.191145	0.252522	
0.005414	10	18	37	53	62	0.098805	0.187773	0.266434	0.192111	0.254877	
0.005403	10	18	37	53	62	0.097868	0.185670	0.266154	0.193078	0.257231	
0.005391	10	18	37	53	62	0.096930	0.183566	0.265875	0.194044	0.259586	
0.005379	10	18	37	53	62	0.095992	0.181462	0.265595	0.195010	0.261940	
0.005368	10	18	37	53	62	0.095055	0.179359	0.265315	0.195976	0.264295	
0.005356	18	37	53	62	71	0.196729	0.284182	0.179101	0.270914	0.069074	
0.005344	18	37	53	62	71	0.194296	0.283628	0.180105	0.273159	0.068811	
0.005332	18	37	53	62	71	0.191863	0.283073	0.181110	0.275405	0.068548	
0.005321	18	37	53	62	71	0.189430	0.282519	0.182115	0.277650	0.068286	
0.005309	18	37	53	62	71	0.186997	0.281964	0.183120	0.279896	0.068023	
0.005297	18	37	53	62	71	0.184564	0.281410	0.184124	0.282142	0.067760	
0.005286	18	37	53	62	71	0.182132	0.280855	0.185129	0.284387	0.067497	
0.005274	18	37	53	62	71	0.179699	0.280301	0.186134	0.286633	0.067234	
0.005262	18	37	53	62	71	0.177266	0.279746	0.187139	0.288879	0.066971	
0.005251	18	37	53	62	71	0.174833	0.279192	0.188143	0.291124	0.066708	
0.005239	18	37	53	62	71	0.172400	0.278637	0.189148	0.293370	0.066445	
0.005227	18	37	53	62	71	0.169967	0.278083	0.190153	0.295615	0.066182	
0.005216	18	37	53	62	71	0.167534	0.277528	0.191157	0.297861	0.065919	
0.005204	18	37	53	62	71	0.165101	0.276974	0.192162	0.300107	0.065656	
0.005192	18	37	53	62	71	0.162669	0.276419	0.193167	0.302352	0.065393	
0.005180	18	37	53	62	71	0.160236	0.275865	0.194172	0.304598	0.065130	
0.005169	18	37	53	62	71	0.157803	0.275310	0.195176	0.306844	0.064867	
0.005157	18	37	53	62	71	0.155370	0.274756	0.196181	0.309089	0.064604	
0.005145	18	37	53	62	82	0.159858	0.275281	0.179576	0.282477	0.102808	
0.005134	18	37	53	62	82	0.157281	0.274623	0.180323	0.284509	0.103264	
0.005122	18	37	53	62	82	0.154705	0.273965	0.181070	0.286541	0.103720	
0.005110	18	37	53	62	82	0.152128	0.273306	0.181817	0.288573	0.104176	
0.005099	18	37	53	62	82	0.149551	0.272648	0.182564	0.290605	0.104631	
0.005087	18	37	53	62	82	0.146974	0.271990	0.183312	0.292637	0.105087	
0.005075	18	37	53	62	82	0.144397	0.271331	0.184059	0.294669	0.105543	
0.005063	18	37	53	62	82	0.141821	0.270673	0.184806	0.296701	0.105999	
0.005052	18	37	53	62	82	0.139244	0.270015	0.185553	0.298733	0.106455	
0.005040	18	37	53	62	82	0.136667	0.269357	0.186300	0.300765	0.106910	
0.005028	18	37	53	62	82	0.134090	0.268698	0.187048	0.302797	0.107366	
0.005017	18	37	53	62	82	0.131514	0.268040	0.187795	0.304829	0.107822	
0.005005	18	37	53	62	82	0.128937	0.267382	0.188542	0.306861	0.108278	
0.004993	18	37	53	62	82	0.126360	0.266723	0.189289	0.308893	0.108734	
0.004982	18	37	53	62	82	0.123783	0.266065	0.190036	0.310926	0.109189	
0.004970	18	37	53	62	82	0.121207	0.265407	0.190784	0.312958	0.109645	
0.004958	18	37	53	62	82	0.118630	0.264749	0.191531	0.314990	0.110101	
0.004947	18	37	53	62	82	0.116053	0.264090	0.192278	0.317022	0.110557	
0.004935	18	37	53	62	82	0.113476	0.263432	0.193025	0.319054	0.111013	
0.004923	18	37	53	62	82	0.110900	0.262774	0.193772	0.321086	0.111468	
0.004911	18	37	53	62	82	0.108323	0.262115	0.194520	0.323118	0.111924	
0.004900	18	37	53	62	82	0.105746	0.261457	0.195267	0.325150	0.112380	
0.004888	18	37	53	62	82	0.103169	0.260799	0.196014	0.327182	0.112836	
0.004876	18	37	53	62	82	0.100593	0.260141	0.196761	0.329214	0.113292	
0.004865	18	37	53	62	82	0.098016	0.259482	0.197509	0.331246	0.113747	
0.004853	18	37	53	62	82	0.095439	0.258824	0.198256	0.333278	0.114203	
0.004841	18	37	53	62	82	0.092862	0.258166	0.199003	0.335310	0.114659	
0.004830	18	37	53	62	82	0.090286	0.257508	0.199750	0.337342	0.115115	
0.004818	18	37	53	62	82	0.087709	0.256849	0.200497	0.339374	0.115570	
0.004806	18	30	37	53	62	0.122915	0.108617	0.262669	0.201496	0.304303	
0.004795	18	30	37	53	62	0.120723	0.110185	0.261966	0.201788	0.305338	
0.004783	18	30	37	53	62	0.118531	0.111754	0.261263	0.202080	0.306372	
0.004771	18	30	37	53	62	0.116339	0.113323	0.260560	0.202372	0.307406	
0.004759	18	30	37	53	62	0.114148	0.114891	0.259857	0.202664	0.308440	
0.004748	18	30	37	53	62	0.111956	0.116460	0.259154	0.202956	0.309475	
0.004736	18	30	37	53	62	0.109764	0.118029	0.258451	0.203248	0.310509	
0.004724	18	30	37	53	62	0.107572	0.119597	0.257748	0.203539	0.311543	
0.004713	18	30	37	53	62	0.105380	0.121166	0.257045	0.203831	0.312578	
0.004701	18	30	37	53	62	0.103188	0.122735	0.256342	0.204123	0.313612	
0.004689	18	30	37	53	62	0.100996	0.124303	0.255639	0.204415	0.314646	
0.004678	18	30	37	53	62	0.098805	0.125872	0.254936	0.204707	0.315680	
0.004666	18	30	37	53	62	0.096613	0.127441	0.254233	0.204999	0.316715	
0.004654	18	30	37	53	62	0.094421	0.129009	0.253530	0.205291	0.317749	
0.004643	18	30	37	53	62	0.092229	0.130578	0.252827	0.205583	0.318783	
0.004631	18	30	37	53	62	0.090037	0.132147	0.252124	0.205875	0.319818	
0.004619	18	30	37	53	62	0.087845	0.133716	0.251421	0.206166	0.320852	
0.004607	18	30	37	53	62	0.085654	0.135284	0.250718	0.206458	0.321886	
0.004596	18	30	37	53	62	0.083462	0.136853	0.250015	0.206750	0.322921	
0.004584	18	30	37	53	62	0.081270	0.138422	0.249312	0.207042	0.323955	
0.004572	18	30	37	53	62	0.079078	0.139990	0.248609	0.207334	0.324989	
0.004561	18	30	37	53	62	0.076886	0.141559	0.247906	0.207626	0.326023	
0.004549	18	30	37	53	62	0.074694	0.143128	0.247202	0.207918	0.327058	
0.004537	18	30	37	53	62	0.072503	0.144696	0.246499	0.208210	0.328092	
0.004526	37	53	62	66	82	0.285950	0.171765	0.281789	0.104221	0.156276	
0.004514	37	53	62	66	82	0.279652	0.171977	0.287653	0.106065	0.154653	
0.004502	37	53	62	66	82	0.273353	0.172189	0.293517	0.107909	0.153031	
0.004491	37	53	62	66	82	0.267055	0.172401	0.299382	0.109754	0.151408	
0.004479	37	53	62	66	82	0.260757	0.172613	0.305245	0.111598	0.149786	
0.004467	37	53	62	66	82	0.254459	0.172826	0.311110	0.113442	0.148163	
0.004455	37	53	62	66	82	0.248161	0.173038	0.316974	0.115287	0.146541	
0.004444	37	53	62	66	82	0.241863	0.173250	0.322838	0.117131	0.144919	
0.004432	37	53	62	66	82	0.235565	0.173462	0.328702	0.118975	0.143296	
0.004420	37	53	62	66	82	0.229267	0.173674	0.334566	0.120820	0.141674	
0.004409	37	53	62	66	82	0.222969	0.173886	0.340430	0.122664	0.140051	
0.004397	30	37	53	62	82	0.111764	0.276194	0.190854	0.297784	0.123403	
0.004385	30	37	53	62	82	0.115675	0.271867	0.190567	0.300417	0.121474	
0.004374	30	37	53	62	82	0.119587	0.267539	0.190279	0.303051	0.119545	
0.004362	30	37	53	62	82	0.123498	0.263211	0.189992	0.305684	0.117615	
0.004350	30	37	53	62	82	0.127409	0.258883	0.189704	0.308318	0.115686	
0.004339	30	37	53	62	82	0.131321	0.254556	0.189416	0.310951	0.113756	
0.004327	30	37	53	62	82	0.135232	0.250228	0.189129	0.313584	0.111827	
0.004315	30	37	53	62	82	0.139143	0.245900	0.188841	0.316218	0.109897	
0.004303	30	37	53	62	82	0.143055	0.241573	0.188554	0.318851	0.107968	
0.004292	30	37	53	62	82	0.146966	0.237245	0.188266	0.321485	0.106038	
0.004280	30	37	53	62	82	0.150877	0.232917	0.187978	0.324118	0.104109	
0.004268	30	37	53	62	82	0.154789	0.228589	0.187691	0.326752	0.102179	
0.004257	30	37	53	62	82	0.158700	0.224262	0.187403	0.329385	0.100250	
0.004245	30	37	53	62	72	0.141655	0.253332	0.179773	0.306232	0.119008	
0.004233	30	37	53	62	72	0.145596	0.248155	0.178881	0.308785	0.118583	
0.004222	30	37	53	62	72	0.149537	0.242978	0.177988	0.311339	0.118158	
0.004210	30	37	53	62	72	0.153478	0.237801	0.177096	0.313893	0.117733	
0.004198	30	37	53	62	72	0.157419	0.232623	0.176204	0.316447	0.117308	
0.004186	30	37	53	62	72	0.161360	0.227446	0.175311	0.319000	0.116883	
0.004175	2	30	53	62	72	0.245354	0.152757	0.182192	0.295525	0.124172	
0.004163	2	30	53	62	72	0.239899	0.157250	0.180728	0.298653	0.123470	
0.004151	2	30	53	62	72	0.234444	0.161743	0.179264	0.301781	0.122768	
0.004140	2	30	53	62	72	0.228989	0.166236	0.177800	0.304909	0.122066	
0.004128	25	30	37	53	62	0.103547	0.132041	0.273845	0.197637	0.292930	
0.004116	25	30	37	53	62	0.107638	0.133055	0.271020	0.195859	0.292429	
0.004105	25	30	37	53	62	0.111729	0.134068	0.268194	0.194081	0.291927	
0.004093	25	30	37	53	62	0.115820	0.135082	0.265369	0.192303	0.291426	
0.004081	25	30	37	53	62	0.119911	0.136095	0.262544	0.190525	0.290925	
0.004070	25	30	37	53	62	0.124002	0.137109	0.259718	0.188748	0.290423	
0.004058	25	30	37	53	62	0.128093	0.138122	0.256893	0.186970	0.289922	
0.004046	25	30	37	53	62	0.132184	0.139135	0.254068	0.185192	0.289421	
0.004034	25	30	37	53	62	0.136275	0.140149	0.251243	0.183414	0.288919	
0.004023	25	30	37	53	62	0.140366	0.141162	0.248417	0.181636	0.288418	
0.004011	25	30	37	53	62	0.144457	0.142176	0.245592	0.179858	0.287917	
0.003999	25	30	37	53	62	0.148548	0.143189	0.242767	0.178081	0.287415	
0.003988	25	30	37	53	62	0.152639	0.144203	0.239941	0.176303	0.286914	
0.003976	25	30	37	53	62	0.156731	0.145216	0.237116	0.174525	0.286413	
0.003964	25	30	37	53	62	0.160821	0.146229	0.234291	0.172747	0.285911	
0.003953	25	30	37	53	62	0.164913	0.147243	0.231465	0.170969	0.285410	
0.003941	25	30	37	53	62	0.169004	0.148256	0.228640	0.169191	0.284909	
0.003929	25	30	37	53	62	0.173095	0.149270	0.225815	0.167414	0.284407	
0.003918	25	30	37	53	62	0.177186	0.150283	0.222989	0.165636	0.283906	
0.003906	25	30	37	53	62	0.181277	0.151297	0.220164	0.163858	0.283405	
0.003894	25	30	37	53	62	0.185368	0.152310	0.217339	0.162080	0.282903	
0.003882	25	30	37	53	62	0.189459	0.153324	0.214513	0.160302	0.282402	
0.003871	25	30	37	53	62	0.193550	0.154337	0.211688	0.158524	0.281901	
0.003859	2	25	30	53	62	0.220354	0.180351	0.157682	0.169134	0.272479	
0.003847	2	25	30	53	62	0.217606	0.184855	0.158647	0.166961	0.271930	
0.003836	2	25	30	53	62	0.214858	0.189359	0.159613	0.164788	0.271382	
0.003824	2	30	46	53	62	0.220355	0.153368	0.151931	0.186874	0.287473	
0.003812	2	30	46	53	62	0.218120	0.153780	0.155842	0.185280	0.286978	
0.003801	2	30	46	53	62	0.215886	0.154192	0.159754	0.183686	0.286482	
0.003789	2	30	46	53	62	0.213652	0.154604	0.163666	0.182092	0.285987	
0.003777	2	30	46	53	62	0.211417	0.155015	0.167578	0.180498	0.285491	
0.003766	2	30	46	53	62	0.209183	0.155427	0.171490	0.178903	0.284996	
0.003754	2	30	46	53	62	0.206949	0.155839	0.175402	0.177309	0.284501	
0.003742	2	30	46	53	62	0.204714	0.156251	0.179314	0.175715	0.284005	
0.003730	2	30	46	53	62	0.202480	0.156663	0.183226	0.174121	0.283510	
0.003719	2	30	46	53	62	0.200245	0.157075	0.187138	0.172527	0.283014	
0.003707	2	30	46	53	62	0.198011	0.157487	0.191050	0.170933	0.282519	
0.003695	2	30	46	53	62	0.195777	0.157899	0.194962	0.169339	0.282024	
0.003684	2	30	46	53	62	0.193542	0.158310	0.198874	0.167745	0.281528	
0.003672	2	30	46	53	62	0.191308	0.158722	0.202786	0.166151	0.281033	
0.003660	2	30	46	53	62	0.189074	0.159134	0.206698	0.164557	0.280538	
0.003649	2	30	46	53	62	0.186839	0.159546	0.210610	0.162963	0.280042	
0.003637	25	30	37	46	62	0.174112	0.140923	0.249535	0.133325	0.302105	
0.003625	25	30	37	46	62	0.175651	0.140886	0.246880	0.136104	0.300479	
0.003614	25	30	37	46	62	0.177191	0.140848	0.244226	0.138883	0.298853	
0.003602	25	30	37	46	62	0.178731	0.140811	0.241571	0.141661	0.297226	
0.003590	25	30	37	46	62	0.180270	0.140774	0.238917	0.144440	0.295600	
0.003578	25	30	37	46	62	0.181810	0.140737	0.236262	0.147218	0.293974	
0.003567	25	30	37	46	62	0.183349	0.140699	0.233608	0.149997	0.292347	
0.003555	25	30	37	46	62	0.184889	0.140662	0.230953	0.152775	0.290721	
0.003543	25	30	37	46	62	0.186428	0.140625	0.228299	0.155554	0.289095	
0.003532	2	25	30	46	62	0.240982	0.177972	0.147085	0.149551	0.284410	
0.003520	2	25	30	46	62	0.238305	0.179684	0.146904	0.152541	0.282566	
0.003508	2	25	30	46	62	0.235629	0.181396	0.146722	0.155530	0.280723	
0.003497	2	25	30	46	62	0.232952	0.183108	0.146540	0.158520	0.278879	
0.003485	2	25	30	46	62	0.230276	0.184820	0.146358	0.161510	0.277036	
0.003473	2	25	30	46	62	0.227599	0.186533	0.146176	0.164499	0.275192	
0.003462	2	25	30	46	62	0.224923	0.188245	0.145995	0.167489	0.273349	
0.003450	2	25	30	46	62	0.222246	0.189957	0.145813	0.170478	0.271506	
0.003438	2	25	30	46	62	0.219570	0.191669	0.145631	0.173468	0.269662	
0.003426	2	25	30	46	62	0.216893	0.193381	0.145449	0.176457	0.267819	
0.003415	2	25	30	46	62	0.214217	0.195093	0.145268	0.179447	0.265975	
0.003403	2	25	30	46	62	0.211540	0.196805	0.145086	0.182437	0.264132	
0.003391	2	25	30	46	62	0.208864	0.198517	0.144904	0.185426	0.262288	
0.003380	2	25	30	46	62	0.206187	0.200230	0.144722	0.188416	0.260445	
0.003368	2	25	30	46	62	0.203511	0.201942	0.144541	0.191405	0.258601	
0.003356	2	25	30	46	62	0.200834	0.203654	0.144359	0.194395	0.256758	
0.003345	2	25	30	46	62	0.198158	0.205366	0.144177	0.197384	0.254914	
0.003333	2	25	30	46	62	0.195481	0.207078	0.143995	0.200374	0.253071	
0.003321	2	25	30	46	62	0.192805	0.208790	0.143814	0.203364	0.251227	
0.003310	2	25	30	46	62	0.190129	0.210502	0.143632	0.206353	0.249384	
0.003298	2	25	30	46	62	0.187452	0.212215	0.143450	0.209343	0.247541	
0.003286	2	30	41	46	62	0.201292	0.139518	0.172576	0.199183	0.287432	
0.003274	2	30	41	46	62	0.198853	0.139174	0.174420	0.201715	0.285838	
0.003263	2	30	41	46	62	0.196414	0.138830	0.176264	0.204248	0.284244	
0.003251	2	30	41	46	62	0.193975	0.138487	0.178108	0.206780	0.282650	
0.003239	2	30	41	46	62	0.191536	0.138143	0.179953	0.209313	0.281056	
0.003228	2	30	41	46	62	0.189097	0.137799	0.181797	0.211845	0.279462	
0.003216	2	30	41	46	62	0.186658	0.137456	0.183641	0.214378	0.277868	
0.003204	2	30	41	46	62	0.184219	0.137112	0.185485	0.216910	0.276274	
0.003193	2	30	41	46	62	0.181780	0.136768	0.187329	0.219443	0.274680	
0.003181	2	25	41	46	62	0.206870	0.175385	0.153448	0.201191	0.263106	
0.003169	2	25	41	46	62	0.204363	0.176149	0.154906	0.203418	0.261164	
0.003158	2	25	41	46	62	0.201856	0.176913	0.156364	0.205646	0.259221	
0.003146	2	25	41	46	62	0.199349	0.177677	0.157823	0.207873	0.257278	
0.003134	2	25	41	46	62	0.196842	0.178441	0.159281	0.210101	0.255335	
0.003122	2	25	41	46	62	0.194335	0.179206	0.160739	0.212329	0.253392	
0.003111	2	25	41	46	62	0.191828	0.179970	0.162197	0.214556	0.251449	
0.003099	2	25	41	46	62	0.189320	0.180734	0.163655	0.216784	0.249506	
0.003087	2	25	41	46	62	0.186813	0.181498	0.165114	0.219012	0.247563	
0.003076	2	25	41	46	62	0.184306	0.182262	0.166572	0.221239	0.245620	
0.003064	2	25	41	46	62	0.181799	0.183027	0.168030	0.223467	0.243677	
0.003052	2	25	41	46	62	0.179292	0.183791	0.169488	0.225695	0.241735	
0.003041	2	25	41	46	62	0.176785	0.184555	0.170946	0.227922	0.239792	
0.003029	2	25	41	46	62	0.174278	0.185319	0.172405	0.230150	0.237849	
0.003017	2	25	41	46	62	0.171770	0.186083	0.173863	0.232377	0.235906	
0.003006	2	25	41	46	62	0.169263	0.186848	0.175321	0.234605	0.233963	
0.002994	2	25	41	46	62	0.166756	0.187612	0.176779	0.236833	0.232020	
0.002982	2	25	41	46	62	0.164249	0.188376	0.178237	0.239060	0.230077	
0.002970	2	25	41	46	62	0.161742	0.189140	0.179696	0.241288	0.228134	
0.002959	2	25	41	46	62	0.159235	0.189905	0.181154	0.243516	0.226191	
0.002947	2	25	41	46	62	0.156728	0.190669	0.182612	0.245743	0.224248	
0.002935	2	20	41	46	62	0.214286	0.115398	0.174418	0.202796	0.293101	
0.002924	2	20	41	46	62	0.212766	0.117289	0.174782	0.203581	0.291583	
0.002912	2	20	41	46	62	0.211245	0.119180	0.175146	0.204365	0.290064	
0.002900	2	20	41	46	62	0.209725	0.121071	0.175509	0.205150	0.288546	
0.002889	2	20	41	46	62	0.208204	0.122962	0.175873	0.205935	0.287027	
0.002877	2	20	41	46	62	0.206683	0.124852	0.176236	0.206719	0.285508	
0.002865	2	20	41	46	62	0.205163	0.126743	0.176600	0.207504	0.283990	
0.002853	2	20	41	46	62	0.203642	0.128634	0.176964	0.208289	0.282471	
0.002842	2	20	41	46	62	0.202122	0.130525	0.177327	0.209074	0.280952	
0.002830	2	20	41	46	62	0.200601	0.132416	0.177691	0.209858	0.279434	
0.002818	2	20	41	46	62	0.199080	0.134307	0.178054	0.210643	0.277915	
0.002807	2	20	41	46	62	0.197560	0.136198	0.178418	0.211428	0.276397	
0.002795	2	20	41	46	62	0.196039	0.138088	0.178782	0.212213	0.274878	
0.002783	2	20	41	46	62	0.194519	0.139979	0.179145	0.212997	0.273359	
0.002772	2	20	41	46	62	0.192998	0.141870	0.179509	0.213782	0.271841	
0.002760	2	20	41	46	62	0.191478	0.143761	0.179872	0.214567	0.270322	
0.002748	2	20	41	46	62	0.189957	0.145652	0.180236	0.215352	0.268803	
0.002737	2	20	41	46	62	0.188436	0.147543	0.180600	0.216136	0.267285	
0.002725	2	20	41	46	62	0.186916	0.149434	0.180963	0.216921	0.265766	
0.002713	2	20	41	46	62	0.185395	0.151325	0.181327	0.217706	0.264248	
0.002701	2	20	41	46	62	0.183875	0.153215	0.181690	0.218491	0.262729	
0.002690	2	20	41	46	62	0.182354	0.155106	0.182054	0.219275	0.261210	
0.002678	2	20	41	46	62	0.180833	0.156997	0.182418	0.220060	0.259692	
0.002666	2	20	41	46	62	0.179313	0.158888	0.182781	0.220845	0.258173	
0.002655	2	20	41	46	62	0.177792	0.160779	0.183145	0.221629	0.256655	
0.002643	2	20	41	46	62	0.176272	0.162670	0.183508	0.222414	0.255136	
0.002631	2	20	41	46	62	0.174751	0.164561	0.183872	0.223199	0.253617	
0.002620	2	20	41	46	62	0.173230	0.166452	0.184236	0.223984	0.252099	
0.002608	2	20	41	46	62	0.171710	0.168342	0.184599	0.224768	0.250580	
0.002596	2	20	41	46	62	0.170189	0.170233	0.184963	0.225553	0.249061	
0.002585	2	20	41	46	62	0.168669	0.172124	0.185326	0.226338	0.247543	
0.002573	2	20	41	46	62	0.167148	0.174015	0.185690	0.227123	0.246024	
0.002561	2	20	41	46	62	0.165627	0.175906	0.186054	0.227907	0.244505	
0.002549	2	20	41	46	62	0.164107	0.177797	0.186417	0.228692	0.242987	
0.002538	2	20	41	46	62	0.162586	0.179688	0.186781	0.229477	0.241468	
0.002526	2	20	41	46	62	0.161066	0.181579	0.187144	0.230262	0.239950	
0.002514	2	20	41	46	62	0.159545	0.183469	0.187508	0.231046	0.238431	
0.002503	2	20	41	46	62	0.158025	0.185360	0.187872	0.231831	0.236912	
0.002491	2	20	41	46	62	0.156504	0.187251	0.188235	0.232616	0.235394	
0.002479	2	20	41	46	62	0.154983	0.189142	0.188599	0.233401	0.233875	
0.002468	2	20	41	46	62	0.153463	0.191033	0.188962	0.234185	0.232357	
0.002456	2	20	41	46	62	0.151942	0.192924	0.189326	0.234970	0.230838	
0.002444	2	20	41	46	62	0.150422	0.194815	0.189690	0.235755	0.229319	
0.002433	2	20	41	46	62	0.148901	0.196705	0.190053	0.236539	0.227801	
0.002421	2	20	41	46	62	0.147381	0.198596	0.190417	0.237324	0.226282	
0.002409	2	20	41	46	62	0.145860	0.200487	0.190780	0.238109	0.224763	
0.002397	2	20	41	46	62	0.144339	0.202378	0.191144	0.238894	0.223245	
0.002386	2	20	41	46	62	0.142819	0.204269	0.191508	0.239678	0.221726	
0.002374	2	20	41	46	62	0.141298	0.206160	0.191871	0.240463	0.220208	
