0.009195	82										1.000000	
0.009180	34	82									0.033048	0.966952	
0.009166	34	82									0.066097	0.933903	
0.009151	34	82									0.099145	0.900855	
0.009137	34	82									0.132193	0.867807	
0.009122	34	82									0.165241	0.834759	
0.009108	34	82									0.198289	0.801711	
0.009093	34	42	82								0.217019	0.010138	0.772844	
0.009079	34	42	82								0.221607	0.030286	0.748107	
0.009064	34	42	82								0.225590	0.050864	0.723546	
0.009050	34	42	82								0.229571	0.071443	0.698986	
0.009035	34	42	82								0.233551	0.092023	0.674426	
0.009021	34	42	82								0.237532	0.112602	0.649866	
0.009006	34	42	82								0.241512	0.133182	0.625306	
0.008992	34	42	82								0.245492	0.153762	0.600746	
0.008977	34	42	82								0.249472	0.174342	0.576186	
0.008963	34	42	82								0.253452	0.194922	0.551626	
0.008948	34	42	82								0.257433	0.215501	0.527066	
0.008934	34	42	82								0.261413	0.236081	0.502506	
0.008919	34	42	82								0.265393	0.256661	0.477946	
0.008905	34	42	82								0.269373	0.277241	0.453386	
0.008890	34	42	82								0.273352	0.297814	0.428834	
0.008876	34	42	82	89							0.269154	0.283485	0.434936	0.012425	
0.008861	34	42	82	89							0.267918	0.281798	0.429936	0.020349	
0.008846	34	42	82	89							0.266681	0.280105	0.424940	0.028275	
0.008832	34	42	82	89							0.265443	0.278412	0.419944	0.036201	
0.008817	34	42	82	89							0.264206	0.276718	0.414949	0.044127	
0.008803	34	42	82	89							0.262968	0.275025	0.409954	0.052053	
0.008788	34	42	82	89							0.261730	0.273331	0.404959	0.059980	
0.008774	34	42	82	89							0.260493	0.271637	0.399964	0.067906	
0.008759	34	42	82	89							0.259255	0.269944	0.394969	0.075832	
0.008745	34	42	82	89							0.258018	0.268250	0.389974	0.083759	
0.008730	34	42	82	89							0.256780	0.266556	0.384979	0.091685	
0.008716	34	42	82	89							0.255543	0.264863	0.379984	0.099611	
0.008701	34	42	82	89							0.254305	0.263169	0.374989	0.107537	
0.008687	34	42	82	89							0.253068	0.261475	0.369994	0.115464	
0.008672	34	42	82	89							0.251830	0.259782	0.364999	0.123390	
0.008658	34	42	82	89							0.250592	0.258088	0.360004	0.131316	
0.008643	34	42	82	89							0.249355	0.256394	0.355009	0.139242	
0.008629	34	42	82	89							0.248117	0.254700	0.350014	0.147169	
0.008614	34	42	82	89							0.246880	0.253007	0.345019	0.155095	
0.008600	34	42	82	89							0.245642	0.251313	0.340024	0.163021	
0.008585	34	42	82	89							0.244405	0.249619	0.335029	0.170948	
0.008571	34	42	82	89							0.243167	0.247925	0.330034	0.178874	
0.008556	34	42	82	89							0.241929	0.246232	0.325039	0.186800	
0.008542	34	42	82	89							0.240692	0.244538	0.320044	0.194726	
0.008527	34	42	82	89							0.239454	0.242844	0.315049	0.202653	
0.008513	34	42	82	89							0.238217	0.241150	0.310054	0.210579	
0.008498	34	42	82	89							0.236979	0.239457	0.305059	0.218506	
0.008484	34	42	82	89							0.235742	0.237763	0.300064	0.226432	
0.008469	34	42	82	89							0.234504	0.236069	0.295069	0.234358	
0.008454	34	42	82	89							0.233266	0.234376	0.290074	0.242284	
0.008440	34	42	82	89							0.232029	0.232682	0.285079	0.250210	
0.008425	34	42	82	89							0.230791	0.230988	0.280084	0.258137	
0.008411	34	42	82	89							0.229554	0.229294	0.275089	0.266063	
0.008396	34	42	82	89							0.228316	0.227601	0.270094	0.273989	
0.008382	34	42	82	89							0.227079	0.225907	0.265099	0.281916	
0.008367	34	42	82	89							0.225841	0.224213	0.260104	0.289842	
0.008353	34	42	82	89							0.224603	0.222519	0.255109	0.297768	
0.008338	34	42	82	89							0.223366	0.220826	0.250114	0.305695	
0.008324	34	42	82	89							0.222128	0.219132	0.245119	0.313621	
0.008309	34	42	82	89							0.220891	0.217438	0.240124	0.321547	
0.008295	34	42	82	89							0.219653	0.215744	0.235129	0.329474	
0.008280	34	42	82	89							0.218416	0.214051	0.230134	0.337400	
0.008266	34	42	82	89							0.217178	0.212357	0.225139	0.345327	
0.008251	2	34	42	82	89						0.010283	0.215405	0.208578	0.225404	0.340330	
0.008237	2	34	42	82	89						0.014966	0.213924	0.205934	0.222804	0.342372	
0.008222	2	34	42	82	89						0.020084	0.212420	0.203203	0.220426	0.343867	
0.008208	2	34	42	82	89						0.025189	0.210917	0.200474	0.218042	0.345377	
0.008193	2	34	42	82	89						0.030298	0.209414	0.197744	0.215660	0.346885	
0.008179	2	34	42	82	89						0.035406	0.207910	0.195015	0.213278	0.348391	
0.008164	2	34	42	82	89						0.040516	0.206407	0.192285	0.210896	0.349897	
0.008150	2	34	42	82	89						0.045625	0.204903	0.189555	0.208514	0.351402	
0.008135	2	34	42	82	89						0.050735	0.203400	0.186825	0.206133	0.352907	
0.008121	2	34	42	82	89						0.055845	0.201896	0.184095	0.203751	0.354413	
0.008106	2	34	42	82	89						0.060955	0.200393	0.181365	0.201369	0.355918	
0.008091	2	34	42	82	89						0.066066	0.198889	0.178635	0.198987	0.357423	
0.008077	2	23	34	42	82	89					0.062422	0.010085	0.198507	0.180166	0.197913	0.350906	
0.008062	2	34	42	76	82	89					0.063834	0.197368	0.178169	0.010110	0.197619	0.352900	
0.008048	2	23	34	42	76	82	89				0.060356	0.010030	0.196966	0.179630	0.010015	0.196506	0.346497	
0.008033	2	23	34	42	76	82	89				0.064916	0.010329	0.195530	0.177143	0.010252	0.194242	0.347588	
0.008019	2	23	34	42	76	82	89				0.067543	0.011279	0.194330	0.175480	0.011599	0.192436	0.347334	
0.008004	2	23	34	42	76	82	89				0.069180	0.012677	0.193251	0.174247	0.013434	0.190851	0.346359	
0.007990	2	23	34	42	76	82	89				0.070703	0.014306	0.192188	0.173077	0.015199	0.189273	0.345253	
0.007975	2	23	34	36	42	76	82	89			0.068574	0.013159	0.191901	0.010050	0.173004	0.011403	0.189072	0.342837	
0.007961	2	23	34	36	42	76	82	89			0.070047	0.014817	0.190848	0.010136	0.171855	0.013098	0.187505	0.341694	
0.007946	2	23	34	36	42	76	82	89			0.071324	0.016330	0.189835	0.010748	0.170765	0.014507	0.186012	0.340479	
0.007932	2	23	34	36	42	76	82	89			0.072259	0.017578	0.188895	0.012307	0.169778	0.015392	0.184648	0.339144	
0.007917	2	23	34	36	42	76	82	89			0.073079	0.018737	0.187980	0.014183	0.168824	0.016102	0.183328	0.337768	
0.007903	2	23	34	36	42	76	82	89			0.073895	0.019892	0.187065	0.016070	0.167872	0.016807	0.182009	0.336390	
0.007888	2	23	34	36	42	76	82	89			0.074697	0.021054	0.186153	0.017962	0.166927	0.017513	0.180694	0.335000	
0.007874	2	23	34	36	42	76	82	89			0.075517	0.022206	0.185238	0.019849	0.165973	0.018218	0.179374	0.333626	
0.007859	2	23	34	36	42	76	82	89			0.076335	0.023359	0.184323	0.021736	0.165020	0.018922	0.178055	0.332250	
0.007845	2	23	34	36	42	76	82	89			0.077151	0.024513	0.183409	0.023624	0.164068	0.019625	0.176736	0.330873	
0.007830	2	23	34	36	42	76	82	89			0.077967	0.025668	0.182494	0.025513	0.163116	0.020329	0.175418	0.329495	
0.007816	2	23	34	36	42	76	82	89			0.078783	0.026822	0.181580	0.027401	0.162164	0.021033	0.174099	0.328118	
0.007801	2	23	34	36	42	76	82	89			0.079596	0.027979	0.180666	0.029289	0.161213	0.021738	0.172781	0.326737	
0.007786	2	23	34	36	42	76	82	89			0.080412	0.029133	0.179752	0.031178	0.160261	0.022442	0.171462	0.325360	
0.007772	2	23	34	36	42	76	82	89			0.081228	0.030287	0.178837	0.033067	0.159309	0.023145	0.170144	0.323983	
0.007757	2	23	34	36	42	76	82	89			0.082043	0.031442	0.177923	0.034956	0.158357	0.023848	0.168825	0.322605	
0.007743	2	23	34	36	42	76	82	89			0.082859	0.032596	0.177008	0.036845	0.157406	0.024552	0.167507	0.321227	
0.007728	2	23	34	36	42	76	82	89			0.083675	0.033751	0.176094	0.038734	0.156454	0.025255	0.166188	0.319849	
0.007714	2	23	34	36	42	76	82	89			0.084490	0.034905	0.175180	0.040623	0.155502	0.025959	0.164869	0.318471	
0.007699	2	23	34	36	42	76	82	89			0.085305	0.036060	0.174266	0.042512	0.154550	0.026663	0.163551	0.317093	
0.007685	2	23	34	36	42	76	82	89			0.086120	0.037215	0.173351	0.044401	0.153599	0.027366	0.162233	0.315715	
0.007670	2	23	34	36	42	76	82	89			0.086935	0.038370	0.172437	0.046290	0.152647	0.028070	0.160914	0.314337	
0.007656	2	23	34	36	42	76	82	89			0.087750	0.039525	0.171523	0.048179	0.151696	0.028774	0.159596	0.312959	
0.007641	2	23	34	36	42	76	82	89			0.088565	0.040679	0.170608	0.050068	0.150744	0.029478	0.158277	0.311580	
0.007627	2	23	34	36	42	76	82	89			0.089380	0.041834	0.169694	0.051957	0.149792	0.030182	0.156959	0.310202	
0.007612	2	23	34	36	42	76	82	89			0.090195	0.042989	0.168780	0.053846	0.148841	0.030886	0.155640	0.308824	
0.007598	2	23	34	36	42	76	82	89			0.091010	0.044144	0.167866	0.055734	0.147889	0.031589	0.154322	0.307445	
0.007583	2	23	34	36	42	76	82	89			0.091825	0.045299	0.166951	0.057623	0.146938	0.032293	0.153004	0.306067	
0.007569	2	23	34	36	42	76	82	89			0.092640	0.046454	0.166037	0.059512	0.145986	0.032997	0.151685	0.304689	
0.007554	2	23	34	36	42	76	82	89			0.093455	0.047609	0.165123	0.061401	0.145034	0.033701	0.150367	0.303311	
0.007540	2	23	34	36	42	76	82	89			0.094270	0.048763	0.164209	0.063290	0.144083	0.034405	0.149048	0.301932	
0.007525	2	23	34	36	42	76	82	89			0.095085	0.049918	0.163294	0.065179	0.143131	0.035109	0.147730	0.300554	
0.007510	2	23	34	36	42	76	82	89			0.095900	0.051073	0.162380	0.067067	0.142180	0.035813	0.146411	0.299176	
0.007496	2	23	34	36	42	76	82	89			0.096715	0.052228	0.161466	0.068956	0.141228	0.036517	0.145093	0.297797	
0.007481	2	23	34	36	42	76	82	89			0.097530	0.053383	0.160551	0.070845	0.140277	0.037221	0.143775	0.296419	
0.007467	2	23	34	36	42	76	82	89			0.098345	0.054538	0.159637	0.072734	0.139325	0.037925	0.142456	0.295041	
0.007452	2	23	34	36	42	76	82	89			0.099160	0.055693	0.158723	0.074623	0.138373	0.038628	0.141138	0.293662	
0.007438	2	23	34	36	42	76	82	89			0.099975	0.056848	0.157809	0.076512	0.137422	0.039332	0.139819	0.292284	
0.007423	2	23	34	36	42	76	82	89			0.100790	0.058002	0.156894	0.078400	0.136470	0.040036	0.138501	0.290906	
0.007409	2	23	34	36	42	76	82	89			0.101605	0.059157	0.155980	0.080289	0.135519	0.040740	0.137182	0.289527	
0.007394	2	23	34	36	42	76	82	89			0.102420	0.060312	0.155066	0.082178	0.134567	0.041444	0.135864	0.288149	
0.007380	2	20	23	34	36	42	76	82	89		0.100609	0.010100	0.058203	0.154969	0.080366	0.134384	0.040687	0.135104	0.285578	
0.007365	2	20	23	34	36	42	76	82	89		0.101352	0.010376	0.059269	0.154077	0.082154	0.133453	0.041351	0.133801	0.284168	
0.007351	2	20	23	34	36	42	76	82	89		0.101962	0.011168	0.060168	0.153226	0.083752	0.132562	0.041940	0.132526	0.282696	
0.007336	2	20	23	34	36	42	76	82	89		0.102381	0.012689	0.060831	0.152435	0.085084	0.131726	0.042424	0.131291	0.281138	
0.007322	2	20	23	34	36	42	76	82	89		0.102660	0.014753	0.061319	0.151688	0.086217	0.130931	0.042830	0.130087	0.279516	
0.007307	2	20	23	34	36	42	76	82	89		0.102883	0.017031	0.061738	0.150958	0.087271	0.130153	0.043204	0.128894	0.277868	
0.007293	2	20	23	34	36	42	76	82	89		0.103092	0.019360	0.062140	0.150232	0.088307	0.129379	0.043571	0.127705	0.276215	
0.007278	2	20	23	34	36	42	76	82	89		0.103300	0.021696	0.062540	0.149506	0.089339	0.128605	0.043937	0.126515	0.274561	
0.007264	2	20	23	34	36	42	76	82	89		0.103507	0.024033	0.062940	0.148781	0.090372	0.127831	0.044303	0.125326	0.272907	
0.007249	2	20	23	34	36	42	76	82	89		0.103715	0.026371	0.063339	0.148056	0.091404	0.127057	0.044668	0.124137	0.271253	
0.007235	2	20	23	34	36	42	76	82	89		0.103922	0.028709	0.063738	0.147331	0.092436	0.126284	0.045034	0.122948	0.269598	
0.007220	2	20	23	34	36	42	76	82	89		0.104129	0.031047	0.064138	0.146606	0.093468	0.125510	0.045400	0.121758	0.267944	
0.007205	2	20	23	34	36	42	76	82	89		0.104337	0.033386	0.064537	0.145880	0.094500	0.124736	0.045766	0.120569	0.266289	
0.007191	2	20	23	34	36	42	76	82	89		0.104544	0.035724	0.064936	0.145155	0.095533	0.123962	0.046131	0.119380	0.264635	
0.007176	2	20	23	34	36	42	76	82	89		0.104751	0.038062	0.065335	0.144430	0.096565	0.123189	0.046497	0.118191	0.262981	
0.007162	2	20	23	34	36	42	76	82	89		0.104958	0.040400	0.065735	0.143705	0.097597	0.122415	0.046863	0.117001	0.261326	
0.007147	2	20	23	34	36	42	76	82	89		0.105166	0.042738	0.066134	0.142980	0.098629	0.121641	0.047228	0.115812	0.259672	
0.007133	2	20	23	34	36	42	76	82	89		0.105371	0.045081	0.066533	0.142255	0.099658	0.120869	0.047595	0.114624	0.258015	
0.007118	2	20	23	34	36	42	76	82	89		0.105578	0.047418	0.066933	0.141530	0.100690	0.120095	0.047961	0.113434	0.256361	
0.007104	2	20	23	34	36	42	76	82	89		0.105786	0.049756	0.067332	0.140804	0.101722	0.119321	0.048327	0.112245	0.254707	
0.007089	2	20	23	34	36	42	76	82	89		0.105993	0.052094	0.067731	0.140079	0.102755	0.118547	0.048692	0.111056	0.253052	
0.007075	2	20	23	34	36	42	76	82	89		0.106200	0.054432	0.068131	0.139354	0.103787	0.117774	0.049058	0.109867	0.251398	
0.007060	2	20	23	34	36	42	76	82	89		0.106408	0.056770	0.068530	0.138629	0.104819	0.117000	0.049424	0.108677	0.249744	
0.007046	2	20	23	34	36	42	76	82	89		0.106615	0.059108	0.068929	0.137904	0.105851	0.116226	0.049789	0.107488	0.248089	
0.007031	2	20	23	34	36	42	76	82	89		0.106822	0.061446	0.069329	0.137178	0.106884	0.115452	0.050155	0.106299	0.246435	
0.007017	2	20	23	34	36	42	76	82	89		0.107030	0.063784	0.069728	0.136453	0.107916	0.114679	0.050521	0.105110	0.244781	
0.007002	2	20	23	34	36	42	76	82	89		0.107237	0.066122	0.070127	0.135728	0.108948	0.113905	0.050886	0.103920	0.243126	
0.006988	2	20	23	34	36	42	76	82	89		0.107444	0.068460	0.070527	0.135003	0.109980	0.113131	0.051252	0.102731	0.241472	
0.006973	2	20	23	34	36	42	76	82	89		0.107651	0.070798	0.070926	0.134278	0.111012	0.112357	0.051618	0.101542	0.239818	
0.006959	2	20	23	34	36	42	76	82	89		0.107859	0.073136	0.071325	0.133552	0.112044	0.111584	0.051984	0.100353	0.238163	
0.006944	2	20	23	34	36	42	76	82	89		0.108066	0.075474	0.071725	0.132827	0.113077	0.110810	0.052349	0.099163	0.236509	
0.006929	2	20	23	34	36	42	76	82	89		0.108273	0.077812	0.072124	0.132102	0.114109	0.110036	0.052715	0.097974	0.234855	
0.006915	2	20	23	34	36	42	76	82	89		0.108480	0.080150	0.072523	0.131377	0.115141	0.109263	0.053081	0.096785	0.233200	
0.006900	2	20	23	34	36	42	76	82	89		0.108688	0.082489	0.072922	0.130652	0.116173	0.108489	0.053446	0.095596	0.231546	
0.006886	2	20	23	34	36	42	76	82	89		0.108895	0.084827	0.073322	0.129927	0.117205	0.107715	0.053812	0.094406	0.229892	
0.006871	2	20	23	34	36	42	76	82	89	93	0.108183	0.083292	0.072085	0.129079	0.115361	0.106308	0.053893	0.093554	0.228222	0.010024	
0.006857	2	20	23	34	36	42	76	82	89	93	0.108387	0.085617	0.072479	0.128353	0.116384	0.105533	0.054258	0.092366	0.226568	0.010055	
0.006842	2	20	23	34	36	42	76	82	89	93	0.108588	0.087928	0.072866	0.127627	0.117396	0.104754	0.054622	0.091179	0.224913	0.010126	
0.006828	2	20	23	34	36	42	76	82	89	93	0.108781	0.090210	0.073242	0.126900	0.118386	0.103972	0.054983	0.089995	0.223259	0.010272	
0.006813	2	20	23	34	36	42	76	82	89	93	0.108964	0.092446	0.073598	0.126172	0.119342	0.103181	0.055342	0.088814	0.221604	0.010538	
0.006799	2	20	23	34	36	42	76	82	89	93	0.109132	0.094617	0.073927	0.125441	0.120250	0.102380	0.055695	0.087640	0.219949	0.010969	
0.006784	2	20	23	34	36	42	76	82	89	93	0.109283	0.096719	0.074226	0.124709	0.121106	0.101568	0.056044	0.086471	0.218294	0.011581	
0.006770	2	20	23	34	36	42	76	82	89	93	0.109419	0.098759	0.074499	0.123974	0.121917	0.100745	0.056387	0.085308	0.216638	0.012352	
0.006755	2	20	23	34	36	42	76	82	89	93	0.109546	0.100756	0.074754	0.123238	0.122696	0.099916	0.056728	0.084148	0.214982	0.013236	
0.006741	2	20	23	34	36	42	76	82	89	93	0.109666	0.102727	0.074999	0.122501	0.123455	0.099082	0.057067	0.082991	0.213326	0.014186	
0.006726	2	20	23	34	36	42	76	82	89	93	0.109782	0.104685	0.075237	0.121764	0.124205	0.098246	0.057405	0.081835	0.211670	0.015169	
0.006712	2	20	23	34	36	42	76	82	89	93	0.109898	0.106638	0.075474	0.121027	0.124950	0.097410	0.057742	0.080679	0.210015	0.016167	
0.006697	2	20	23	34	36	42	76	82	89	93	0.110013	0.108588	0.075709	0.120289	0.125694	0.096573	0.058080	0.079524	0.208359	0.017170	
0.006683	2	20	23	34	36	42	76	82	89	93	0.110128	0.110538	0.075945	0.119552	0.126438	0.095736	0.058417	0.078368	0.206703	0.018176	
0.006668	2	20	23	34	36	42	76	82	89	93	0.110243	0.112487	0.076180	0.118814	0.127181	0.094899	0.058754	0.077213	0.205047	0.019182	
0.006654	2	20	23	34	36	42	76	82	89	93	0.110358	0.114437	0.076415	0.118077	0.127924	0.094061	0.059091	0.076058	0.203391	0.020188	
0.006639	2	20	23	34	36	42	76	82	89	93	0.110473	0.116386	0.076650	0.117339	0.128667	0.093224	0.059429	0.074903	0.201735	0.021194	
0.006624	2	20	23	34	36	42	76	82	89	93	0.110588	0.118335	0.076885	0.116602	0.129411	0.092387	0.059766	0.073747	0.200080	0.022200	
0.006610	2	20	23	34	36	42	76	82	89	93	0.110702	0.120284	0.077120	0.115865	0.130154	0.091550	0.060103	0.072592	0.198424	0.023207	
0.006595	2	20	23	34	36	42	76	82	89	93	0.110817	0.122233	0.077355	0.115127	0.130897	0.090713	0.060440	0.071437	0.196768	0.024213	
0.006581	2	20	23	34	36	42	76	82	89	93	0.110932	0.124182	0.077590	0.114390	0.131640	0.089876	0.060778	0.070282	0.195112	0.025219	
0.006566	2	20	23	34	36	42	76	82	89	93	0.111047	0.126131	0.077825	0.113652	0.132383	0.089039	0.061115	0.069127	0.193456	0.026226	
0.006552	2	20	23	34	36	42	76	82	89	93	0.111162	0.128080	0.078060	0.112915	0.133126	0.088202	0.061452	0.067971	0.191801	0.027232	
0.006537	2	20	23	34	36	42	76	82	89	93	0.111277	0.130029	0.078295	0.112177	0.133869	0.087364	0.061789	0.066816	0.190145	0.028238	
0.006523	2	20	23	34	36	42	76	82	89	93	0.111390	0.131975	0.078530	0.111440	0.134609	0.086527	0.062128	0.065662	0.188488	0.029252	
0.006508	2	20	23	34	36	42	45	76	82	89	0.107628	0.116223	0.076147	0.115097	0.130070	0.090952	0.044838	0.051650	0.072478	0.194916	
0.006494	2	20	23	34	36	42	45	76	82	89	0.107431	0.116776	0.076088	0.114616	0.130254	0.090382	0.047562	0.051307	0.071835	0.193750	
0.006479	2	20	23	34	36	42	45	76	82	89	0.107234	0.117328	0.076028	0.114135	0.130437	0.089812	0.050286	0.050963	0.071192	0.192584	
0.006465	2	20	23	34	36	42	45	76	82	89	0.107037	0.117880	0.075968	0.113655	0.130621	0.089242	0.053010	0.050620	0.070549	0.191418	
0.006450	2	20	23	34	36	42	45	76	82	89	0.106840	0.118432	0.075908	0.113174	0.130804	0.088672	0.055734	0.050277	0.069906	0.190252	
0.006436	2	20	23	34	36	42	45	76	82	89	0.106643	0.118985	0.075849	0.112693	0.130987	0.088102	0.058458	0.049933	0.069264	0.189086	
0.006421	2	20	23	34	36	42	45	76	82	89	0.106446	0.119537	0.075789	0.112213	0.131171	0.087532	0.061182	0.049590	0.068621	0.187921	
0.006407	2	20	23	34	36	42	45	76	82	89	0.106249	0.120089	0.075729	0.111732	0.131354	0.086962	0.063906	0.049247	0.067978	0.186755	
0.006392	2	20	23	34	36	42	45	76	82	89	0.106052	0.120641	0.075669	0.111251	0.131538	0.086392	0.066631	0.048903	0.067335	0.185589	
0.006378	2	20	23	34	36	42	45	76	82	89	0.105855	0.121193	0.075609	0.110771	0.131721	0.085822	0.069355	0.048560	0.066692	0.184423	
0.006363	2	20	23	34	36	42	45	76	82	89	0.105657	0.121745	0.075550	0.110290	0.131904	0.085252	0.072079	0.048217	0.066049	0.183257	
0.006349	2	20	23	34	36	42	45	76	82	89	0.105460	0.122298	0.075490	0.109809	0.132088	0.084682	0.074803	0.047873	0.065406	0.182091	
0.006334	2	20	23	34	36	42	45	76	82	89	0.105263	0.122850	0.075430	0.109329	0.132271	0.084112	0.077528	0.047530	0.064763	0.180925	
0.006319	2	20	23	34	36	42	45	76	82	89	0.105066	0.123402	0.075370	0.108848	0.132454	0.083542	0.080252	0.047187	0.064120	0.179759	
0.006305	2	20	23	34	36	42	45	76	82	89	0.104869	0.123954	0.075310	0.108367	0.132638	0.082972	0.082976	0.046843	0.063477	0.178593	
0.006290	2	20	23	34	36	42	45	76	82	89	0.104672	0.124506	0.075251	0.107887	0.132821	0.082402	0.085700	0.046500	0.062835	0.177427	
0.006276	2	20	23	34	36	42	45	76	82	89	0.104475	0.125058	0.075191	0.107406	0.133004	0.081832	0.088425	0.046157	0.062192	0.176261	
0.006261	2	20	23	34	36	42	45	76	82	89	0.104278	0.125610	0.075131	0.106925	0.133187	0.081262	0.091149	0.045813	0.061549	0.175095	
0.006247	2	20	23	34	36	42	45	76	82	89	0.104081	0.126162	0.075071	0.106445	0.133371	0.080692	0.093873	0.045470	0.060906	0.173929	
0.006232	2	20	23	34	36	42	45	76	82	89	0.103884	0.126714	0.075011	0.105964	0.133554	0.080122	0.096598	0.045127	0.060263	0.172763	
0.006218	2	20	23	34	36	42	45	76	82	89	0.103686	0.127266	0.074952	0.105484	0.133737	0.079552	0.099322	0.044783	0.059620	0.171597	
0.006203	2	20	23	34	36	42	45	76	82	89	0.103489	0.127818	0.074892	0.105003	0.133921	0.078982	0.102046	0.044440	0.058977	0.170431	
0.006189	2	20	23	34	36	42	45	76	82	89	0.103292	0.128370	0.074832	0.104522	0.134104	0.078412	0.104771	0.044097	0.058334	0.169265	
0.006174	2	20	23	34	36	42	45	76	82	89	0.103095	0.128922	0.074772	0.104042	0.134287	0.077842	0.107495	0.043753	0.057692	0.168099	
0.006160	2	20	23	34	36	42	45	76	82	89	0.102898	0.129474	0.074712	0.103561	0.134471	0.077272	0.110219	0.043410	0.057049	0.166933	
0.006145	2	20	23	34	36	42	45	76	82	89	0.102701	0.130026	0.074653	0.103080	0.134654	0.076702	0.112944	0.043067	0.056406	0.165767	
0.006131	2	20	23	34	36	42	45	76	82	89	0.102504	0.130578	0.074593	0.102600	0.134837	0.076133	0.115668	0.042723	0.055763	0.164601	
0.006116	2	20	23	34	36	42	45	82	86	89	0.095528	0.107221	0.063800	0.103628	0.141550	0.077900	0.113430	0.060957	0.066171	0.169814	
0.006102	2	20	23	34	36	42	45	82	86	89	0.095237	0.107380	0.063588	0.103086	0.141490	0.077360	0.115464	0.060336	0.067411	0.168647	
0.006087	2	20	23	34	36	42	45	82	86	89	0.094946	0.107539	0.063376	0.102545	0.141430	0.076820	0.117499	0.059714	0.068650	0.167480	
0.006073	2	20	23	34	36	42	45	82	86	89	0.094654	0.107698	0.063164	0.102003	0.141370	0.076280	0.119534	0.059093	0.069889	0.166313	
0.006058	2	20	23	34	36	42	45	82	86	89	0.094363	0.107857	0.062953	0.101462	0.141311	0.075740	0.121569	0.058472	0.071128	0.165146	
0.006044	2	20	23	34	36	42	45	82	86	89	0.094072	0.108016	0.062741	0.100920	0.141251	0.075200	0.123603	0.057851	0.072368	0.163979	
0.006029	2	20	23	34	36	42	45	82	86	89	0.093780	0.108175	0.062529	0.100378	0.141191	0.074660	0.125638	0.057230	0.073607	0.162812	
0.006014	2	20	23	34	36	42	45	82	86	89	0.093489	0.108333	0.062317	0.099837	0.141131	0.074120	0.127673	0.056609	0.074846	0.161645	
0.006000	2	20	23	34	36	42	45	82	86	89	0.093197	0.108492	0.062105	0.099295	0.141071	0.073580	0.129708	0.055988	0.076086	0.160478	
0.005985	2	20	23	34	36	42	45	82	86	89	0.092906	0.108651	0.061893	0.098754	0.141011	0.073040	0.131743	0.055367	0.077325	0.159311	
0.005971	2	20	23	34	36	42	45	82	86	89	0.092615	0.108810	0.061681	0.098212	0.140951	0.072500	0.133777	0.054745	0.078564	0.158144	
0.005956	2	20	23	34	36	42	45	82	86	89	0.092323	0.108969	0.061469	0.097670	0.140891	0.071960	0.135812	0.054124	0.079804	0.156977	
0.005942	2	20	23	34	36	42	45	82	86	89	0.092032	0.109128	0.061258	0.097129	0.140832	0.071420	0.137847	0.053503	0.081043	0.155810	
0.005927	2	20	23	34	36	42	45	82	86	89	0.091741	0.109287	0.061046	0.096587	0.140772	0.070880	0.139882	0.052882	0.082282	0.154643	
0.005913	2	20	23	34	36	42	45	82	86	89	0.091449	0.109445	0.060834	0.096046	0.140712	0.070340	0.141916	0.052261	0.083521	0.153476	
0.005898	2	20	23	34	36	42	45	82	86	89	0.091158	0.109604	0.060622	0.095504	0.140652	0.069800	0.143951	0.051640	0.084761	0.152309	
0.005884	2	20	23	34	36	42	45	82	86	89	0.090867	0.109763	0.060410	0.094962	0.140592	0.069260	0.145986	0.051019	0.086000	0.151142	
0.005869	2	20	23	34	36	42	45	82	86	89	0.090575	0.109922	0.060198	0.094421	0.140532	0.068720	0.148021	0.050398	0.087239	0.149975	
0.005855	2	20	23	34	36	42	45	82	86	89	0.090284	0.110081	0.059986	0.093879	0.140472	0.068180	0.150056	0.049776	0.088479	0.148807	
0.005840	2	20	23	34	36	42	45	82	86	89	0.089992	0.110240	0.059774	0.093338	0.140413	0.067640	0.152090	0.049155	0.089718	0.147640	
0.005826	2	20	23	34	36	42	45	82	86	89	0.089701	0.110398	0.059562	0.092796	0.140353	0.067100	0.154125	0.048534	0.090957	0.146473	
0.005811	2	20	23	34	36	42	45	82	86	89	0.089410	0.110557	0.059350	0.092254	0.140293	0.066560	0.156160	0.047913	0.092196	0.145306	
0.005797	2	20	23	34	36	42	45	82	86	89	0.089118	0.110716	0.059139	0.091713	0.140233	0.066019	0.158195	0.047292	0.093436	0.144139	
0.005782	2	20	23	34	36	42	45	82	86	89	0.088827	0.110875	0.058927	0.091171	0.140173	0.065479	0.160230	0.046671	0.094675	0.142972	
0.005768	2	20	23	34	36	42	45	82	86	89	0.088536	0.111034	0.058715	0.090630	0.140113	0.064939	0.162264	0.046050	0.095914	0.141805	
0.005753	2	20	23	34	36	42	45	82	86	89	0.088244	0.111193	0.058503	0.090088	0.140053	0.064399	0.164299	0.045429	0.097154	0.140638	
0.005739	2	20	23	34	36	42	45	82	86	89	0.087953	0.111352	0.058291	0.089546	0.139993	0.063859	0.166334	0.044807	0.098393	0.139471	
0.005724	2	20	23	34	36	42	45	82	86	89	0.087662	0.111510	0.058079	0.089005	0.139934	0.063319	0.168369	0.044186	0.099632	0.138304	
0.005709	2	20	23	34	36	42	45	82	86	89	0.087370	0.111669	0.057867	0.088463	0.139874	0.062779	0.170404	0.043565	0.100871	0.137137	
0.005695	2	20	23	34	36	42	45	82	86	89	0.087079	0.111828	0.057655	0.087922	0.139814	0.062239	0.172439	0.042944	0.102111	0.135970	
0.005680	2	20	23	34	36	42	45	82	86	89	0.086787	0.111987	0.057443	0.087380	0.139754	0.061699	0.174473	0.042323	0.103350	0.134803	
0.005666	2	20	23	34	36	42	45	82	86	89	0.086496	0.112146	0.057231	0.086838	0.139694	0.061159	0.176508	0.041702	0.104589	0.133636	
0.005651	2	20	23	34	36	42	45	82	86	89	0.086205	0.112305	0.057019	0.086297	0.139634	0.060619	0.178543	0.041081	0.105829	0.132469	
0.005637	2	20	23	34	36	42	45	82	86	89	0.085913	0.112463	0.056808	0.085755	0.139574	0.060079	0.180578	0.040460	0.107068	0.131302	
0.005622	2	20	23	34	36	42	45	82	86	89	0.085622	0.112622	0.056596	0.085214	0.139514	0.059539	0.182613	0.039839	0.108307	0.130135	
0.005608	2	20	23	34	36	42	45	82	86	89	0.085331	0.112781	0.056384	0.084672	0.139455	0.058999	0.184647	0.039217	0.109547	0.128968	
0.005593	2	11	20	23	34	36	42	45	86	89	0.080052	0.057326	0.109318	0.063025	0.096056	0.134357	0.078528	0.147623	0.091786	0.141931	
0.005579	2	11	20	23	34	36	42	45	86	89	0.079512	0.058284	0.109113	0.062691	0.095333	0.134119	0.077810	0.149555	0.092865	0.140717	
0.005564	2	11	20	23	34	36	42	45	86	89	0.078973	0.059243	0.108909	0.062357	0.094611	0.133881	0.077092	0.151488	0.093944	0.139503	
0.005550	2	11	20	23	34	36	42	45	86	89	0.078433	0.060202	0.108704	0.062022	0.093888	0.133643	0.076374	0.153421	0.095023	0.138290	
0.005535	2	11	20	23	34	36	42	45	86	89	0.077893	0.061161	0.108499	0.061688	0.093166	0.133405	0.075656	0.155353	0.096102	0.137076	
0.005521	2	11	20	23	34	36	42	45	86	89	0.077354	0.062120	0.108295	0.061354	0.092443	0.133167	0.074938	0.157286	0.097181	0.135863	
0.005506	2	11	20	23	34	36	42	45	86	89	0.076814	0.063078	0.108090	0.061020	0.091721	0.132929	0.074220	0.159219	0.098260	0.134649	
0.005492	2	11	20	23	34	36	42	45	86	89	0.076274	0.064037	0.107885	0.060686	0.090998	0.132691	0.073502	0.161152	0.099339	0.133436	
0.005477	2	11	20	23	34	36	42	45	86	89	0.075735	0.064996	0.107681	0.060351	0.090276	0.132453	0.072784	0.163084	0.100418	0.132222	
0.005463	2	11	20	23	34	36	42	45	86	89	0.075195	0.065955	0.107476	0.060017	0.089553	0.132215	0.072066	0.165017	0.101497	0.131008	
0.005448	2	11	20	23	34	36	42	45	86	89	0.074655	0.066914	0.107271	0.059683	0.088831	0.131978	0.071348	0.166950	0.102576	0.129795	
0.005434	2	11	20	23	34	36	42	45	86	89	0.074116	0.067873	0.107066	0.059349	0.088108	0.131740	0.070629	0.168882	0.103655	0.128581	
0.005419	2	11	20	23	34	36	42	45	86	89	0.073576	0.068831	0.106862	0.059015	0.087386	0.131502	0.069911	0.170815	0.104734	0.127368	
0.005404	2	11	20	23	34	36	42	45	86	89	0.073036	0.069790	0.106657	0.058680	0.086664	0.131264	0.069193	0.172748	0.105813	0.126154	
0.005390	2	11	20	23	34	36	42	45	86	89	0.072497	0.070749	0.106452	0.058346	0.085941	0.131026	0.068475	0.174681	0.106892	0.124941	
0.005375	2	11	20	23	34	36	42	45	86	89	0.071957	0.071708	0.106248	0.058012	0.085219	0.130788	0.067757	0.176613	0.107971	0.123727	
0.005361	2	11	20	23	34	36	42	45	86	89	0.071417	0.072667	0.106043	0.057678	0.084496	0.130550	0.067039	0.178546	0.109050	0.122513	
0.005346	2	11	20	23	34	36	42	45	86	89	0.070878	0.073626	0.105838	0.057344	0.083774	0.130312	0.066321	0.180479	0.110129	0.121300	
0.005332	2	11	20	23	34	36	42	45	86	89	0.070338	0.074584	0.105634	0.057009	0.083051	0.130074	0.065603	0.182412	0.111208	0.120086	
0.005317	2	11	20	23	34	36	42	45	86	89	0.069799	0.075543	0.105429	0.056675	0.082329	0.129836	0.064885	0.184344	0.112287	0.118873	
0.005303	2	11	20	23	34	36	42	45	86	89	0.069259	0.076502	0.105224	0.056341	0.081606	0.129598	0.064167	0.186277	0.113366	0.117659	
0.005288	2	11	20	23	34	36	42	45	86	89	0.068719	0.077461	0.105020	0.056007	0.080884	0.129360	0.063449	0.188210	0.114445	0.116446	
0.005274	2	11	20	23	34	36	42	45	86	89	0.068180	0.078420	0.104815	0.055673	0.080161	0.129123	0.062731	0.190142	0.115524	0.115232	
0.005259	2	11	20	23	34	36	42	45	86	89	0.067640	0.079379	0.104610	0.055338	0.079439	0.128885	0.062013	0.192075	0.116603	0.114019	
0.005245	2	11	20	23	34	36	42	45	86	89	0.067100	0.080337	0.104406	0.055004	0.078717	0.128647	0.061295	0.194008	0.117682	0.112805	
0.005230	2	11	20	23	34	36	42	45	86	89	0.066561	0.081296	0.104201	0.054670	0.077994	0.128409	0.060577	0.195941	0.118761	0.111591	
0.005216	2	11	20	34	36	42	45	86	89	96	0.069750	0.073390	0.101134	0.083322	0.121814	0.060702	0.172322	0.108783	0.131925	0.076859	
0.005201	2	11	20	34	36	42	45	86	89	96	0.069203	0.074158	0.100463	0.082632	0.121542	0.060068	0.173602	0.109300	0.130613	0.078419	
0.005187	2	11	20	34	36	42	45	86	89	96	0.068656	0.074925	0.099792	0.081943	0.121271	0.059435	0.174883	0.109817	0.129301	0.079978	
0.005172	2	11	20	34	36	42	45	86	89	96	0.068109	0.075693	0.099121	0.081253	0.120999	0.058801	0.176163	0.110334	0.127988	0.081538	
0.005158	2	11	20	34	36	42	45	86	89	96	0.067562	0.076460	0.098451	0.080563	0.120728	0.058168	0.177443	0.110851	0.126676	0.083098	
0.005143	2	11	20	34	36	42	45	86	89	96	0.067015	0.077228	0.097780	0.079874	0.120456	0.057534	0.178724	0.111368	0.125364	0.084658	
0.005129	2	11	20	34	36	42	45	86	89	96	0.066468	0.077995	0.097109	0.079184	0.120185	0.056901	0.180004	0.111885	0.124051	0.086218	
0.005114	2	11	20	34	36	42	45	86	89	96	0.065921	0.078763	0.096438	0.078494	0.119913	0.056268	0.181284	0.112402	0.122739	0.087777	
0.005099	2	11	20	34	36	42	45	86	89	96	0.065374	0.079530	0.095768	0.077805	0.119642	0.055634	0.182565	0.112919	0.121427	0.089337	
0.005085	2	11	20	34	36	42	45	86	89	96	0.064827	0.080298	0.095097	0.077115	0.119370	0.055001	0.183845	0.113436	0.120115	0.090897	
0.005070	2	11	20	34	36	42	45	86	89	96	0.064280	0.081065	0.094426	0.076425	0.119099	0.054367	0.185126	0.113953	0.118802	0.092457	
0.005056	2	11	20	34	36	42	45	86	89	96	0.063733	0.081832	0.093755	0.075736	0.118827	0.053734	0.186406	0.114470	0.117490	0.094017	
0.005041	2	11	20	34	36	42	45	86	89	96	0.063186	0.082600	0.093085	0.075046	0.118556	0.053100	0.187686	0.114987	0.116178	0.095577	
0.005027	2	11	20	34	36	42	45	86	89	96	0.062639	0.083367	0.092414	0.074356	0.118284	0.052467	0.188967	0.115504	0.114866	0.097136	
0.005012	2	11	20	34	36	42	45	86	89	96	0.062092	0.084135	0.091743	0.073667	0.118013	0.051833	0.190247	0.116021	0.113553	0.098696	
0.004998	2	11	20	34	36	42	45	86	89	96	0.061545	0.084902	0.091072	0.072977	0.117741	0.051200	0.191527	0.116538	0.112241	0.100256	
0.004983	2	11	20	34	36	42	45	86	89	96	0.060998	0.085670	0.090402	0.072287	0.117470	0.050567	0.192808	0.117054	0.110929	0.101816	
0.004969	2	11	19	20	34	36	45	86	89	96	0.092759	0.067636	0.070101	0.084692	0.080410	0.116141	0.171599	0.101483	0.136412	0.078767	
0.004954	2	11	19	20	34	36	45	86	89	96	0.091821	0.068377	0.070647	0.083903	0.079502	0.115810	0.172881	0.101932	0.134875	0.080253	
0.004940	2	11	19	20	34	36	45	86	89	96	0.090883	0.069118	0.071193	0.083113	0.078593	0.115480	0.174162	0.102381	0.133338	0.081739	
0.004925	2	11	19	20	34	36	45	86	89	96	0.089944	0.069860	0.071739	0.082324	0.077685	0.115149	0.175443	0.102830	0.131801	0.083226	
0.004911	2	11	19	20	34	36	45	86	89	96	0.089006	0.070601	0.072284	0.081535	0.076777	0.114819	0.176724	0.103278	0.130265	0.084712	
0.004896	2	11	19	20	34	36	45	86	89	96	0.088068	0.071342	0.072830	0.080745	0.075868	0.114488	0.178005	0.103727	0.128728	0.086198	
0.004882	2	11	19	20	34	36	45	86	89	96	0.087130	0.072084	0.073376	0.079956	0.074960	0.114158	0.179286	0.104176	0.127191	0.087684	
0.004867	2	11	19	23	34	36	45	86	89	96	0.090901	0.077145	0.079243	0.048967	0.072102	0.120197	0.186161	0.104186	0.123773	0.097325	
0.004853	2	11	19	23	34	36	45	86	89	96	0.089910	0.077840	0.079735	0.048574	0.071208	0.119809	0.187374	0.104614	0.122215	0.098721	
0.004838	2	11	19	23	34	36	45	86	89	96	0.088920	0.078535	0.080227	0.048181	0.070314	0.119420	0.188587	0.105041	0.120657	0.100118	
0.004824	2	11	19	23	34	36	45	86	89	96	0.087930	0.079230	0.080720	0.047788	0.069420	0.119032	0.189800	0.105468	0.119099	0.101514	
0.004809	2	11	19	23	34	36	45	86	89	96	0.086939	0.079926	0.081212	0.047394	0.068526	0.118643	0.191012	0.105895	0.117541	0.102911	
0.004794	2	11	19	23	34	36	45	86	89	96	0.085949	0.080621	0.081704	0.047001	0.067632	0.118254	0.192225	0.106322	0.115984	0.104307	
0.004780	2	11	19	23	34	36	45	86	89	96	0.084959	0.081316	0.082196	0.046608	0.066738	0.117866	0.193438	0.106750	0.114426	0.105703	
0.004765	2	11	19	23	34	36	45	86	89	96	0.083968	0.082012	0.082688	0.046215	0.065844	0.117477	0.194651	0.107177	0.112868	0.107100	
0.004751	2	11	19	23	34	36	45	86	89	96	0.082978	0.082707	0.083181	0.045822	0.064950	0.117089	0.195864	0.107604	0.111310	0.108496	
0.004736	2	11	19	23	34	36	45	86	89	96	0.081988	0.083402	0.083673	0.045429	0.064056	0.116700	0.197077	0.108031	0.109752	0.109893	
0.004722	2	11	19	23	34	36	45	86	89	96	0.080997	0.084097	0.084165	0.045036	0.063162	0.116312	0.198289	0.108458	0.108194	0.111289	
0.004707	2	11	19	34	36	45	66	86	89	96	0.081548	0.079857	0.083302	0.062305	0.112892	0.196770	0.048883	0.107205	0.120598	0.106641	
0.004693	2	11	19	34	36	45	66	86	89	96	0.080534	0.080528	0.083789	0.061385	0.112525	0.197916	0.048973	0.107500	0.118867	0.107983	
0.004678	2	11	19	34	36	45	66	86	89	96	0.079521	0.081199	0.084276	0.060465	0.112158	0.199062	0.049063	0.107794	0.117137	0.109325	
0.004664	2	11	19	34	36	45	66	86	89	96	0.078507	0.081870	0.084763	0.059544	0.111791	0.200208	0.049153	0.108088	0.115406	0.110668	
0.004649	2	11	19	34	36	45	66	86	89	96	0.077493	0.082542	0.085251	0.058624	0.111424	0.201355	0.049243	0.108383	0.113676	0.112010	
0.004635	2	11	19	34	36	45	66	86	89	96	0.076480	0.083213	0.085738	0.057704	0.111057	0.202501	0.049333	0.108677	0.111945	0.113352	
0.004620	2	11	19	34	36	45	66	86	89	96	0.075466	0.083884	0.086225	0.056784	0.110690	0.203647	0.049423	0.108972	0.110215	0.114695	
0.004606	2	11	19	34	36	45	62	86	89	96	0.088337	0.079178	0.079637	0.066236	0.111565	0.178174	0.060890	0.111989	0.125775	0.098221	
0.004591	2	11	19	34	36	45	62	86	89	96	0.087810	0.079419	0.079802	0.065618	0.111227	0.178015	0.063170	0.111885	0.124523	0.098532	
0.004577	2	11	19	34	36	45	62	86	89	96	0.087283	0.079660	0.079966	0.064999	0.110888	0.177857	0.065450	0.111780	0.123272	0.098844	
0.004562	2	11	19	34	36	45	62	86	89	96	0.086757	0.079901	0.080131	0.064381	0.110550	0.177698	0.067730	0.111676	0.122020	0.099155	
0.004548	2	11	19	34	36	45	62	86	89	96	0.086230	0.080142	0.080295	0.063762	0.110212	0.177540	0.070010	0.111572	0.120769	0.099467	
0.004533	2	11	19	34	36	45	62	86	89	96	0.085704	0.080382	0.080460	0.063144	0.109874	0.177382	0.072290	0.111468	0.119518	0.099778	
0.004519	2	11	19	34	36	45	62	86	89	96	0.085177	0.080623	0.080625	0.062525	0.109536	0.177223	0.074571	0.111364	0.118266	0.100089	
0.004504	2	11	19	34	36	45	62	86	89	96	0.084651	0.080864	0.080789	0.061907	0.109198	0.177065	0.076851	0.111260	0.117015	0.100401	
0.004489	2	11	19	34	36	45	62	86	89	96	0.084124	0.081105	0.080954	0.061289	0.108860	0.176906	0.079131	0.111156	0.115763	0.100712	
0.004475	2	11	19	34	36	45	62	86	89	96	0.083597	0.081346	0.081118	0.060670	0.108522	0.176748	0.081411	0.111052	0.114512	0.101024	
0.004460	2	11	19	34	36	45	62	86	89	96	0.083071	0.081587	0.081283	0.060052	0.108184	0.176589	0.083692	0.110948	0.113260	0.101335	
0.004446	2	11	19	34	36	45	62	86	89	96	0.082544	0.081828	0.081447	0.059433	0.107846	0.176431	0.085972	0.110844	0.112009	0.101646	
0.004431	2	11	19	34	36	45	62	86	89	96	0.082018	0.082069	0.081612	0.058815	0.107508	0.176272	0.088252	0.110739	0.110758	0.101958	
0.004417	2	11	19	34	36	45	62	86	89	96	0.081491	0.082310	0.081776	0.058196	0.107170	0.176114	0.090532	0.110635	0.109506	0.102269	
0.004402	2	11	19	34	36	45	62	86	89	96	0.080965	0.082551	0.081941	0.057578	0.106832	0.175955	0.092813	0.110531	0.108255	0.102581	
0.004388	2	11	19	34	36	45	62	86	89	96	0.080438	0.082792	0.082106	0.056959	0.106493	0.175797	0.095093	0.110427	0.107003	0.102892	
0.004373	2	11	19	34	36	45	62	86	89	96	0.079912	0.083033	0.082270	0.056341	0.106155	0.175638	0.097373	0.110323	0.105752	0.103203	
0.004359	2	11	19	34	36	45	62	86	89	96	0.079385	0.083273	0.082435	0.055722	0.105817	0.175480	0.099653	0.110219	0.104501	0.103515	
0.004344	2	11	19	34	36	45	62	86	89	96	0.078858	0.083514	0.082599	0.055104	0.105479	0.175321	0.101934	0.110115	0.103249	0.103826	
0.004330	2	11	19	34	36	45	62	86	89	96	0.078332	0.083755	0.082764	0.054485	0.105141	0.175163	0.104214	0.110011	0.101998	0.104137	
0.004315	2	11	19	34	36	45	62	86	89	96	0.077805	0.083996	0.082928	0.053867	0.104803	0.175004	0.106495	0.109906	0.100746	0.104449	
0.004301	2	11	19	34	36	45	62	86	89	96	0.077279	0.084237	0.083093	0.053249	0.104465	0.174846	0.108775	0.109802	0.099495	0.104760	
0.004286	2	11	19	34	36	45	62	86	89	96	0.076752	0.084478	0.083257	0.052630	0.104127	0.174687	0.111055	0.109698	0.098244	0.105072	
0.004272	2	11	19	34	36	45	62	86	89	96	0.076226	0.084719	0.083422	0.052012	0.103789	0.174529	0.113335	0.109594	0.096992	0.105383	
0.004257	2	11	19	34	36	45	62	86	89	96	0.075699	0.084960	0.083586	0.051393	0.103451	0.174370	0.115616	0.109490	0.095741	0.105694	
0.004243	2	11	19	34	36	45	62	86	89	96	0.075173	0.085201	0.083751	0.050775	0.103113	0.174211	0.117896	0.109386	0.094489	0.106006	
0.004228	2	11	19	34	36	45	62	86	89	96	0.074646	0.085442	0.083916	0.050156	0.102775	0.174053	0.120177	0.109282	0.093238	0.106317	
0.004214	2	11	19	34	36	45	62	86	89	96	0.074120	0.085683	0.084080	0.049538	0.102436	0.173894	0.122457	0.109178	0.091986	0.106628	
0.004199	2	11	19	34	36	45	62	86	89	96	0.073593	0.085923	0.084245	0.048919	0.102098	0.173736	0.124737	0.109073	0.090735	0.106940	
0.004184	2	11	19	34	36	45	62	86	89	96	0.073066	0.086164	0.084409	0.048301	0.101760	0.173577	0.127018	0.108969	0.089484	0.107251	
0.004170	2	11	19	34	36	45	62	86	89	96	0.072540	0.086405	0.084574	0.047682	0.101422	0.173419	0.129298	0.108865	0.088232	0.107562	
0.004155	2	11	19	34	36	45	62	86	89	96	0.072013	0.086646	0.084738	0.047064	0.101084	0.173260	0.131579	0.108761	0.086981	0.107874	
0.004141	2	11	19	34	36	45	62	86	89	96	0.071487	0.086887	0.084903	0.046446	0.100746	0.173101	0.133859	0.108657	0.085729	0.108185	
0.004126	2	11	19	34	36	45	62	86	89	96	0.070960	0.087128	0.085067	0.045827	0.100408	0.172943	0.136139	0.108553	0.084478	0.108497	
0.004112	2	11	19	34	36	45	62	86	89	96	0.070434	0.087369	0.085232	0.045209	0.100070	0.172784	0.138420	0.108449	0.083226	0.108808	
0.004097	2	11	19	34	36	45	62	86	89	96	0.069907	0.087610	0.085397	0.044590	0.099732	0.172626	0.140700	0.108344	0.081975	0.109119	
0.004083	2	11	19	34	36	45	62	86	89	96	0.069381	0.087851	0.085561	0.043972	0.099394	0.172467	0.142981	0.108240	0.080724	0.109431	
0.004068	2	11	19	34	36	45	62	86	89	96	0.068854	0.088092	0.085726	0.043353	0.099056	0.172308	0.145261	0.108136	0.079472	0.109742	
0.004054	2	11	19	34	36	45	62	86	89	96	0.068327	0.088333	0.085890	0.042735	0.098717	0.172150	0.147541	0.108032	0.078221	0.110053	
0.004039	2	11	19	34	36	45	62	86	89	96	0.067801	0.088574	0.086055	0.042116	0.098379	0.171991	0.149822	0.107928	0.076969	0.110365	
0.004025	2	11	19	34	36	45	62	86	89	96	0.067274	0.088814	0.086219	0.041498	0.098041	0.171833	0.152102	0.107824	0.075718	0.110676	
0.004010	2	11	19	34	36	45	62	86	89	96	0.066748	0.089055	0.086384	0.040880	0.097703	0.171674	0.154383	0.107719	0.074466	0.110987	
0.003996	2	11	19	34	36	45	62	86	89	96	0.066221	0.089296	0.086548	0.040261	0.097365	0.171516	0.156663	0.107615	0.073215	0.111299	
0.003981	11	19	34	36	45	62	64	86	89	96	0.092368	0.082313	0.064787	0.095844	0.195704	0.121088	0.058213	0.111027	0.081670	0.096987	
0.003967	11	19	34	36	45	62	64	86	89	96	0.092362	0.082392	0.064071	0.095439	0.195510	0.123445	0.058663	0.110748	0.080328	0.097042	
0.003952	11	19	34	36	45	62	64	86	89	96	0.092356	0.082471	0.063355	0.095034	0.195315	0.125802	0.059114	0.110468	0.078986	0.097097	
0.003938	11	19	34	36	45	62	64	86	89	96	0.092350	0.082551	0.062640	0.094629	0.195121	0.128159	0.059565	0.110189	0.077645	0.097152	
0.003923	11	19	34	36	45	62	64	86	89	96	0.092344	0.082630	0.061924	0.094224	0.194927	0.130516	0.060016	0.109910	0.076303	0.097207	
0.003909	11	19	34	36	45	62	64	86	89	96	0.092338	0.082709	0.061208	0.093818	0.194733	0.132873	0.060467	0.109631	0.074961	0.097261	
0.003894	11	19	34	36	45	62	64	86	89	96	0.092332	0.082789	0.060492	0.093413	0.194538	0.135229	0.060918	0.109352	0.073620	0.097316	
0.003879	11	19	34	36	45	62	64	86	89	96	0.092326	0.082868	0.059776	0.093008	0.194344	0.137586	0.061369	0.109073	0.072278	0.097371	
0.003865	11	19	34	36	45	62	64	86	89	96	0.092320	0.082947	0.059060	0.092603	0.194150	0.139943	0.061820	0.108794	0.070936	0.097426	
0.003850	11	19	34	36	45	62	64	86	89	96	0.092314	0.083027	0.058345	0.092197	0.193955	0.142300	0.062271	0.108515	0.069595	0.097481	
0.003836	11	19	34	36	45	62	64	86	89	96	0.092308	0.083106	0.057629	0.091792	0.193761	0.144657	0.062722	0.108236	0.068253	0.097535	
0.003821	11	19	34	36	45	62	64	86	89	96	0.092302	0.083185	0.056913	0.091387	0.193569	0.147014	0.063172	0.107957	0.066911	0.097590	
0.003807	11	19	34	36	45	62	64	86	89	96	0.092296	0.083264	0.056197	0.090982	0.193374	0.149371	0.063623	0.107678	0.065569	0.097645	
0.003792	11	19	34	36	45	62	64	86	89	96	0.092290	0.083344	0.055481	0.090576	0.193180	0.151728	0.064074	0.107399	0.064228	0.097700	
0.003778	11	19	34	36	45	62	64	86	89	96	0.092284	0.083423	0.054765	0.090171	0.192986	0.154085	0.064525	0.107120	0.062886	0.097755	
0.003763	11	34	36	42	45	52	62	64	86	96	0.083335	0.052893	0.097387	0.055230	0.175538	0.079877	0.163970	0.074872	0.111659	0.105240	
0.003749	11	34	36	42	45	52	62	64	86	96	0.083375	0.052216	0.096762	0.054349	0.175268	0.080043	0.166451	0.075327	0.111134	0.105073	
0.003734	11	34	36	42	45	52	62	64	86	96	0.083416	0.051539	0.096137	0.053469	0.174999	0.080208	0.168933	0.075783	0.110610	0.104907	
0.003720	11	34	36	42	45	52	62	64	86	96	0.083457	0.050862	0.095511	0.052588	0.174730	0.080374	0.171414	0.076238	0.110085	0.104740	
0.003705	11	34	36	42	45	52	62	64	86	96	0.083498	0.050186	0.094886	0.051707	0.174460	0.080540	0.173895	0.076694	0.109561	0.104573	
0.003691	11	34	36	42	45	52	62	64	86	96	0.083538	0.049509	0.094261	0.050826	0.174193	0.080704	0.176376	0.077148	0.109038	0.104406	
0.003676	11	34	36	42	45	52	62	64	86	96	0.083579	0.048832	0.093636	0.049946	0.173924	0.080870	0.178857	0.077604	0.108513	0.104240	
0.003662	11	34	36	42	45	52	62	64	86	96	0.083620	0.048155	0.093011	0.049065	0.173654	0.081036	0.181338	0.078059	0.107989	0.104073	
0.003647	11	34	36	42	45	52	62	64	86	96	0.083661	0.047478	0.092385	0.048184	0.173385	0.081202	0.183820	0.078515	0.107464	0.103906	
0.003633	11	34	36	42	45	52	62	64	86	96	0.083702	0.046801	0.091760	0.047303	0.173115	0.081367	0.186301	0.078970	0.106940	0.103739	
0.003618	11	34	36	42	45	52	62	64	86	96	0.083743	0.046125	0.091135	0.046423	0.172846	0.081533	0.188782	0.079426	0.106415	0.103573	
0.003604	11	34	36	42	45	52	62	64	86	96	0.083783	0.045448	0.090510	0.045542	0.172577	0.081699	0.191263	0.079881	0.105891	0.103406	
0.003589	11	34	36	42	45	52	62	64	86	96	0.083824	0.044771	0.089885	0.044661	0.172307	0.081865	0.193745	0.080337	0.105366	0.103239	
0.003574	11	19	34	36	45	52	62	64	86	96	0.079240	0.074968	0.061573	0.096133	0.173962	0.075037	0.152679	0.075712	0.107388	0.103308	
0.003560	11	19	34	36	45	52	62	64	86	96	0.079176	0.075067	0.060370	0.095297	0.173502	0.075146	0.155833	0.076148	0.106581	0.102880	
0.003545	11	19	34	36	45	52	62	64	86	96	0.079111	0.075167	0.059167	0.094461	0.173042	0.075254	0.158987	0.076584	0.105775	0.102452	
0.003531	11	19	34	36	45	52	62	64	86	96	0.079045	0.075265	0.057964	0.093626	0.172585	0.075360	0.162142	0.077019	0.104969	0.102024	
0.003516	11	19	34	36	45	52	62	64	86	96	0.078981	0.075365	0.056761	0.092790	0.172126	0.075468	0.165296	0.077455	0.104163	0.101596	
0.003502	11	19	34	36	45	52	62	64	86	96	0.078916	0.075464	0.055558	0.091954	0.171666	0.075576	0.168450	0.077891	0.103356	0.101168	
0.003487	11	19	34	36	45	52	62	64	86	96	0.078851	0.075564	0.054355	0.091119	0.171206	0.075684	0.171604	0.078327	0.102550	0.100740	
0.003473	11	19	34	36	45	52	62	64	86	96	0.078786	0.075663	0.053152	0.090283	0.170747	0.075792	0.174758	0.078763	0.101743	0.100312	
0.003458	11	19	34	36	45	52	62	64	86	96	0.078721	0.075762	0.051949	0.089448	0.170287	0.075900	0.177913	0.079199	0.100937	0.099884	
0.003444	11	19	34	36	45	52	62	64	86	96	0.078656	0.075862	0.050746	0.088612	0.169828	0.076008	0.181067	0.079635	0.100130	0.099456	
0.003429	11	19	34	36	45	52	62	64	86	96	0.078591	0.075961	0.049543	0.087776	0.169368	0.076116	0.184221	0.080071	0.099324	0.099029	
0.003415	11	19	34	36	45	52	62	64	86	96	0.078527	0.076061	0.048340	0.086941	0.168908	0.076224	0.187375	0.080507	0.098518	0.098601	
0.003400	11	19	36	42	45	62	64	73	86	96	0.089927	0.074345	0.088075	0.069577	0.168882	0.176036	0.058297	0.044543	0.124955	0.105363	
0.003386	11	19	36	42	45	62	64	73	86	96	0.089723	0.074377	0.087280	0.068525	0.168519	0.178336	0.058656	0.045252	0.124315	0.105017	
0.003371	11	19	36	42	45	62	64	73	86	96	0.089520	0.074409	0.086484	0.067474	0.168156	0.180635	0.059015	0.045961	0.123675	0.104671	
0.003357	11	19	36	42	45	62	64	73	86	96	0.089316	0.074442	0.085688	0.066422	0.167792	0.182935	0.059373	0.046670	0.123035	0.104325	
0.003342	11	19	36	42	45	62	64	73	86	96	0.089112	0.074474	0.084893	0.065371	0.167429	0.185235	0.059732	0.047380	0.122395	0.103980	
0.003328	11	19	36	42	45	62	64	73	86	96	0.088908	0.074506	0.084097	0.064319	0.167066	0.187535	0.060091	0.048089	0.121755	0.103634	
0.003313	11	36	42	45	62	64	65	73	86	96	0.092639	0.086660	0.078998	0.153694	0.158447	0.059749	0.081926	0.049380	0.128311	0.110196	
0.003299	11	36	42	45	62	64	65	73	86	96	0.092380	0.085868	0.077989	0.153156	0.160374	0.060076	0.082674	0.050051	0.127622	0.109809	
0.003284	11	36	42	45	62	64	65	73	86	96	0.092121	0.085077	0.076980	0.152618	0.162301	0.060404	0.083422	0.050723	0.126933	0.109422	
0.003269	11	36	42	45	62	64	65	73	86	96	0.091863	0.084286	0.075971	0.152081	0.164228	0.060731	0.084170	0.051394	0.126244	0.109034	
0.003255	11	36	42	45	62	64	65	73	86	96	0.091604	0.083494	0.074962	0.151543	0.166154	0.061059	0.084918	0.052065	0.125554	0.108647	
0.003240	11	36	42	45	62	64	65	73	86	96	0.091345	0.082703	0.073952	0.151005	0.168081	0.061386	0.085666	0.052737	0.124865	0.108260	
0.003226	11	36	42	45	62	64	65	73	86	96	0.091087	0.081911	0.072943	0.150467	0.170008	0.061713	0.086414	0.053408	0.124176	0.107872	
0.003211	11	36	42	45	62	64	65	73	86	96	0.090828	0.081120	0.071934	0.149929	0.171935	0.062041	0.087162	0.054079	0.123487	0.107485	
0.003197	11	36	42	45	62	64	65	73	86	96	0.090569	0.080329	0.070925	0.149392	0.173862	0.062368	0.087910	0.054751	0.122798	0.107097	
0.003182	11	36	42	45	62	64	65	73	86	96	0.090311	0.079537	0.069916	0.148854	0.175789	0.062696	0.088658	0.055422	0.122108	0.106710	
0.003168	11	36	42	45	62	64	65	73	86	96	0.090052	0.078746	0.068906	0.148316	0.177716	0.063023	0.089406	0.056093	0.121419	0.106323	
0.003153	11	36	42	45	62	64	65	73	86	96	0.089793	0.077954	0.067897	0.147778	0.179642	0.063351	0.090154	0.056765	0.120730	0.105935	
0.003139	11	36	42	45	62	64	65	73	86	96	0.089534	0.077163	0.066888	0.147240	0.181569	0.063678	0.090902	0.057436	0.120041	0.105548	
0.003124	11	36	42	45	62	64	65	73	86	96	0.089276	0.076371	0.065879	0.146703	0.183496	0.064006	0.091650	0.058108	0.119352	0.105161	
0.003110	11	36	42	45	62	64	65	73	86	96	0.089017	0.075580	0.064870	0.146165	0.185423	0.064333	0.092398	0.058779	0.118662	0.104773	
0.003095	11	36	42	45	62	64	65	73	86	96	0.088758	0.074789	0.063860	0.145627	0.187350	0.064660	0.093146	0.059450	0.117973	0.104386	
0.003081	11	36	42	45	62	64	65	73	86	96	0.088500	0.073997	0.062851	0.145089	0.189277	0.064988	0.093894	0.060122	0.117284	0.103999	
0.003066	11	36	42	45	62	64	65	73	86	96	0.088241	0.073206	0.061842	0.144551	0.191204	0.065315	0.094642	0.060793	0.116595	0.103611	
0.003052	11	36	42	45	62	64	65	73	86	96	0.087982	0.072414	0.060833	0.144013	0.193130	0.065643	0.095390	0.061464	0.115906	0.103224	
0.003037	11	36	42	45	62	64	65	73	86	96	0.087724	0.071623	0.059823	0.143476	0.195057	0.065970	0.096138	0.062136	0.115216	0.102837	
0.003023	11	36	42	45	62	64	65	73	86	96	0.087465	0.070832	0.058814	0.142938	0.196984	0.066298	0.096886	0.062807	0.114527	0.102449	
0.003008	11	36	42	45	62	64	65	73	86	96	0.087206	0.070040	0.057805	0.142400	0.198911	0.066625	0.097634	0.063478	0.113838	0.102062	
0.002994	11	36	42	45	62	64	65	73	86	96	0.086948	0.069249	0.056796	0.141862	0.200838	0.066953	0.098382	0.064150	0.113149	0.101675	
0.002979	11	36	42	45	62	64	65	73	86	96	0.086689	0.068457	0.055787	0.141324	0.202765	0.067280	0.099130	0.064821	0.112460	0.101287	
0.002964	11	36	42	45	62	64	65	73	86	96	0.086430	0.067666	0.054777	0.140786	0.204692	0.067607	0.099878	0.065493	0.111770	0.100900	
0.002950	11	36	42	45	62	64	65	73	86	96	0.086171	0.066874	0.053768	0.140249	0.206619	0.067935	0.100626	0.066164	0.111081	0.100512	
0.002935	11	36	42	45	62	64	65	73	86	96	0.085913	0.066083	0.052759	0.139711	0.208545	0.068262	0.101374	0.066835	0.110392	0.100125	
0.002921	11	36	42	45	62	64	65	73	86	96	0.085654	0.065292	0.051750	0.139173	0.210472	0.068590	0.102122	0.067507	0.109703	0.099738	
0.002906	11	36	42	45	62	64	65	73	86	96	0.085395	0.064500	0.050741	0.138635	0.212399	0.068917	0.102870	0.068178	0.109014	0.099350	
0.002892	11	36	42	45	62	64	65	73	86	96	0.085137	0.063709	0.049731	0.138097	0.214326	0.069245	0.103618	0.068850	0.108324	0.098963	
0.002877	11	36	42	45	62	64	65	73	86	96	0.084878	0.062917	0.048722	0.137559	0.216253	0.069572	0.104366	0.069521	0.107635	0.098576	
0.002863	11	36	42	45	62	64	65	73	86	96	0.084619	0.062126	0.047713	0.137021	0.218180	0.069900	0.105114	0.070192	0.106946	0.098188	
0.002848	11	36	42	45	62	64	65	73	86	96	0.084361	0.061335	0.046704	0.136483	0.220107	0.070227	0.105862	0.070864	0.106257	0.097801	
0.002834	11	36	42	45	62	64	65	73	86	96	0.084102	0.060543	0.045695	0.135946	0.222034	0.070555	0.106610	0.071535	0.105567	0.097414	
0.002819	11	36	42	45	62	64	65	73	86	96	0.083843	0.059752	0.044686	0.135408	0.223960	0.070882	0.107358	0.072207	0.104878	0.097026	
0.002805	11	19	36	45	62	64	65	73	86	96	0.085707	0.083341	0.070517	0.142768	0.193777	0.069474	0.089473	0.053380	0.109825	0.101739	
0.002790	11	36	37	42	62	64	65	73	86	96	0.089239	0.062495	0.133684	0.047138	0.216656	0.063105	0.113558	0.071105	0.102881	0.100139	
0.002776	11	36	37	42	62	64	65	73	86	96	0.088913	0.061553	0.134110	0.046087	0.218305	0.063467	0.114169	0.071724	0.102054	0.099618	
0.002761	11	36	37	42	62	64	65	73	86	96	0.088587	0.060611	0.134537	0.045035	0.219954	0.063829	0.114779	0.072343	0.101227	0.099097	
0.002747	11	36	37	42	62	64	65	73	86	96	0.088262	0.059670	0.134963	0.043983	0.221603	0.064191	0.115390	0.072963	0.100400	0.098576	
0.002732	11	19	36	45	62	64	65	73	86	96	0.082886	0.080167	0.064433	0.138393	0.207661	0.071069	0.094704	0.059117	0.103966	0.097603	
0.002718	11	19	36	45	62	64	65	73	86	96	0.082322	0.079532	0.063217	0.137518	0.210437	0.071388	0.095751	0.060264	0.102794	0.096776	
0.002703	11	19	36	45	62	64	65	73	86	96	0.081758	0.078898	0.062000	0.136643	0.213214	0.071708	0.096797	0.061412	0.101622	0.095949	
0.002689	11	19	36	37	62	64	65	73	86	96	0.089614	0.077321	0.068181	0.133444	0.201515	0.063558	0.102138	0.058004	0.103655	0.102572	
0.002674	11	19	36	45	62	64	65	73	86	96	0.080630	0.077628	0.059567	0.134893	0.218768	0.072346	0.098889	0.063707	0.099279	0.094294	
0.002659	11	19	36	45	62	64	65	73	86	96	0.080066	0.076993	0.058350	0.134018	0.221545	0.072665	0.099936	0.064854	0.098107	0.093467	
0.002645	11	19	36	45	62	64	65	73	86	96	0.079502	0.076359	0.057134	0.133143	0.224321	0.072984	0.100982	0.066001	0.096935	0.092640	
0.002630	11	19	36	45	62	64	65	73	86	96	0.078938	0.075724	0.055917	0.132268	0.227098	0.073303	0.102028	0.067149	0.095763	0.091813	
0.002616	11	19	36	37	62	64	65	73	86	96	0.086269	0.073756	0.061001	0.135145	0.213952	0.065444	0.106568	0.063567	0.096828	0.097470	
0.002601	11	19	36	37	62	64	65	73	86	96	0.085600	0.073044	0.059565	0.135485	0.216439	0.065821	0.107454	0.064680	0.095463	0.096450	
0.002587	11	19	36	37	62	64	65	73	86	96	0.084931	0.072331	0.058129	0.135825	0.218926	0.066198	0.108340	0.065793	0.094098	0.095430	
0.002572	11	19	36	37	62	64	65	73	86	96	0.084262	0.071618	0.056693	0.136165	0.221414	0.066576	0.109225	0.066906	0.092732	0.094410	
0.002558	11	19	36	37	62	64	65	73	86	96	0.083593	0.070905	0.055257	0.136505	0.223901	0.066953	0.110111	0.068018	0.091367	0.093389	
0.002543	11	19	36	37	62	64	65	73	86	96	0.082924	0.070192	0.053821	0.136846	0.226388	0.067330	0.110997	0.069131	0.090002	0.092369	
0.002529	11	19	36	37	62	64	65	73	86	96	0.082255	0.069479	0.052385	0.137186	0.228876	0.067707	0.111883	0.070244	0.088637	0.091349	
0.002514	11	19	36	37	62	64	65	73	86	96	0.081586	0.068766	0.050949	0.137526	0.231363	0.068085	0.112769	0.071356	0.087271	0.090328	
0.002500	11	19	37	44	62	64	65	73	86	96	0.089838	0.068799	0.156616	0.068003	0.205590	0.064377	0.096484	0.061750	0.091869	0.096671	
0.002485	11	19	37	44	62	64	65	73	86	96	0.088741	0.067770	0.156431	0.068517	0.208414	0.064690	0.097308	0.062941	0.089934	0.095254	
0.002471	11	19	37	44	62	64	65	73	86	96	0.087645	0.066740	0.156247	0.069032	0.211237	0.065003	0.098131	0.064131	0.087998	0.093836	
0.002456	11	19	37	44	62	64	65	73	86	96	0.086549	0.065710	0.156062	0.069546	0.214061	0.065316	0.098954	0.065321	0.086063	0.092418	
0.002442	11	19	37	44	62	64	65	73	86	96	0.085453	0.064680	0.155877	0.070060	0.216884	0.065629	0.099778	0.066512	0.084127	0.091000	
0.002427	11	19	37	44	62	64	65	73	86	96	0.084356	0.063650	0.155692	0.070574	0.219708	0.065942	0.100601	0.067702	0.082192	0.089583	
0.002413	11	19	37	44	62	64	65	73	86	96	0.083260	0.062620	0.155507	0.071088	0.222531	0.066255	0.101424	0.068892	0.080256	0.088165	
0.002398	11	19	37	44	62	64	65	73	86	96	0.082164	0.061591	0.155322	0.071603	0.225355	0.066568	0.102248	0.070083	0.078320	0.086747	
0.002384	11	19	37	44	62	64	65	73	86	96	0.081067	0.060561	0.155137	0.072117	0.228178	0.066882	0.103071	0.071273	0.076385	0.085330	
0.002369	11	19	37	44	62	64	65	73	86	96	0.079971	0.059531	0.154951	0.072631	0.231002	0.067195	0.103894	0.072463	0.074449	0.083912	
0.002354	11	19	37	44	62	64	65	73	86	96	0.078875	0.058501	0.154766	0.073145	0.233825	0.067508	0.104718	0.073654	0.072514	0.082494	
0.002340	11	19	33	37	62	64	65	73	86	96	0.088015	0.069018	0.052817	0.162530	0.213210	0.066297	0.098961	0.066338	0.089465	0.093347	
0.002325	11	19	33	37	62	64	65	73	86	96	0.087113	0.068135	0.054423	0.162599	0.214986	0.066437	0.099195	0.067108	0.087828	0.092175	
0.002311	11	19	33	37	62	64	65	73	86	96	0.086211	0.067251	0.056029	0.162669	0.216761	0.066577	0.099430	0.067878	0.086191	0.091003	
0.002296	11	19	33	37	62	64	65	73	86	96	0.085309	0.066367	0.057635	0.162739	0.218537	0.066717	0.099664	0.068648	0.084554	0.089830	
0.002282	11	19	33	37	62	64	65	73	86	96	0.084408	0.065484	0.059241	0.162808	0.220312	0.066857	0.099898	0.069417	0.082917	0.088658	
0.002267	11	19	33	37	62	64	65	73	86	96	0.083506	0.064600	0.060847	0.162878	0.222087	0.066997	0.100132	0.070187	0.081280	0.087486	
0.002253	11	19	33	37	62	64	65	73	86	96	0.082604	0.063716	0.062453	0.162948	0.223863	0.067137	0.100366	0.070957	0.079643	0.086314	
0.002238	11	19	33	37	62	64	65	73	86	96	0.081702	0.062833	0.064059	0.163017	0.225638	0.067276	0.100600	0.071727	0.078006	0.085142	
0.002224	11	33	37	44	62	64	65	73	86	96	0.087800	0.054482	0.171335	0.071739	0.213968	0.065367	0.094981	0.067110	0.080536	0.092682	
0.002209	11	33	37	44	62	64	65	73	86	96	0.086691	0.056125	0.171253	0.071687	0.215851	0.065477	0.095121	0.067906	0.078628	0.091263	
0.002195	11	33	37	44	62	64	65	73	86	96	0.085581	0.057768	0.171170	0.071635	0.217734	0.065586	0.095261	0.068701	0.076721	0.089843	
0.002180	11	33	37	44	62	64	65	73	86	96	0.084471	0.059411	0.171088	0.071582	0.219617	0.065696	0.095401	0.069497	0.074813	0.088423	
0.002166	11	33	37	44	62	64	65	73	86	96	0.083362	0.061054	0.171006	0.071530	0.221500	0.065806	0.095541	0.070293	0.072905	0.087003	
0.002151	11	19	33	37	44	62	64	65	73	96	0.082702	0.061593	0.060498	0.176894	0.073198	0.225644	0.067690	0.092648	0.065653	0.093478	
0.002137	11	19	33	37	44	62	64	65	73	96	0.081458	0.060348	0.062236	0.176547	0.073006	0.227533	0.067734	0.092829	0.066626	0.091685	
0.002122	11	19	33	37	44	62	64	65	73	96	0.080214	0.059104	0.063973	0.176200	0.072813	0.229422	0.067777	0.093010	0.067598	0.089891	
0.002108	11	33	37	44	62	64	65	72	73	96	0.085367	0.059199	0.176067	0.076835	0.216813	0.067020	0.094942	0.065000	0.064849	0.093908	
0.002093	11	33	37	44	62	64	65	72	73	96	0.083829	0.061054	0.175507	0.076421	0.218940	0.067031	0.095028	0.064536	0.065910	0.091744	
0.002078	11	33	37	44	62	64	65	72	73	96	0.082292	0.062908	0.174947	0.076007	0.221068	0.067042	0.095113	0.064072	0.066972	0.089580	
0.002064	11	33	37	44	62	64	65	72	73	96	0.080754	0.064763	0.174387	0.075593	0.223195	0.067053	0.095199	0.063608	0.068033	0.087417	
0.002049	11	33	37	44	62	64	65	72	73	96	0.079216	0.066617	0.173827	0.075178	0.225322	0.067064	0.095285	0.063144	0.069095	0.085253	
0.002035	11	33	37	44	62	64	65	72	73	96	0.077679	0.068472	0.173267	0.074764	0.227449	0.067075	0.095371	0.062680	0.070156	0.083089	
0.002020	11	33	37	44	62	64	65	72	73	96	0.076141	0.070326	0.172706	0.074350	0.229576	0.067086	0.095456	0.062216	0.071217	0.080926	
0.002006	11	33	37	44	62	64	65	72	73	96	0.074603	0.072181	0.172146	0.073936	0.231703	0.067097	0.095542	0.061752	0.072279	0.078762	
0.001991	11	33	37	44	51	62	64	65	73	96	0.078840	0.065853	0.173412	0.070118	0.064094	0.233096	0.063604	0.097681	0.063749	0.089553	
0.001977	11	33	37	44	51	62	64	65	73	96	0.077193	0.067626	0.172662	0.069552	0.064558	0.235146	0.063542	0.097726	0.064749	0.087245	
0.001962	11	33	37	44	51	62	64	65	73	96	0.075546	0.069399	0.171912	0.068986	0.065023	0.237196	0.063479	0.097771	0.065750	0.084937	
0.001948	11	33	37	44	51	62	64	65	73	96	0.073898	0.071173	0.171163	0.068420	0.065488	0.239246	0.063417	0.097816	0.066750	0.082629	
