 -5.7655395e-003
  1.9132275e-002
  4.6944582e-003
 -1.9772894e-004
 -3.3196779e-004
 -5.5195608e-002
  1.9951990e-002
 -2.6182463e-002
  5.1960829e-002
 -2.5169506e-003
  2.1647776e-002
  1.0724469e-002
  2.3032647e-002
 -7.6209193e-003
  1.4250091e-002
 -5.0656943e-003
  1.3054281e-002
 -3.8586773e-003
  2.0936391e-002
 -3.9620625e-002
  2.4819373e-002
 -1.2664324e-003
  2.3239927e-003
  7.7242264e-003
  4.0049067e-003
 -2.1428398e-002
 -4.5138272e-002
 -3.6258004e-003
  1.0874423e-002
 -2.7596499e-002
  1.9587703e-002
  1.3195301e-002
 -3.0769159e-002
  1.4155227e-002
  3.5299218e-002
  2.5993341e-003
  1.6797095e-002
  4.0984802e-003
 -1.3928473e-002
  6.5672846e-003
 -5.6213304e-003
 -2.6598600e-002
 -3.5901839e-003
 -3.2388380e-003
  2.9616753e-002
  1.1692966e-002
 -1.3874333e-002
 -1.5953383e-002
  2.0845018e-002
 -3.0447437e-002
 -1.0588850e-002
 -5.4467010e-002
 -5.4593422e-002
  2.3936607e-002
 -4.2999687e-002
  4.8930473e-003
  4.7939386e-003
 -3.3742651e-003
 -3.9688549e-002
 -2.8210519e-003
 -1.7016254e-002
  3.8549303e-002
  4.2336689e-002
 -2.5086952e-002
  2.9351431e-002
 -3.7284139e-003
  2.1903389e-002
 -1.9577047e-002
  1.6130093e-002
 -3.5488790e-002
  1.3964711e-002
 -4.7950554e-002
 -9.4614508e-003
 -3.8198879e-002
 -2.5188380e-002
 -1.9480461e-002
 -2.3638251e-002
  3.8698722e-002
  8.9115558e-003
 -1.0301003e-002
  2.7699971e-002
 -1.1987748e-002
 -1.6394368e-002
  1.6066852e-002
 -5.3422390e-002
  2.8937514e-002
 -7.4740240e-003
 -2.9832305e-002
 -1.3508804e-002
 -2.2221901e-001
  4.5543320e-002
 -7.8545279e-002
  1.1077967e-001
  4.1593357e-003
 -5.6141308e-002
 -1.1826920e-001
  1.2207340e-001
 -7.3332209e-002
  7.4073416e-002
  1.0430318e-002
 -2.7297945e-002
  6.6900253e-002
 -1.9665125e-002
 -8.2498522e-002
 -5.8550483e-002
  4.1487613e-002
  4.7689295e-002
 -4.9226424e-002
 -9.7209071e-002
 -1.7622087e-002
 -8.0451162e-002
  8.3797407e-002
  4.1350177e-002
  3.3057690e-002
  3.7753214e-002
  2.2349062e-002
  4.1487795e-002
 -9.0810072e-003
  2.3901995e-002
  3.6647385e-002
 -3.9916504e-002
  2.9364240e-002
  7.2816332e-003
  2.1185196e-002
  2.4169353e-003
 -2.9670575e-002
 -1.8424738e-002
 -5.6194585e-003
 -3.9979297e-002
  8.2284667e-002
  4.5990604e-002
  2.1438306e-002
  2.5809949e-002
 -1.3601998e-002
  2.8549380e-002
  2.1135481e-002
 -2.1511244e-002
  3.2088622e-002
  1.9732497e-002
 -1.9149776e-002
 -2.5194654e-002
  4.4041150e-002
  3.9379914e-003
 -2.5747098e-003
 -4.9402650e-002
  1.8498269e-002
  3.1775969e-002
 -1.7335868e-002
 -6.7771244e-004
  2.7971065e-002
 -1.6496411e-002
  3.1093658e-003
  2.9886250e-002
  2.6817449e-003
  1.7838352e-002
 -2.5713670e-002
 -3.5184083e-002
 -2.1140017e-002
 -5.2286240e-002
  1.6271223e-002
  4.4461312e-002
 -2.3233585e-002
  5.4598365e-002
  7.2703514e-003
 -1.4145931e-004
  1.4834624e-002
  1.2771427e-002
  5.0495216e-003
 -1.4661571e-002
 -1.0692794e-002
 -3.4697116e-002
 -1.1242305e-001
  5.3492149e-002
 -1.9867726e-002
  1.2577520e-002
 -2.3132598e-002
  3.3176822e-002
  3.7414102e-002
 -3.9374941e-002
 -4.0654179e-002
  6.2972772e-002
 -1.3273907e-002
  2.7789432e-002
  8.4622655e-003
  1.3566047e-002
 -2.5405312e-002
 -2.3904191e-002
 -5.1551071e-003
  4.4054974e-002
  1.2442512e-002
 -8.2829809e-003
  1.2831067e-002
 -2.1426909e-002
  1.9217611e-002
  2.0183598e-002
  1.1292735e-002
 -1.0004385e-002
  1.0878773e-002
 -1.8606091e-002
  8.2623838e-003
 -3.8228938e-002
  1.6598708e-002
  2.0536302e-002
 -6.2545562e-003
  1.4235746e-002
 -2.4151450e-002
  5.5248817e-003
  3.9935903e-002
  1.7175729e-002
 -5.5309437e-003
  1.6607258e-002
  7.0491710e-003
  1.4429499e-002
 -2.7046936e-002
 -1.2006620e-002
 -2.2155311e-002
 -3.1634903e-002
  4.2512202e-002
  1.7720423e-002
  7.3373564e-003
 -2.1982403e-002
  5.9094568e-003
  2.5525321e-002
 -1.9377335e-002
 -1.9743303e-002
 -1.4033027e-002
 -1.2116413e-002
 -1.0743421e-002
 -2.0282456e-002
  1.3752772e-002
 -1.9580379e-002
  5.8835442e-002
 -2.9760021e-002
 -4.1113369e-002
  3.6338763e-002
 -3.6871529e-002
 -1.1055397e-001
 -2.8553986e-002
 -6.4256088e-002
  1.4529404e-002
  1.3823707e-002
 -6.6217263e-002
  4.1284293e-002
 -6.1710385e-002
  7.5828097e-002
  4.1075214e-002
  3.8026785e-002
 -7.6290183e-003
  5.3411536e-002
 -6.9400900e-002
  1.4549612e-002
 -3.7908474e-002
 -5.6074181e-002
  1.0952701e-001
  3.8420491e-005
 -5.9707418e-002
  3.9791712e-002
  1.1430468e-002
 -7.7270078e-003
  1.7123094e-002
  3.8045175e-002
  3.9802881e-003
  3.2229071e-002
 -1.3673141e-002
  1.5942695e-002
  1.3411049e-003
  8.9036292e-003
 -1.1864926e-002
  3.6705817e-002
 -3.1771652e-002
 -1.9066060e-002
 -3.4206872e-002
 -4.2227089e-002
  8.6231350e-003
  1.4169699e-002
 -4.0818764e-002
  2.7575900e-003
 -4.8723908e-002
  8.0104817e-003
 -4.3115451e-002
  3.6371371e-002
  1.7412193e-002
  2.5581896e-003
  3.5627238e-002
 -1.2897842e-002
  1.0547929e-002
 -9.6321970e-003
  2.8560829e-002
  3.1005158e-002
  2.1343854e-002
  1.9936283e-002
 -1.5091866e-002
  2.6620328e-003
  4.0107182e-002
  2.2043646e-002
 -6.7371732e-003
 -4.7658590e-002
  3.1353646e-002
 -2.4541622e-002
  2.9626300e-002
 -1.8149349e-002
  2.0451905e-002
 -2.6433465e-002
 -2.1170891e-002
  5.3437536e-002
  7.1254541e-003
  1.0142705e-002
  1.1213322e-002
  7.8120842e-003
 -9.1434089e-003
  3.1406437e-002
  3.1151383e-003
 -3.0171573e-003
  1.2765769e-002
 -1.2426299e-002
 -2.9438245e-002
 -5.7179789e-003
  5.6552695e-003
 -5.0569381e-003
  4.2812649e-002
 -1.1213803e-003
 -1.6160868e-002
 -2.1497798e-002
 -1.4763607e-002
  1.8640147e-002
 -2.2141889e-002
  4.2043989e-002
  2.9905755e-002
  7.8011926e-003
