 -1.4750208e-003
  1.3310854e-002
  1.1392987e-002
  5.7498277e-003
 -2.8039567e-003
 -4.4567679e-002
  2.1091527e-002
 -1.8350093e-002
  3.4058657e-002
 -4.9531501e-003
  1.4156627e-002
  1.0176168e-002
  3.7756871e-003
 -1.0498243e-002
  2.8822036e-002
 -5.7543498e-003
  1.1453463e-002
 -1.0585915e-002
  1.6147688e-002
 -2.5701320e-002
  3.4941815e-002
 -2.4508348e-002
  6.1668240e-003
  1.2439656e-002
  3.9760243e-003
 -1.9578067e-002
 -5.6186600e-002
  1.4641524e-003
 -2.9882878e-002
  4.2892867e-003
  2.5708255e-002
  1.3375991e-002
 -1.7784335e-002
  1.5845070e-002
  2.6616635e-002
  1.5642666e-003
  1.9948042e-002
  2.0452409e-002
 -3.0130596e-002
  2.0435362e-002
 -1.9620795e-002
 -3.4560377e-002
 -2.1729131e-003
 -4.6255086e-003
  2.7211319e-002
  1.9028372e-002
 -2.4088850e-002
  5.7995936e-003
  6.6520570e-003
 -1.9824299e-002
 -2.3076317e-002
 -4.8419865e-002
 -5.5407764e-003
  2.7295962e-002
 -4.0668745e-002
  6.2240664e-004
  1.7433824e-002
 -7.1325465e-004
 -3.1337627e-002
 -1.1965122e-002
 -2.4237797e-002
  3.5976853e-002
  4.4652111e-002
 -8.6764978e-003
  2.7325927e-002
  5.7457980e-003
  2.0372985e-002
 -1.7375915e-003
  1.6052347e-002
 -3.4420951e-002
 -5.5525438e-003
 -2.4233914e-002
 -1.7606826e-002
 -3.1364169e-002
 -1.6154284e-002
 -2.1193490e-002
 -2.7933787e-002
  2.1818458e-002
 -4.4267540e-003
  3.9233270e-004
  2.5118121e-002
 -6.2668513e-003
  9.3128987e-003
  2.3793955e-002
 -7.0237377e-002
  3.3583300e-002
 -1.9458342e-002
 -4.1948299e-002
 -2.1263634e-002
 -2.1046925e-001
  3.3290099e-002
 -4.4203790e-002
  1.2718237e-001
 -2.8099513e-003
 -3.0240550e-002
 -1.0678006e-001
  1.3409151e-001
 -5.5643657e-002
  5.7045488e-002
  1.5185497e-003
 -1.6398796e-002
  8.1866907e-002
 -2.4836687e-002
 -6.7753175e-002
 -2.2811121e-002
  2.3960518e-002
  3.4292462e-002
 -2.3835597e-002
 -7.1725224e-002
 -1.5170605e-002
 -7.8170283e-002
  6.3160280e-002
  2.3763220e-002
  1.4572328e-002
  3.3547924e-002
 -1.1415242e-002
  2.7386600e-002
  1.5441751e-002
  2.0981713e-002
  5.1588424e-002
 -2.5548509e-002
  3.9557508e-003
  1.2049573e-002
  4.6854841e-003
  7.6600730e-004
 -2.1634399e-002
 -2.4137693e-002
 -1.1082292e-003
 -2.5753606e-002
  6.3384377e-002
  4.2790740e-002
  6.9483896e-003
  2.6733790e-002
 -3.7196720e-003
  2.9041154e-002
  1.1956544e-002
 -1.1652305e-002
  3.2936909e-002
  3.2205926e-002
 -1.7533685e-002
 -1.8397544e-002
  3.4718464e-002
  5.4824774e-003
  1.0095950e-002
 -3.7767520e-002
  1.9446537e-002
  2.9887024e-002
 -8.4963371e-003
 -1.0854248e-003
  1.4621500e-002
 -1.1423418e-002
 -1.2315645e-002
  3.9562808e-002
  1.9435806e-003
  2.2409429e-002
 -1.4238734e-002
 -2.7935623e-002
 -2.1591552e-002
 -2.4592850e-002
  1.6123614e-002
  4.1944579e-002
 -6.9053040e-004
  4.5811934e-002
  4.6251652e-003
  4.3372380e-003
  9.3626661e-003
  7.3470103e-003
  4.5431600e-003
 -4.6785652e-003
 -3.5341226e-003
 -2.9770952e-002
 -7.7485459e-002
  2.7308218e-002
 -3.8001862e-002
  2.4788165e-002
 -1.2026829e-002
  7.3546625e-003
  1.6867750e-002
 -3.8908357e-002
 -4.1295948e-002
  6.0933011e-002
  5.0653627e-003
  2.9793173e-002
 -1.0277454e-002
  1.4149867e-002
 -1.0689371e-002
 -1.5183683e-002
  1.2126345e-003
  4.3563519e-002
  1.3521978e-002
  1.2541806e-003
  1.6338386e-002
 -1.0002679e-003
  1.1568238e-002
  8.0953054e-003
  6.6626924e-003
 -1.1530289e-002
  3.5276290e-002
 -1.3360792e-002
 -1.1057634e-002
 -1.1181273e-002
  1.3512798e-002
  1.1783545e-002
  1.0115259e-002
  2.3348888e-002
 -1.8139759e-002
  1.4305327e-002
  2.9744498e-003
 -1.7627164e-002
 -2.5270085e-003
  1.9723195e-002
  1.0921399e-002
  3.3152452e-003
 -1.3447312e-002
 -1.7996401e-003
 -2.6993189e-002
 -1.8975072e-002
  3.1951173e-002
  1.8489018e-002
  7.6373983e-003
 -9.8748307e-003
  3.7191461e-003
  8.5738498e-003
 -1.5337979e-002
 -8.5162629e-003
  3.8137667e-003
 -1.6138522e-003
 -1.4127195e-002
 -1.5234842e-002
 -8.8279163e-003
 -3.0096765e-003
  5.1266300e-002
  1.3356039e-004
 -2.4521751e-002
  1.5623663e-002
 -2.0185341e-002
 -9.7709451e-002
  1.3912712e-002
 -5.2481203e-002
  1.7675766e-002
  3.1599057e-002
 -1.4606954e-002
  2.9474371e-002
 -5.6180612e-002
  1.2177311e-002
  3.4103539e-002
  3.0735000e-002
  4.0794673e-003
  3.8898100e-002
 -3.0689909e-002
  3.2928065e-003
 -3.2910160e-002
 -3.6957616e-002
  7.5047921e-002
 -4.1604380e-003
 -2.5663749e-002
  2.3276966e-002
  1.0811399e-002
  1.3890135e-002
 -2.3187072e-003
  1.6321896e-002
  8.5535733e-004
  2.9231708e-002
 -8.2526986e-003
  9.0048527e-003
  5.0803543e-003
 -4.0437398e-003
 -3.9924887e-003
  1.3265393e-002
 -1.8556390e-002
 -1.4756870e-002
 -7.7663171e-003
 -1.2561804e-002
  2.1302948e-002
  8.4889643e-004
 -2.1117862e-002
 -1.4075790e-002
 -5.5223747e-002
  1.5927557e-002
 -1.7060637e-002
  3.3249686e-002
  8.0403304e-003
  6.3700080e-003
  1.0428569e-002
  1.6405801e-002
  6.1809063e-004
 -2.5237818e-003
 -4.3525956e-003
  2.8451095e-002
  1.0332970e-002
  9.0643225e-004
 -1.2951951e-002
 -1.1269605e-002
  1.4584610e-002
  2.0846276e-002
 -1.0649807e-002
 -1.8880498e-002
  2.2448233e-002
 -1.3234543e-002
  1.7761897e-002
 -1.5179268e-002
  1.0660100e-002
 -1.6852401e-002
 -2.8441687e-002
  3.8086913e-002
  8.1971439e-003
  8.1134520e-003
  1.2511836e-003
  3.0733898e-003
 -2.4579125e-003
  2.7744962e-002
  5.2218464e-003
  5.3580763e-003
  2.1139347e-002
  9.9769274e-003
 -1.3123897e-002
  1.0281135e-002
  1.1693504e-003
  6.7711539e-003
  1.6461292e-002
  9.4083534e-004
 -1.4931353e-002
  2.9564510e-003
 -2.5250714e-002
  2.1536689e-002
 -1.5318589e-002
  2.2237776e-002
  1.4798332e-002
  0.0000000e+000
