0.002497	406	825	1249	1450	1548	0.184309	0.222937	0.203603	0.222801	0.166350	
0.002542	350	406	825	1249	1450	0.165200	0.185480	0.245197	0.201905	0.202218	
0.002588	350	406	825	1249	1450	0.161968	0.183046	0.276664	0.188758	0.189564	
0.002633	406	825	1249	1450	2109	0.182370	0.217362	0.227242	0.238023	0.135002	
0.002679	406	825	1249	1450	2109	0.176852	0.244066	0.212766	0.224027	0.142289	
0.002724	350	406	825	1450	1983	0.201050	0.188844	0.219681	0.216317	0.174108	
0.002770	350	406	496	825	1249	0.187333	0.198535	0.130921	0.296011	0.187199	
0.002815	350	406	496	825	1249	0.178388	0.193396	0.134790	0.326435	0.166991	
0.002861	406	825	1053	1249	1450	0.189509	0.267891	0.105140	0.227824	0.209636	
0.002906	406	825	1053	1249	1450	0.184579	0.281042	0.114988	0.219940	0.199450	
0.002951	350	406	496	825	2109	0.207715	0.196265	0.141125	0.313308	0.141587	
0.002997	350	406	496	825	2109	0.185228	0.180071	0.142277	0.341767	0.150658	
0.003042	350	406	496	825	2109	0.162741	0.163876	0.143428	0.370225	0.159729	
0.003088	350	406	496	825	1053	0.217664	0.218314	0.141370	0.332708	0.089944	
0.003133	267	406	527	825	1450	0.148822	0.206196	0.099044	0.280912	0.265026	
0.003179	267	406	527	825	1450	0.151635	0.199614	0.109191	0.286583	0.252977	
0.003224	267	406	527	825	1450	0.154448	0.193031	0.119339	0.292255	0.240927	
0.003270	267	406	527	825	1450	0.157261	0.186449	0.129486	0.297927	0.228878	
0.003315	267	406	527	825	1450	0.160074	0.179866	0.139633	0.303598	0.216828	
0.003360	267	406	527	825	1450	0.162887	0.173283	0.149781	0.309270	0.204779	
0.003406	267	527	825	939	1450	0.175633	0.133050	0.320295	0.143423	0.227599	
0.003451	406	825	1053	1450	2083	0.219402	0.317793	0.117208	0.251062	0.094536	
0.003497	406	825	1053	1450	2083	0.214537	0.319405	0.121688	0.243625	0.100745	
0.003542	406	825	1053	1450	2083	0.209673	0.321017	0.126168	0.236187	0.106955	
0.003588	406	825	1053	1450	2083	0.204809	0.322629	0.130648	0.228750	0.113164	
0.003633	406	825	1053	1450	2083	0.199945	0.324241	0.135128	0.221313	0.119374	
0.003678	406	825	1053	1450	2083	0.195081	0.325853	0.139608	0.213876	0.125583	
0.003724	406	825	1053	1450	2083	0.190216	0.327465	0.144088	0.206439	0.131793	
0.003769	825	1053	1450	2083	2109	0.338339	0.139694	0.230689	0.116855	0.174422	
0.003815	825	1053	1450	2083	2109	0.338693	0.144109	0.221384	0.123552	0.172262	
0.003860	825	1053	1450	2083	2109	0.339047	0.148523	0.212079	0.130249	0.170101	
0.003906	825	1053	1450	2083	2109	0.339402	0.152937	0.202774	0.136947	0.167940	
0.003951	825	1053	1450	2083	2109	0.339756	0.157352	0.193468	0.143644	0.165780	
0.003997	406	527	825	1983	2083	0.216473	0.144090	0.285773	0.238301	0.115363	
0.004042	825	1053	1179	2083	2109	0.379395	0.176319	0.140819	0.125183	0.178284	
0.004087	825	1053	1179	2083	2109	0.375784	0.180394	0.135720	0.134109	0.173993	
0.004133	825	1053	1179	2083	2109	0.372173	0.184468	0.130622	0.143034	0.169703	
0.004178	825	1053	1179	2083	2109	0.368562	0.188542	0.125524	0.151959	0.165412	
0.004224	527	825	1053	1450	2083	0.135026	0.349771	0.156217	0.219116	0.139871	
0.004269	527	825	1053	1450	2083	0.138474	0.347781	0.159177	0.209290	0.145277	
0.004315	527	825	1053	1450	2083	0.141922	0.345791	0.162138	0.199465	0.150684	
0.004360	527	825	1053	1983	2083	0.123830	0.360758	0.138932	0.265800	0.110680	
0.004406	527	825	1053	1983	2083	0.128393	0.352082	0.142165	0.258220	0.119140	
0.004451	527	825	1053	1983	2083	0.132955	0.343407	0.145398	0.250639	0.127601	
0.004496	527	825	1053	1983	2083	0.137517	0.334732	0.148631	0.243059	0.136061	
0.004542	527	825	1053	1983	2083	0.142079	0.326057	0.151864	0.235478	0.144522	
0.004587	527	825	1053	1983	2083	0.146641	0.317382	0.155097	0.227898	0.152983	
0.004633	527	825	1053	1983	2083	0.151203	0.308707	0.158330	0.220317	0.161443	
0.004678	527	825	1053	1983	2083	0.155765	0.300032	0.161563	0.212737	0.169904	
0.004724	527	825	1053	1983	2083	0.160327	0.291356	0.164796	0.205156	0.178365	
0.004769	527	825	1053	1983	2083	0.164889	0.282681	0.168028	0.197576	0.186825	
0.004815	825	1450	1589	1983	2083	0.270149	0.204084	0.124454	0.264286	0.137027	
0.004860	87	825	1053	1983	2083	0.081121	0.349752	0.172264	0.244255	0.152608	
0.004905	367	825	1053	1663	2083	0.089165	0.390264	0.193689	0.187981	0.138900	
0.004951	825	1053	1589	1983	2083	0.352439	0.151442	0.080062	0.274862	0.141195	
0.004996	825	1053	1589	1983	2083	0.347842	0.151622	0.084095	0.272698	0.143744	
0.005042	825	1053	1589	1983	2083	0.343245	0.151802	0.088127	0.270533	0.146294	
0.005087	825	1053	1589	1983	2083	0.338647	0.151982	0.092159	0.268369	0.148843	
0.005133	527	825	1589	1983	2083	0.153773	0.315564	0.094782	0.305610	0.130270	
0.005178	527	825	1589	1983	2083	0.154797	0.310604	0.098672	0.303253	0.132674	
0.005224	527	825	1589	1983	2083	0.155821	0.305643	0.102562	0.300897	0.135078	
0.005269	527	825	1589	1983	2083	0.156844	0.300683	0.106452	0.298540	0.137482	
0.005314	527	825	1589	1983	2083	0.157868	0.295722	0.110341	0.296183	0.139885	
0.005360	527	825	1589	1983	2083	0.158891	0.290762	0.114231	0.293826	0.142289	
0.005405	527	825	1589	1983	2083	0.159915	0.285802	0.118121	0.291469	0.144693	
0.005451	189	1340	1548	1589	1983	0.139688	0.164590	0.190956	0.146836	0.357930	
0.005496	527	825	1589	1983	2083	0.161962	0.275881	0.125901	0.286755	0.149500	
0.005542	189	1340	1548	1589	1983	0.140672	0.168847	0.180472	0.153215	0.356795	
0.005587	189	1340	1548	1589	1983	0.141164	0.170975	0.175229	0.156404	0.356227	
0.005633	137	189	1589	1813	1983	0.163246	0.141456	0.129782	0.160964	0.404552	
0.005678	137	189	1589	1813	1983	0.166403	0.141578	0.133325	0.159769	0.398925	
0.005723	137	189	1589	1813	1983	0.169560	0.141700	0.136869	0.158573	0.393298	
0.005769	527	1340	1589	1983	2083	0.176668	0.131789	0.100423	0.452188	0.138932	
0.005814	527	1340	1589	1983	2083	0.176214	0.133531	0.104147	0.445734	0.140374	
0.005860	527	1340	1589	1983	2083	0.175760	0.135274	0.107872	0.439279	0.141815	
0.005905	527	1340	1589	1983	2083	0.175306	0.137016	0.111596	0.432824	0.143257	
0.005951	527	1340	1589	1983	2083	0.174852	0.138759	0.115321	0.426370	0.144699	
0.005996	527	1340	1589	1983	2083	0.174398	0.140501	0.119045	0.419915	0.146141	
0.006042	527	1340	1589	1983	2083	0.173944	0.142244	0.122769	0.413460	0.147583	
0.006087	527	1340	1589	1983	2083	0.173489	0.143986	0.126494	0.407006	0.149025	
0.006132	137	189	1340	1589	1983	0.151492	0.145556	0.149374	0.127138	0.426440	
0.006178	137	189	1340	1589	1983	0.154096	0.145067	0.150793	0.130359	0.419685	
0.006223	137	189	1340	1589	1983	0.156700	0.144577	0.152213	0.133579	0.412930	
0.006269	137	189	1340	1589	1983	0.159304	0.144088	0.153633	0.136800	0.406175	
0.006314	137	189	1340	1589	1983	0.161907	0.143599	0.155053	0.140020	0.399421	
0.006360	137	189	1340	1589	1983	0.164511	0.143110	0.156473	0.143241	0.392666	
0.006405	137	189	1340	1589	1983	0.167115	0.142620	0.157893	0.146461	0.385911	
0.006451	137	189	1340	1589	1983	0.169719	0.142131	0.159313	0.149681	0.379156	
0.006496	137	189	1340	1589	1983	0.172322	0.141642	0.160733	0.152902	0.372401	
0.006541	137	189	1340	1589	1983	0.174926	0.141153	0.162153	0.156122	0.365646	
0.006587	137	189	1340	1589	1983	0.177530	0.140663	0.163572	0.159343	0.358892	
0.006632	137	189	1340	1589	1983	0.180134	0.140174	0.164992	0.162563	0.352137	
0.006678	137	189	1340	1589	1983	0.182738	0.139685	0.166412	0.165784	0.345382	
0.006723	137	189	1340	1589	1983	0.185341	0.139195	0.167832	0.169004	0.338627	
0.006769	137	189	1340	1589	1983	0.187945	0.138706	0.169252	0.172224	0.331872	
0.006814	137	189	1340	1589	1983	0.190549	0.138217	0.170672	0.175445	0.325117	
0.006860	137	189	1340	1589	1983	0.193153	0.137728	0.172092	0.178665	0.318363	
0.006905	137	1340	1589	1872	1983	0.196400	0.184702	0.160499	0.140919	0.317480	
0.006950	137	1340	1589	1872	1983	0.198791	0.185827	0.163489	0.142031	0.309862	
0.006996	137	1340	1589	1872	1983	0.201181	0.186953	0.166479	0.143143	0.302244	
0.007041	1069	1340	1589	1983	2083	0.055248	0.194186	0.151203	0.441959	0.157403	
0.007087	1069	1340	1589	1983	2083	0.056585	0.195338	0.153227	0.437013	0.157837	
0.007132	1069	1340	1589	1983	2083	0.057923	0.196489	0.155251	0.432066	0.158271	
0.007178	1069	1340	1589	1983	2083	0.059260	0.197641	0.157274	0.427119	0.158705	
0.007223	1069	1340	1589	1983	2083	0.060598	0.198792	0.159298	0.422173	0.159139	
0.007269	137	1069	1340	1589	1983	0.173797	0.056375	0.202408	0.152830	0.414589	
0.007314	137	1069	1340	1589	1983	0.174970	0.057629	0.203377	0.154696	0.409328	
0.007359	137	1069	1340	1589	1983	0.176143	0.058882	0.204346	0.156563	0.404067	
0.007405	137	1069	1340	1589	1983	0.177316	0.060136	0.205314	0.158429	0.398805	
0.007450	137	1069	1340	1589	1983	0.178488	0.061390	0.206283	0.160295	0.393544	
0.007496	137	1069	1340	1589	1983	0.179661	0.062643	0.207252	0.162162	0.388283	
0.007541	137	1069	1340	1589	1983	0.180834	0.063897	0.208220	0.164028	0.383021	
0.007587	137	1069	1340	1589	1983	0.182007	0.065150	0.209189	0.165894	0.377760	
0.007632	137	1069	1340	1589	1983	0.183180	0.066404	0.210158	0.167761	0.372499	
0.007677	137	1069	1340	1589	1983	0.184352	0.067657	0.211126	0.169627	0.367237	
0.007723	137	1069	1340	1589	1983	0.185525	0.068911	0.212095	0.171493	0.361976	
0.007768	137	1069	1340	1589	1983	0.186698	0.070164	0.213064	0.173359	0.356715	
0.007814	137	1069	1340	1589	1983	0.187871	0.071418	0.214032	0.175226	0.351453	
0.007859	137	1069	1340	1589	1983	0.189043	0.072672	0.215001	0.177092	0.346192	
0.007905	137	1069	1340	1589	1983	0.190216	0.073925	0.215970	0.178958	0.340931	
0.007950	137	1069	1340	1589	1983	0.191389	0.075179	0.216938	0.180825	0.335669	
0.007996	137	1069	1340	1589	1983	0.192562	0.076432	0.217907	0.182691	0.330408	
0.008041	137	1069	1340	1589	1983	0.193735	0.077686	0.218876	0.184557	0.325147	
0.008086	137	1069	1340	1589	1983	0.194907	0.078939	0.219844	0.186424	0.319885	
0.008132	137	1069	1340	1589	1983	0.196080	0.080193	0.220813	0.188290	0.314624	
0.008177	137	1069	1340	1589	1983	0.197253	0.081446	0.221782	0.190156	0.309363	
0.008223	877	1069	1340	1589	1983	0.067627	0.071465	0.233218	0.175412	0.452278	
0.008268	877	1069	1340	1589	1983	0.068794	0.072303	0.233758	0.176560	0.448586	
0.008314	877	1069	1340	1589	1983	0.069962	0.073141	0.234297	0.177707	0.444893	
0.008359	877	1069	1340	1589	1983	0.071130	0.073979	0.234837	0.178854	0.441200	
0.008405	877	1069	1340	1589	1983	0.072298	0.074817	0.235376	0.180001	0.437508	
0.008450	877	1069	1340	1589	1983	0.073466	0.075655	0.235915	0.181148	0.433815	
0.008495	877	1069	1340	1589	1983	0.074634	0.076493	0.236455	0.182295	0.430123	
0.008541	877	1069	1340	1589	1983	0.075801	0.077331	0.236994	0.183443	0.426430	
0.008586	137	577	1472	1836	1845	0.248043	0.137110	0.267665	0.230451	0.116732	
0.008632	877	1069	1340	1589	1983	0.078137	0.079008	0.238073	0.185737	0.419045	
0.008677	99	137	577	1472	1836	0.106860	0.293706	0.108656	0.266774	0.224004	
0.008723	99	137	577	1472	1836	0.109293	0.292300	0.113790	0.263138	0.221479	
0.008768	99	137	577	1472	1836	0.111727	0.290894	0.118923	0.259502	0.218954	
0.008814	99	137	577	1472	1836	0.114160	0.289488	0.124057	0.255866	0.216429	
0.008859	99	137	577	1472	1836	0.116593	0.288082	0.129191	0.252229	0.213905	
0.008904	99	137	1069	1340	1872	0.175619	0.323361	0.080825	0.222822	0.197374	
0.008950	99	137	1069	1340	1872	0.177870	0.322218	0.083849	0.222176	0.193888	
0.008995	99	137	1069	1340	1845	0.155358	0.340919	0.064304	0.263495	0.175925	
0.009041	99	137	1069	1340	1845	0.157575	0.338051	0.067799	0.261490	0.175085	
0.009086	99	137	1069	1340	1845	0.159792	0.335184	0.071293	0.259485	0.174246	
0.009132	99	137	1069	1340	1845	0.162009	0.332317	0.074787	0.257480	0.173407	
0.009177	99	137	1069	1340	1845	0.164225	0.329450	0.078282	0.255476	0.172568	
0.009223	99	137	1069	1340	1845	0.166442	0.326582	0.081776	0.253471	0.171728	
0.009268	99	137	1069	1340	1845	0.168659	0.323715	0.085271	0.251466	0.170889	
0.009313	99	137	1069	1340	1845	0.170876	0.320848	0.088765	0.249461	0.170050	
0.009359	99	137	1069	1340	1845	0.173092	0.317980	0.092260	0.247457	0.169211	
0.009404	99	137	1069	1340	1845	0.175309	0.315113	0.095754	0.245452	0.168371	
0.009450	99	137	1069	1340	1845	0.177526	0.312246	0.099249	0.243447	0.167532	
0.009495	99	137	1069	1340	1845	0.179743	0.309379	0.102743	0.241442	0.166693	
0.009541	99	137	1069	1340	1845	0.181959	0.306511	0.106238	0.239438	0.165854	
0.009586	99	137	1069	1340	1845	0.184176	0.303644	0.109732	0.237433	0.165015	
0.009632	99	137	1069	1340	1845	0.186393	0.300777	0.113227	0.235428	0.164175	
0.009677	99	137	1069	1340	1845	0.188610	0.297910	0.116721	0.233424	0.163336	
0.009722	99	137	1069	1340	1845	0.190826	0.295042	0.120216	0.231419	0.162497	
0.009768	99	137	1069	1340	1845	0.193043	0.292175	0.123710	0.229414	0.161658	
0.009813	99	137	577	1069	1472	0.158100	0.340058	0.131581	0.073730	0.296532	
0.009859	99	137	577	1069	1472	0.159212	0.337732	0.134001	0.075829	0.293226	
0.009904	99	137	577	1069	1472	0.160325	0.335406	0.136421	0.077928	0.289920	
0.009950	99	137	577	1069	1472	0.161437	0.333081	0.138842	0.080027	0.286614	
0.009995	99	137	577	1069	1472	0.162549	0.330755	0.141262	0.082126	0.283308	
0.010041	99	137	577	1069	1472	0.163662	0.328430	0.143682	0.084224	0.280002	
0.010086	99	137	577	1069	1472	0.164774	0.326104	0.146102	0.086323	0.276696	
0.010131	99	137	577	1069	1472	0.165887	0.323779	0.148523	0.088422	0.273390	
0.010177	99	137	577	1069	1472	0.166999	0.321453	0.150943	0.090521	0.270084	
0.010222	99	137	577	1069	1472	0.168112	0.319127	0.153363	0.092620	0.266778	
0.010268	99	137	577	1069	1472	0.169224	0.316802	0.155784	0.094719	0.263472	
0.010313	99	137	577	1069	1472	0.170337	0.314476	0.158204	0.096818	0.260166	
0.010359	99	137	577	1069	1472	0.171449	0.312151	0.160624	0.098916	0.256860	
0.010404	99	137	1069	1340	1589	0.173399	0.303662	0.116089	0.225744	0.181105	
0.010450	99	137	577	1069	1845	0.206694	0.394385	0.132007	0.095903	0.171012	
0.010495	99	137	577	1069	1845	0.207122	0.390156	0.134842	0.098155	0.169726	
0.010540	99	137	577	1069	1845	0.207550	0.385927	0.137676	0.100406	0.168441	
0.010586	99	137	577	1069	1845	0.207978	0.381698	0.140511	0.102657	0.167156	
0.010631	99	137	577	1069	1845	0.208407	0.377469	0.143345	0.104908	0.165871	
0.010677	99	137	577	1069	1845	0.208835	0.373239	0.146180	0.107159	0.164586	
0.010722	99	137	577	1069	1845	0.209263	0.369010	0.149015	0.109410	0.163301	
0.010768	99	137	577	1069	1845	0.209691	0.364781	0.151849	0.111662	0.162016	
0.010813	99	137	577	1069	1845	0.210119	0.360552	0.154684	0.113913	0.160731	
0.010859	99	137	577	1069	1845	0.210548	0.356323	0.157519	0.116164	0.159446	
0.010904	99	137	577	1069	1845	0.210976	0.352094	0.160353	0.118415	0.158161	
0.010949	99	137	577	1069	1845	0.211404	0.347865	0.163188	0.120666	0.156876	
0.010995	99	137	577	1069	1845	0.211832	0.343636	0.166023	0.122918	0.155591	
0.011040	137	877	1069	1340	1589	0.314208	0.103682	0.092195	0.281467	0.208447	
0.011086	137	877	1069	1340	1589	0.311566	0.105685	0.093485	0.279594	0.209670	
0.011131	137	877	1069	1340	1589	0.308924	0.107688	0.094775	0.277720	0.210893	
0.011177	137	877	1069	1340	1589	0.306281	0.109691	0.096065	0.275846	0.212116	
0.011222	137	877	1069	1340	1589	0.303639	0.111694	0.097355	0.273973	0.213339	
0.011268	137	877	1069	1340	1589	0.300997	0.113697	0.098645	0.272099	0.214562	
0.011313	137	877	1069	1340	1589	0.298355	0.115700	0.099936	0.270225	0.215785	
0.011358	137	877	1069	1340	1589	0.295712	0.117703	0.101226	0.268352	0.217008	
0.011404	137	877	1069	1340	1589	0.293070	0.119706	0.102516	0.266478	0.218231	
0.011449	137	877	1069	1340	1589	0.290428	0.121708	0.103806	0.264604	0.219454	
0.011495	137	877	1069	1340	1589	0.287785	0.123711	0.105096	0.262730	0.220677	
0.011540	137	877	1069	1340	1589	0.285143	0.125714	0.106386	0.260857	0.221900	
0.011586	137	877	1069	1340	1589	0.282501	0.127717	0.107676	0.258983	0.223123	
0.011631	137	877	1069	1340	1589	0.279859	0.129720	0.108966	0.257109	0.224346	
0.011676	137	877	1069	1340	1589	0.277216	0.131723	0.110256	0.255236	0.225569	
0.011722	137	877	1069	1340	1589	0.274574	0.133726	0.111546	0.253362	0.226792	
0.011767	137	877	1069	1340	1589	0.271932	0.135729	0.112836	0.251488	0.228015	
0.011813	137	877	1069	1340	1589	0.269289	0.137731	0.114126	0.249615	0.229238	
0.011858	137	877	1069	1340	1589	0.266647	0.139734	0.115416	0.247741	0.230461	
0.011904	137	877	1069	1340	1589	0.264005	0.141737	0.116706	0.245867	0.231685	
0.011949	137	877	1069	1340	1589	0.261363	0.143740	0.117996	0.243994	0.232908	
0.011995	137	877	1069	1340	1589	0.258720	0.145743	0.119286	0.242120	0.234131	
0.012040	137	877	1069	1340	1589	0.256078	0.147746	0.120576	0.240246	0.235354	
0.012085	137	877	1069	1340	1589	0.253436	0.149749	0.121866	0.238373	0.236577	
0.012131	137	877	1069	1340	1589	0.250793	0.151752	0.123156	0.236499	0.237800	
0.012176	137	877	1069	1340	1589	0.248151	0.153754	0.124446	0.234625	0.239023	
0.012222	137	877	1069	1340	1589	0.245509	0.155757	0.125736	0.232751	0.240246	
0.012267	137	877	1069	1340	1589	0.242867	0.157760	0.127027	0.230878	0.241469	
0.012313	137	877	1069	1340	1589	0.240224	0.159763	0.128317	0.229004	0.242692	
0.012358	137	877	1069	1340	1589	0.237582	0.161766	0.129607	0.227130	0.243915	
0.012404	137	877	1069	1340	1589	0.234940	0.163769	0.130897	0.225257	0.245138	
0.012449	137	877	1069	1340	1589	0.232297	0.165772	0.132187	0.223383	0.246361	
0.012494	137	877	1069	1589	1976	0.385942	0.118666	0.097842	0.235755	0.161794	
0.012540	137	877	1069	1589	1976	0.381382	0.120440	0.099161	0.236287	0.162730	
0.012585	137	877	1069	1589	1976	0.376822	0.122213	0.100481	0.236818	0.163666	
0.012631	137	877	1069	1589	1976	0.372261	0.123987	0.101800	0.237350	0.164602	
0.012676	137	877	1069	1589	1976	0.367701	0.125760	0.103120	0.237882	0.165538	
0.012722	137	877	1069	1589	1976	0.363140	0.127534	0.104439	0.238413	0.166474	
0.012767	137	877	1069	1589	1976	0.358580	0.129307	0.105759	0.238945	0.167409	
0.012813	137	877	1069	1589	1976	0.354020	0.131081	0.107078	0.239476	0.168345	
0.012858	137	877	1069	1589	1976	0.349459	0.132854	0.108398	0.240008	0.169281	
0.012903	137	877	1069	1589	1976	0.344899	0.134627	0.109717	0.240540	0.170217	
0.012949	137	877	1069	1589	1976	0.340338	0.136401	0.111037	0.241071	0.171153	
0.012994	137	877	1069	1589	1976	0.335778	0.138174	0.112356	0.241603	0.172089	
0.013040	137	877	1069	1589	1976	0.331218	0.139948	0.113676	0.242134	0.173025	
0.013085	137	877	1069	1589	1976	0.326657	0.141721	0.114995	0.242666	0.173960	
0.013131	137	877	1069	1589	1976	0.322097	0.143495	0.116315	0.243198	0.174896	
0.013176	137	877	1069	1589	1976	0.317536	0.145268	0.117634	0.243729	0.175832	
0.013222	137	877	1069	1589	1976	0.312976	0.147042	0.118954	0.244261	0.176768	
0.013267	137	877	1069	1589	1976	0.308416	0.148815	0.120273	0.244792	0.177704	
0.013312	137	877	1069	1589	1976	0.303855	0.150589	0.121592	0.245324	0.178640	
0.013358	137	877	1069	1589	1976	0.299295	0.152362	0.122912	0.245856	0.179575	
0.013403	137	877	1069	1589	1976	0.294735	0.154135	0.124231	0.246387	0.180511	
0.013449	137	877	1069	1589	1976	0.290174	0.155909	0.125551	0.246919	0.181447	
0.013494	137	877	1069	1589	1976	0.285614	0.157682	0.126870	0.247451	0.182383	
0.013540	137	877	1069	1589	1976	0.281053	0.159456	0.128190	0.247982	0.183319	
0.013585	137	877	1069	1589	1976	0.276493	0.161229	0.129509	0.248514	0.184255	
0.013631	137	877	1069	1589	1976	0.271933	0.163003	0.130829	0.249045	0.185190	
0.013676	137	877	1069	1589	1976	0.267372	0.164776	0.132148	0.249577	0.186126	
0.013721	137	877	1069	1589	1976	0.262812	0.166550	0.133468	0.250109	0.187062	
0.013767	137	877	1069	1589	1976	0.258251	0.168323	0.134787	0.250640	0.187998	
0.013812	137	877	1069	1589	1976	0.253691	0.170097	0.136107	0.251172	0.188934	
0.013858	137	877	1069	1589	1976	0.249131	0.171870	0.137426	0.251703	0.189870	
0.013903	137	877	1069	1589	1976	0.244570	0.173643	0.138746	0.252235	0.190805	
0.013949	137	877	1069	1589	1976	0.240010	0.175417	0.140065	0.252767	0.191741	
0.013994	137	877	1069	1231	1589	0.325820	0.155468	0.116245	0.149829	0.252637	
0.014040	137	877	1069	1231	1589	0.321942	0.156682	0.117155	0.151457	0.252764	
0.014085	137	877	1069	1231	1589	0.318064	0.157895	0.118065	0.153084	0.252891	
0.014130	877	1069	1231	1340	1589	0.150459	0.137739	0.147196	0.304265	0.260342	
0.014176	877	1069	1231	1340	1589	0.151794	0.138424	0.148934	0.300571	0.260278	
0.014221	877	1069	1231	1340	1589	0.153129	0.139109	0.150671	0.296877	0.260214	
0.014267	877	1069	1231	1340	1589	0.154464	0.139794	0.152409	0.293183	0.260150	
0.014312	877	1069	1231	1340	1589	0.155799	0.140480	0.154147	0.289489	0.260086	
0.014358	877	1069	1231	1340	1589	0.157134	0.141165	0.155885	0.285795	0.260022	
0.014403	877	1069	1231	1340	1589	0.158469	0.141850	0.157623	0.282101	0.259958	
0.014449	877	1069	1231	1340	1589	0.159804	0.142535	0.159361	0.278407	0.259893	
0.014494	137	877	1069	1231	1589	0.283161	0.168819	0.126254	0.167732	0.254034	
0.014539	137	877	1069	1231	1589	0.279283	0.170033	0.127163	0.169360	0.254161	
0.014585	137	877	1069	1231	1589	0.275405	0.171246	0.128073	0.170987	0.254288	
0.014630	137	877	1069	1231	1589	0.271527	0.172460	0.128983	0.172615	0.254415	
0.014676	137	877	1069	1231	1589	0.267649	0.173674	0.129893	0.174242	0.254542	
0.014721	137	877	1069	1231	1589	0.263771	0.174887	0.130803	0.175870	0.254669	
0.014767	137	877	1069	1231	1589	0.259893	0.176101	0.131713	0.177497	0.254796	
0.014812	137	877	1069	1231	1589	0.256015	0.177315	0.132622	0.179125	0.254923	
0.014858	137	877	1069	1231	1589	0.252137	0.178529	0.133532	0.180752	0.255050	
0.014903	137	877	1069	1231	1589	0.248259	0.179742	0.134442	0.182380	0.255177	
0.014948	137	577	877	897	1069	0.338650	0.243968	0.173368	0.090905	0.153110	
0.014994	137	577	877	897	1069	0.334799	0.244899	0.174506	0.091677	0.154120	
0.015039	137	577	877	897	1069	0.330947	0.245830	0.175644	0.092450	0.155130	
0.015085	137	577	877	897	1069	0.327096	0.246760	0.176782	0.093222	0.156140	
0.015130	137	577	877	897	1069	0.323245	0.247691	0.177920	0.093994	0.157150	
0.015176	137	577	877	897	1069	0.319393	0.248622	0.179058	0.094766	0.158160	
0.015221	137	577	877	897	1069	0.315542	0.249553	0.180196	0.095539	0.159171	
0.015267	137	577	877	897	1069	0.311691	0.250484	0.181334	0.096311	0.160181	
0.015312	137	577	877	897	1069	0.307839	0.251414	0.182472	0.097083	0.161191	
0.015357	137	577	877	897	1069	0.303988	0.252345	0.183610	0.097856	0.162201	
0.015403	137	577	877	897	1069	0.300137	0.253276	0.184748	0.098628	0.163211	
0.015448	137	577	877	897	1069	0.296286	0.254207	0.185886	0.099400	0.164222	
0.015494	137	577	877	897	1069	0.292434	0.255137	0.187024	0.100172	0.165232	
0.015539	137	577	877	897	1069	0.288583	0.256068	0.188162	0.100945	0.166242	
0.015585	137	577	877	897	1069	0.284732	0.256999	0.189300	0.101717	0.167252	
0.015630	137	577	877	897	1069	0.280880	0.257930	0.190438	0.102489	0.168262	
0.015675	137	577	877	897	1069	0.277029	0.258861	0.191576	0.103262	0.169272	
0.015721	137	577	877	897	1069	0.273178	0.259791	0.192714	0.104034	0.170283	
0.015766	137	577	877	897	1069	0.269327	0.260722	0.193852	0.104806	0.171293	
0.015812	877	1069	1231	1589	1976	0.135112	0.133839	0.142375	0.354988	0.233686	
0.015857	877	1069	1231	1589	1976	0.137494	0.135016	0.145315	0.350125	0.232051	
0.015903	877	1069	1231	1589	1976	0.139876	0.136192	0.148255	0.345262	0.230416	
0.015948	877	1069	1231	1589	1976	0.142258	0.137368	0.151195	0.340399	0.228781	
0.015994	877	1069	1231	1589	1976	0.144640	0.138544	0.154135	0.335536	0.227146	
0.016039	877	1069	1231	1589	1976	0.147021	0.139720	0.157075	0.330673	0.225510	
0.016084	877	1069	1231	1589	1976	0.149403	0.140897	0.160015	0.325810	0.223875	
0.016130	877	1069	1231	1589	1976	0.151785	0.142073	0.162955	0.320947	0.222240	
0.016175	877	1069	1231	1589	1976	0.154167	0.143249	0.165895	0.316084	0.220605	
0.016221	877	1069	1231	1589	1976	0.156549	0.144425	0.168835	0.311221	0.218970	
0.016266	877	1069	1231	1589	1976	0.158931	0.145601	0.171775	0.306358	0.217335	
0.016312	877	1069	1231	1589	1976	0.161313	0.146777	0.174715	0.301495	0.215700	
0.016357	877	1069	1231	1589	1976	0.163695	0.147954	0.177655	0.296632	0.214065	
0.016403	877	1069	1231	1589	1976	0.166077	0.149130	0.180595	0.291769	0.212430	
0.016448	877	1069	1231	1589	1976	0.168459	0.150306	0.183535	0.286906	0.210795	
0.016493	877	1069	1231	1589	1976	0.170841	0.151482	0.186475	0.282043	0.209160	
0.016539	877	1069	1231	1589	1976	0.173223	0.152658	0.189415	0.277180	0.207525	
0.016584	877	1069	1231	1589	1976	0.175605	0.153834	0.192355	0.272317	0.205890	
0.016630	877	1069	1231	1589	1976	0.177986	0.155011	0.195295	0.267454	0.204255	
0.016675	877	1069	1231	1589	1976	0.180368	0.156187	0.198235	0.262591	0.202619	
0.016721	877	1069	1231	1589	1976	0.182750	0.157363	0.201175	0.257727	0.200984	
0.016766	877	1069	1231	1589	1976	0.185132	0.158539	0.204115	0.252864	0.199349	
0.016812	877	1069	1231	1589	1976	0.187514	0.159715	0.207055	0.248001	0.197714	
0.016857	877	1069	1231	1589	1976	0.189896	0.160892	0.209995	0.243138	0.196079	
0.016902	577	877	897	1069	1589	0.242991	0.189427	0.099642	0.177950	0.289991	
0.016948	577	877	897	1069	1589	0.242927	0.191502	0.101236	0.179257	0.285079	
0.016993	577	877	897	1069	1589	0.242863	0.193578	0.102830	0.180563	0.280166	
0.017039	577	877	897	1069	1589	0.242799	0.195653	0.104424	0.181870	0.275254	
0.017084	577	877	897	1069	1589	0.242735	0.197729	0.106018	0.183177	0.270342	
0.017130	577	877	897	1069	1589	0.242671	0.199805	0.107612	0.184483	0.265429	
0.017175	577	877	897	1069	1589	0.242607	0.201880	0.109206	0.185790	0.260517	
0.017221	577	877	897	1069	1589	0.242543	0.203956	0.110800	0.187097	0.255605	
0.017266	577	877	897	1069	1589	0.242479	0.206031	0.112394	0.188403	0.250693	
0.017311	577	877	897	1069	1589	0.242415	0.208107	0.113988	0.189710	0.245780	
0.017357	577	877	897	1069	1589	0.242351	0.210183	0.115582	0.191016	0.240868	
0.017402	577	877	897	1069	1589	0.242287	0.212258	0.117176	0.192323	0.235956	
0.017448	577	877	897	1069	1589	0.242223	0.214334	0.118770	0.193630	0.231044	
0.017493	577	877	897	1069	1589	0.242160	0.216409	0.120364	0.194936	0.226131	
0.017539	577	877	897	1069	1589	0.242096	0.218485	0.121958	0.196243	0.221219	
0.017584	577	877	897	1069	1589	0.242032	0.220561	0.123552	0.197549	0.216307	
0.017630	577	877	897	1069	1589	0.241968	0.222636	0.125146	0.198856	0.211394	
0.017675	577	877	897	1069	1589	0.241904	0.224712	0.126740	0.200163	0.206482	
0.017720	577	877	897	1069	1589	0.241840	0.226787	0.128334	0.201469	0.201570	
0.017766	577	877	897	1069	1589	0.241776	0.228863	0.129928	0.202776	0.196658	
0.017811	577	877	897	1069	1589	0.241712	0.230939	0.131522	0.204083	0.191745	
0.017857	577	877	897	1069	1589	0.241648	0.233014	0.133116	0.205389	0.186833	
0.017902	577	877	897	1069	1589	0.241584	0.235090	0.134710	0.206696	0.181921	
0.017948	577	877	897	1069	1589	0.241520	0.237165	0.136304	0.208002	0.177009	
0.017993	577	877	897	1069	1589	0.241456	0.239241	0.137898	0.209309	0.172096	
0.018039	577	877	897	1069	1589	0.241392	0.241316	0.139492	0.210616	0.167184	
0.018084	577	877	897	1069	1589	0.241328	0.243392	0.141086	0.211922	0.162272	
0.018129	877	897	1069	1231	1589	0.223121	0.091765	0.187558	0.211850	0.285705	
0.018175	877	897	1069	1231	1589	0.224671	0.092974	0.188494	0.213400	0.280461	
0.018220	577	877	897	1069	1231	0.375464	0.178253	0.074796	0.187882	0.183604	
0.018266	577	877	897	1069	1231	0.368937	0.180569	0.076915	0.188500	0.185079	
0.018311	577	877	897	1069	1231	0.362409	0.182886	0.079034	0.189118	0.186553	
0.018357	577	877	897	1069	1231	0.355882	0.185202	0.081153	0.189735	0.188027	
0.018402	577	877	897	1069	1231	0.349355	0.187519	0.083272	0.190353	0.189501	
0.018448	577	877	897	1069	1231	0.342827	0.189836	0.085391	0.190971	0.190976	
0.018493	577	877	897	1069	1231	0.336300	0.192152	0.087510	0.191588	0.192450	
0.018538	577	877	897	1069	1231	0.329772	0.194469	0.089629	0.192206	0.193924	
0.018584	577	877	897	1069	1231	0.323245	0.196785	0.091748	0.192823	0.195398	
0.018629	577	877	897	1069	1231	0.316717	0.199102	0.093867	0.193441	0.196872	
0.018675	577	877	897	1069	1231	0.310190	0.201419	0.095986	0.194059	0.198347	
0.018720	577	877	897	1069	1231	0.303662	0.203735	0.098105	0.194676	0.199821	
0.018766	577	877	897	1069	1231	0.297135	0.206052	0.100224	0.195294	0.201295	
0.018811	577	877	897	1069	1231	0.290608	0.208369	0.102343	0.195911	0.202769	
0.018857	577	877	897	1069	1231	0.284080	0.210685	0.104462	0.196529	0.204244	
0.018902	577	877	897	1069	1231	0.277553	0.213002	0.106581	0.197147	0.205718	
0.018947	577	877	897	1069	1231	0.271025	0.215318	0.108700	0.197764	0.207192	
0.018993	577	877	897	1069	1231	0.264498	0.217635	0.110819	0.198382	0.208666	
0.019038	577	877	897	1069	1231	0.257970	0.219952	0.112938	0.199000	0.210140	
0.019084	577	877	897	1069	1231	0.251443	0.222268	0.115057	0.199617	0.211615	
0.019129	577	877	897	1069	1231	0.244916	0.224585	0.117176	0.200235	0.213089	
0.019175	577	877	897	1069	1231	0.238388	0.226901	0.119295	0.200852	0.214563	
0.019220	577	877	897	1069	1231	0.231861	0.229218	0.121414	0.201470	0.216037	
0.019266	577	877	897	1069	1231	0.225333	0.231535	0.123533	0.202088	0.217512	
0.019311	577	877	897	1069	1231	0.218806	0.233851	0.125652	0.202705	0.218986	
0.019356	577	877	897	1069	1231	0.212278	0.236168	0.127771	0.203323	0.220460	
0.019402	577	877	897	1069	1231	0.205751	0.238485	0.129890	0.203940	0.221934	
0.019447	577	877	897	1069	1231	0.199223	0.240801	0.132009	0.204558	0.223409	
0.019493	577	877	897	1069	1231	0.192696	0.243118	0.134128	0.205176	0.224883	
0.019538	577	877	897	1069	1231	0.186169	0.245434	0.136247	0.205793	0.226357	
0.019584	577	877	897	1069	1231	0.179641	0.247751	0.138366	0.206411	0.227831	
0.019629	577	877	897	1069	1231	0.173114	0.250068	0.140485	0.207029	0.229305	
0.019674	577	877	897	1069	1231	0.166586	0.252384	0.142604	0.207646	0.230780	
0.019720	577	877	897	1069	1231	0.160059	0.254701	0.144723	0.208264	0.232254	
0.019765	577	877	897	1069	1231	0.153531	0.257017	0.146842	0.208881	0.233728	
0.019811	577	877	897	1069	1231	0.147004	0.259334	0.148961	0.209499	0.235202	
0.019856	577	877	897	1069	1231	0.140477	0.261651	0.151080	0.210117	0.236677	
0.019902	577	877	897	1069	1231	0.133949	0.263967	0.153199	0.210734	0.238151	
0.019947	577	877	897	1069	1231	0.127422	0.266284	0.155318	0.211352	0.239625	
0.019993	577	877	897	1069	1231	0.120894	0.268601	0.157437	0.211969	0.241099	
0.020038	577	877	897	1069	1231	0.114367	0.270917	0.159556	0.212587	0.242573	
0.020083	577	877	897	1069	1231	0.107839	0.273234	0.161674	0.213205	0.244048	
0.020129	577	877	897	1069	1231	0.101312	0.275550	0.163793	0.213822	0.245522	
0.020174	577	877	897	1069	1231	0.094784	0.277867	0.165912	0.214440	0.246996	
0.020220	577	877	897	1069	1231	0.088257	0.280184	0.168031	0.215058	0.248470	
0.020265	877	897	1069	1231	1560	0.257609	0.088826	0.255181	0.298035	0.100349	
0.020311	877	897	1069	1231	1560	0.258609	0.096631	0.252210	0.292701	0.099849	
0.020356	877	897	1069	1231	1560	0.259608	0.104437	0.249239	0.287367	0.099350	
0.020402	877	897	1069	1231	1560	0.260607	0.112242	0.246268	0.282033	0.098850	
0.020447	877	897	1069	1231	1560	0.261606	0.120048	0.243297	0.276699	0.098350	
0.020492	877	897	1069	1231	1560	0.262605	0.127853	0.240326	0.271365	0.097850	
0.020538	877	897	1069	1231	1560	0.263604	0.135659	0.237355	0.266031	0.097350	
0.020583	877	897	1069	1231	1934	0.280124	0.104042	0.220938	0.295232	0.099664	
0.020629	877	897	1069	1231	1934	0.279821	0.109803	0.217177	0.289552	0.103646	
0.020674	877	897	1069	1231	1934	0.279519	0.115563	0.213417	0.283873	0.107629	
0.020720	877	897	1069	1231	1934	0.279216	0.121323	0.209657	0.278193	0.111611	
0.020765	877	897	1069	1231	1934	0.278913	0.127083	0.205897	0.272513	0.115593	
0.020811	877	897	1069	1231	1934	0.278610	0.132844	0.202137	0.266834	0.119575	
0.020856	877	897	1069	1231	1934	0.278308	0.138604	0.198377	0.261154	0.123557	
0.020901	877	897	1069	1231	1934	0.278005	0.144364	0.194616	0.255475	0.127540	
0.020947	877	897	1069	1231	1934	0.277702	0.150124	0.190856	0.249795	0.131522	
0.020992	877	897	1069	1231	1934	0.277400	0.155885	0.187096	0.244116	0.135504	
0.021038	877	897	1069	1231	1934	0.277097	0.161645	0.183336	0.238436	0.139486	
0.021083	877	897	1069	1231	1934	0.276794	0.167405	0.179576	0.232756	0.143468	
0.021129	877	897	1069	1231	1934	0.276492	0.173165	0.175816	0.227077	0.147450	
0.021174	877	897	1069	1231	1934	0.276189	0.178926	0.172055	0.221397	0.151433	
0.021220	877	897	1069	1231	1934	0.275886	0.184686	0.168295	0.215718	0.155415	
0.021265	877	897	1069	1231	1934	0.275584	0.190446	0.164535	0.210038	0.159397	
0.021310	877	897	1069	1231	1934	0.275281	0.196207	0.160775	0.204359	0.163379	
0.021356	877	897	1069	1231	1934	0.274978	0.201967	0.157015	0.198679	0.167361	
0.021401	877	897	1069	1231	1934	0.274676	0.207727	0.153255	0.192999	0.171343	
0.021447	877	897	1069	1231	1934	0.274373	0.213487	0.149494	0.187320	0.175326	
0.021492	877	897	1069	1231	1934	0.274070	0.219248	0.145734	0.181640	0.179308	
0.021538	877	897	1069	1231	1934	0.273767	0.225008	0.141974	0.175961	0.183290	
0.021583	877	897	1069	1579	1934	0.318737	0.200590	0.219333	0.098135	0.163205	
0.021629	877	897	1069	1579	1934	0.315120	0.205689	0.212696	0.099882	0.166612	
0.021674	877	897	1069	1579	1934	0.311504	0.210789	0.206058	0.101630	0.170019	
0.021719	877	897	1069	1579	1934	0.307888	0.215888	0.199421	0.103378	0.173425	
0.021765	877	897	1069	1579	1934	0.304272	0.220987	0.192783	0.105126	0.176832	
0.021810	877	897	1069	1579	1934	0.300656	0.226087	0.186146	0.106873	0.180239	
0.021856	877	897	1069	1579	1934	0.297040	0.231186	0.179508	0.108621	0.183645	
0.021901	877	897	1069	1579	1934	0.293424	0.236285	0.172871	0.110369	0.187052	
0.021947	877	897	1069	1579	1934	0.289807	0.241385	0.166233	0.112116	0.190459	
0.021992	877	897	1069	1579	1934	0.286191	0.246484	0.159596	0.113864	0.193865	
0.022038	877	897	1069	1579	1934	0.282575	0.251583	0.152958	0.115612	0.197272	
0.022083	877	897	1069	1579	1934	0.278959	0.256683	0.146321	0.117359	0.200679	
0.022128	877	897	1069	1579	1934	0.275343	0.261782	0.139683	0.119107	0.204085	
0.022174	877	897	1069	1579	1934	0.271727	0.266881	0.133045	0.120855	0.207492	
0.022219	877	897	1560	1579	1934	0.292697	0.213098	0.129023	0.131270	0.233913	
0.022265	877	897	1560	1579	1934	0.284103	0.221188	0.126113	0.132719	0.235878	
0.022310	877	897	1560	1579	1934	0.275509	0.229277	0.123203	0.134167	0.237844	
0.022356	877	897	1560	1579	1934	0.266915	0.237367	0.120293	0.135615	0.239809	
0.022401	877	897	1560	1579	1934	0.258321	0.245457	0.117384	0.137064	0.241775	
0.022447	877	897	1560	1579	1934	0.249727	0.253547	0.114474	0.138512	0.243741	
0.022492	877	897	1560	1579	1934	0.241133	0.261636	0.111564	0.139961	0.245706	
0.022537	877	897	1560	1579	1934	0.232539	0.269726	0.108654	0.141409	0.247672	
0.022583	877	897	1560	1579	1934	0.223945	0.277816	0.105744	0.142858	0.249638	
0.022628	877	897	1560	1579	1934	0.215351	0.285906	0.102835	0.144306	0.251603	
0.022674	877	897	1560	1579	1934	0.206757	0.293995	0.099925	0.145755	0.253569	
0.022719	877	897	1560	1579	1934	0.198162	0.302085	0.097015	0.147203	0.255535	
0.022765	877	897	1560	1579	1934	0.189568	0.310175	0.094105	0.148651	0.257500	
0.022810	877	897	1560	1579	1934	0.180974	0.318265	0.091195	0.150100	0.259466	
0.022856	877	897	1560	1579	1934	0.172380	0.326354	0.088286	0.151548	0.261431	
0.022901	877	897	1560	1579	1934	0.163786	0.334444	0.085376	0.152997	0.263397	
0.022946	877	897	1560	1579	1934	0.155192	0.342534	0.082466	0.154445	0.265363	
0.022992	877	897	1560	1579	1934	0.146598	0.350623	0.079556	0.155894	0.267328	
0.023037	877	897	1560	1579	1934	0.138004	0.358713	0.076646	0.157342	0.269294	
0.023083	877	897	1560	1579	1934	0.129410	0.366803	0.073737	0.158791	0.271260	
0.023128	877	897	1560	1579	1934	0.120816	0.374893	0.070827	0.160239	0.273225	
0.023174	877	897	1560	1579	1934	0.112222	0.382982	0.067917	0.161687	0.275191	
0.023219	877	897	1560	1579	1934	0.103628	0.391072	0.065007	0.163136	0.277156	
0.023265	877	897	1560	1579	1934	0.095034	0.399162	0.062097	0.164584	0.279122	
0.023310	877	897	1560	1579	1934	0.086440	0.407252	0.059188	0.166033	0.281088	
0.023355	877	897	1560	1579	1934	0.077846	0.415341	0.056278	0.167481	0.283053	
0.023401	877	897	1560	1579	1934	0.069252	0.423431	0.053368	0.168930	0.285019	
0.023446	877	897	1560	1579	1934	0.060658	0.431521	0.050458	0.170378	0.286985	
0.023492	877	897	1560	1579	1934	0.052064	0.439611	0.047548	0.171826	0.288950	
0.023537	877	897	1560	1579	1934	0.043470	0.447700	0.044639	0.173275	0.290916	
0.023583	877	897	1560	1579	1934	0.034876	0.455790	0.041729	0.174723	0.292881	
0.023628	877	897	1560	1579	1934	0.026283	0.463880	0.038819	0.176172	0.294847	
0.023673	877	897	1560	1579	1934	0.017690	0.471970	0.035908	0.177620	0.296812	
0.023719	877	897	1560	1579	1934	0.010008	0.480318	0.032371	0.178839	0.298464	
0.023764	897	1560	1579	1934		0.488007	0.030434	0.180643	0.300916	
0.023810	897	1560	1579	1934		0.498535	0.021611	0.179932	0.299922	
0.023855	897	1560	1579	1934		0.509063	0.012788	0.179221	0.298928	
0.023901	897	1579	1934			0.516771	0.180810	0.302418	
0.023946	897	1579	1934			0.533574	0.174982	0.291444	
0.023992	897	1579	1934			0.550377	0.169153	0.280470	
0.024037	897	1579	1934			0.567179	0.163325	0.269496	
0.024082	897	1579	1934			0.583982	0.157496	0.258522	
0.024128	897	1579	1934			0.600784	0.151668	0.247548	
0.024173	897	1579	1934			0.617587	0.145839	0.236574	
0.024219	897	1579	1934			0.634390	0.140010	0.225600	
0.024264	897	1579	1934			0.651192	0.134182	0.214626	
0.024310	897	1579	1934			0.667995	0.128353	0.203652	
0.024355	897	1579	1934			0.684798	0.122525	0.192678	
0.024401	897	1579	1934			0.701600	0.116696	0.181704	
0.024446	897	1579	1934			0.718403	0.110868	0.170730	
0.024491	897	1579	1934			0.735206	0.105039	0.159755	
0.024537	897	1579	1934			0.752008	0.099210	0.148781	
0.024582	897	1579	1934			0.768811	0.093382	0.137807	
0.024628	897	1579	1934			0.785613	0.087553	0.126833	
0.024673	897	1579	1934			0.802416	0.081725	0.115859	
0.024719	897	1579	1934			0.819219	0.075896	0.104885	
0.024764	897	1579	1934			0.836021	0.070068	0.093911	
0.024810	897	1579	1934			0.852824	0.064239	0.082937	
0.024855	897	1579	1934			0.869627	0.058410	0.071963	
0.024900	897	1579	1934			0.886429	0.052582	0.060989	
0.024946	897	1579	1934			0.903232	0.046753	0.050015	
0.024991	897	1579	1934			0.920034	0.040925	0.039041	
0.025037	897	1579	1934			0.936837	0.035096	0.028067	
0.025082	897	1579	1934			0.953640	0.029267	0.017093	
0.025128	897	1579	1934			0.970488	0.019510	0.010002	
0.025173	897	1579				0.987302	0.012698	
