  1.4481400e-003
  9.7667362e-003
  3.4745046e-003
  3.1583380e-003
 -8.8388255e-003
 -4.5317647e-002
  7.5910682e-003
 -2.4803092e-002
  4.8861242e-002
 -1.0761431e-003
  1.6566517e-002
  1.3023102e-002
  1.2390738e-002
  2.1355255e-003
  7.5844370e-003
 -8.7098902e-003
  1.7756366e-002
 -3.0317374e-002
 -2.0920988e-004
 -3.0179028e-002
  3.3251822e-002
 -2.1926263e-002
 -4.7445082e-003
  7.7465796e-003
  3.3113366e-004
 -1.9388551e-002
 -4.5620042e-002
 -5.2045173e-003
 -9.6761905e-003
 -7.2318818e-003
  3.2083075e-002
  5.8317065e-003
 -4.2128051e-002
  1.4651634e-002
  2.3349890e-002
 -2.0265199e-003
  2.2838376e-002
  7.5000000e-003
 -2.9630711e-002
  3.3092659e-003
 -7.8460770e-003
 -4.6869491e-002
  1.8232263e-002
 -1.3572077e-002
  2.5334105e-002
  1.0596536e-002
 -1.3151214e-002
 -1.7700026e-002
  9.7428107e-003
 -2.8635161e-002
 -2.2963952e-003
 -4.3116369e-002
 -4.3520823e-002
  1.2223294e-002
 -4.5124946e-002
  1.5581037e-002
 -4.1706387e-003
  4.7564916e-003
 -4.1920981e-002
 -1.6159607e-002
 -4.0683534e-002
  4.3627144e-002
  5.2057042e-002
 -5.0380855e-003
  2.1188740e-002
  3.8959889e-003
  1.5111869e-002
 -2.3315087e-002
  1.9631101e-002
 -4.4032108e-002
  1.0800122e-002
 -4.4273890e-002
 -2.5571582e-002
 -3.5162562e-002
 -2.1973605e-002
 -2.2501541e-002
 -3.0307277e-002
  1.5320133e-002
  1.9964413e-002
 -1.8526918e-002
  3.4091717e-002
 -1.0691327e-002
 -2.3907151e-002
  2.4884300e-002
 -4.2446768e-002
  2.9201582e-002
 -1.7446779e-002
 -2.5935359e-002
 -4.5775945e-002
 -2.1620161e-001
  6.5783643e-002
 -8.1589282e-002
  7.4852860e-002
  2.5459821e-002
 -4.9290311e-002
 -1.1031636e-001
  7.8346733e-002
 -1.0092569e-001
  6.7119323e-002
  2.6546365e-002
 -2.7485648e-002
  4.2367569e-002
  7.0164887e-003
 -6.9178321e-002
 -7.5923649e-002
  3.7667072e-002
  2.7880004e-002
 -3.8136053e-002
 -1.2413287e-001
 -1.5969092e-002
 -1.5619683e-001
  7.0492439e-002
  8.2874529e-002
  9.3323522e-002
  3.4081870e-002
  3.0059172e-002
  6.3304228e-002
  7.6175041e-003
  2.8202241e-002
  6.9458205e-002
 -4.6857477e-002
  2.3480663e-002
 -6.1478483e-003
  1.4388453e-002
  1.0614722e-002
 -5.0833489e-002
 -2.6695266e-002
  5.8784483e-003
 -5.8345915e-002
  8.1045019e-002
  4.5564395e-002
  2.0549372e-002
  4.0178853e-002
  7.0179701e-003
  1.5965739e-002
  3.5439454e-002
 -2.0196273e-002
  3.7124234e-002
  1.9301802e-002
 -1.6236587e-002
 -1.9469586e-002
  4.9340261e-002
  1.6057651e-002
 -3.0295251e-002
 -5.8081347e-002
  2.2180115e-002
  3.2577075e-002
 -3.3177004e-002
 -1.3610700e-002
  3.2456215e-002
 -2.2441769e-002
  2.7173549e-003
  2.8332532e-002
  6.0279284e-003
  2.4203816e-002
 -1.4237058e-002
 -3.8526591e-002
 -2.9754783e-002
 -4.9341670e-002
  1.0568844e-002
  3.5006822e-002
 -3.2334664e-002
  5.7422763e-002
  1.2887095e-002
  5.4109868e-003
  1.6599595e-002
  6.1914941e-003
 -4.4297552e-003
 -4.1854406e-003
 -1.2222261e-002
 -5.1196867e-002
 -1.2597333e-001
  4.9612123e-002
 -1.6394354e-002
  9.7651733e-004
 -3.8057291e-002
  4.9405648e-002
  5.5543405e-002
 -3.8096982e-002
 -4.4480180e-002
  7.3671738e-002
 -1.5528102e-002
  2.1978076e-002
  2.0262957e-002
  2.9921604e-003
 -2.8992862e-002
 -2.9438485e-002
 -2.6672706e-003
  4.1498675e-002
  9.3653555e-003
 -1.5129697e-002
  4.3717711e-003
 -1.0500929e-002
  1.7625164e-002
  1.5011542e-002
  2.2504772e-002
 -3.9747031e-003
 -1.1929736e-002
 -1.7216568e-002
 -2.7220617e-003
 -4.4711670e-002
  1.3933472e-002
  1.8214982e-002
 -2.0407765e-002
  3.5128456e-002
 -2.8925302e-002
  1.8281590e-002
  4.4688712e-002
  2.9529219e-002
 -3.1094696e-003
  2.6923828e-002
  3.4087744e-003
  1.6029821e-002
 -3.0760224e-002
 -9.4542656e-003
 -1.2439923e-002
 -3.0457851e-002
  3.7170179e-002
 -7.8235160e-004
  1.9182622e-002
 -2.5364908e-002
 -4.8576391e-004
  2.7844132e-002
 -2.0706575e-002
 -8.6317631e-003
 -2.4232344e-002
 -1.9117668e-002
 -1.0081177e-003
 -3.3272625e-002
 -1.0289549e-003
 -4.6893038e-002
  7.1137702e-002
 -7.1506556e-002
 -3.1469981e-002
  5.4779300e-002
 -5.2792494e-002
 -1.3116195e-001
 -7.9483513e-003
 -8.0957416e-002
  1.3538963e-002
  1.7621622e-002
 -6.9093275e-002
  3.7602887e-002
 -6.0663761e-002
  8.5723276e-002
  4.6689538e-002
  4.8985769e-002
 -1.0632486e-002
  3.3326094e-002
 -7.8487534e-002
  2.8169289e-002
 -3.4616067e-002
 -8.5028163e-002
  1.1040079e-001
  5.0400295e-004
 -5.8880515e-002
  3.4435432e-002
  1.0415285e-003
 -2.9430671e-002
  2.4956301e-002
  4.1369387e-002
  2.0138049e-002
  3.0896287e-002
 -4.7811382e-003
  1.1380722e-002
 -3.6078611e-003
  2.5170584e-002
 -2.5043633e-002
  3.6561241e-002
 -3.4920412e-002
 -3.0639604e-002
 -4.7815721e-002
 -5.6289432e-002
  2.9457850e-003
  2.6184227e-002
 -5.8211369e-002
  9.1029270e-003
 -7.0941881e-002
  8.1156266e-003
 -3.1532216e-002
  5.5376766e-002
 -4.0757131e-003
  2.0320073e-002
  4.4763884e-002
 -3.7991089e-002
 -1.2671041e-003
 -4.7212115e-002
  4.0536611e-002
  3.8832381e-002
  2.9996673e-002
  3.9598312e-002
 -1.6132551e-002
  1.4770811e-002
  6.6871958e-002
  3.1911262e-002
 -3.8094608e-002
 -5.5987393e-002
  5.1696498e-002
 -2.2946297e-002
  2.2589109e-002
 -1.7488006e-002
  1.1831966e-002
 -3.7306665e-002
 -2.1421514e-002
  5.2511477e-002
  1.1019513e-002
 -6.8951557e-003
  1.3306411e-002
  2.6772525e-002
 -3.7100527e-003
  4.2179262e-002
  3.1993302e-002
  2.9538806e-003
  9.8438541e-003
 -2.3015869e-002
 -3.9748483e-002
 -8.4603590e-003
 -1.5555070e-002
 -3.4367627e-002
  3.3721628e-002
 -8.8126389e-003
 -9.7751102e-004
 -4.4049734e-002
 -5.7566808e-003
  3.4733515e-002
 -1.2230594e-003
  5.1038018e-002
  2.1557240e-002
 -3.5042518e-003
