0.002806897017	0.00017708	0.00014141	0.00011468	0.00010013	8.9251e-005	8.141e-005	7.5946e-005	7.1667e-005	6.8325e-005	5.290282174e-005
0.002834448214	0.00017715	0.0001407	0.00011504	0.00010056	8.9322e-005	8.1511e-005	7.6169e-005	7.1804e-005	6.8361e-005	5.290635054e-005
0.002861999412	0.00017735	0.00014009	0.00011537	0.00010048	8.9377e-005	8.1644e-005	7.6099e-005	7.1931e-005	6.8423e-005	5.291706215e-005
0.002889550609	0.00017767	0.00013956	0.00011547	0.00010009	8.9247e-005	8.1809e-005	7.6068e-005	7.2068e-005	6.851e-005	5.293499907e-005
0.002917101806	0.00017812	0.00013913	0.00011561	9.9744e-005	8.9159e-005	8.2006e-005	7.6076e-005	7.2016e-005	6.8623e-005	5.296451402e-005
0.002944653003	0.00017869	0.00013879	0.00011572	9.9445e-005	8.9112e-005	8.2235e-005	7.6122e-005	7.1901e-005	6.8761e-005	5.299598409e-005
0.0029722042	0.00017939	0.00013854	0.00011581	9.9191e-005	8.9107e-005	8.2347e-005	7.6184e-005	7.1822e-005	6.8926e-005	5.303577044e-005
0.002999755397	0.00018021	0.00013838	0.00011589	9.898e-005	8.9143e-005	8.2204e-005	7.6224e-005	7.1778e-005	6.9115e-005	5.308252428e-005
0.003027306595	0.00018115	0.00013831	0.00011601	9.8815e-005	8.922e-005	8.2099e-005	7.63e-005	7.177e-005	6.9331e-005	5.313959442e-005
0.003054857792	0.00018222	0.00013833	0.00011617	9.8694e-005	8.93e-005	8.2034e-005	7.6412e-005	7.1797e-005	6.9482e-005	5.32050655e-005
0.003082408989	0.00018341	0.00013845	0.00011639	9.8617e-005	8.9386e-005	8.2008e-005	7.6561e-005	7.186e-005	6.9612e-005	5.327939251e-005
0.003109960186	0.00018473	0.00013866	0.00011665	9.8585e-005	8.9512e-005	8.2021e-005	7.6745e-005	7.1958e-005	6.9692e-005	5.336346707e-005
0.003137511383	0.00019265	0.00013896	0.00011696	9.8597e-005	8.9679e-005	8.2073e-005	7.6906e-005	7.2091e-005	6.9699e-005	5.345721305e-005
0.003165062581	0.00019429	0.00013935	0.00011731	9.8654e-005	8.9885e-005	8.2165e-005	7.6948e-005	7.226e-005	6.972e-005	5.35607749e-005
0.003192613778	0.00019604	0.00013983	0.00011753	9.8755e-005	9.0131e-005	8.2295e-005	7.703e-005	7.2465e-005	6.9772e-005	5.367334055e-005
0.003220164975	0.0001979	0.00014041	0.0001169	9.8901e-005	9.0417e-005	8.2465e-005	7.715e-005	7.2705e-005	6.9855e-005	5.379375445e-005
0.003247716172	0.00019986	0.00014036	0.00011634	9.9091e-005	9.0744e-005	8.2674e-005	7.731e-005	7.2981e-005	6.9969e-005	5.392350685e-005
0.003275267369	0.00020193	0.00014011	0.00011584	9.9326e-005	9.111e-005	8.2922e-005	7.7508e-005	7.3292e-005	7.0114e-005	5.405764783e-005
0.003302818567	0.0002041	0.00013992	0.00011541	9.9606e-005	9.1516e-005	8.3209e-005	7.7746e-005	7.3638e-005	7.029e-005	5.420265916e-005
0.003330369764	0.00020638	0.00013979	0.00011503	9.9929e-005	9.1963e-005	8.3536e-005	7.8021e-005	7.3948e-005	7.0498e-005	5.435452086e-005
0.003357920961	0.00020877	0.00013972	0.00011471	0.0001003	9.203e-005	8.3901e-005	7.8106e-005	7.4025e-005	7.0736e-005	5.45157601e-005
0.003385472158	0.00021126	0.00013971	0.00011445	0.00010071	9.2015e-005	8.4306e-005	7.8223e-005	7.4134e-005	7.1005e-005	5.468324812e-005
0.003413023355	0.00021386	0.00013977	0.00011425	0.00010117	9.2049e-005	8.4562e-005	7.8372e-005	7.4276e-005	7.1305e-005	5.486127781e-005
0.003440574552	0.00021656	0.00013989	0.00011411	0.00010167	9.2134e-005	8.4844e-005	7.8553e-005	7.4449e-005	7.1547e-005	5.504404823e-005
0.00346812575	0.00021937	0.00014007	0.00011404	0.00010222	9.227e-005	8.5159e-005	7.8766e-005	7.4655e-005	7.1682e-005	5.52349253e-005
0.003495676947	0.00022078	0.00014031	0.00011402	0.00010281	9.2455e-005	8.5507e-005	7.9012e-005	7.4893e-005	7.1848e-005	5.543455841e-005
0.003523228144	0.00021989	0.00014061	0.00011407	0.00010315	9.2691e-005	8.5888e-005	7.929e-005	7.5164e-005	7.2046e-005	5.564216035e-005
0.003550779341	0.00021956	0.00014098	0.00011417	0.00010354	9.2978e-005	8.6118e-005	7.96e-005	7.5466e-005	7.2275e-005	5.585772706e-005
0.003578330538	0.00021977	0.0001414	0.00011434	0.00010397	9.3314e-005	8.6341e-005	7.9942e-005	7.5801e-005	7.2536e-005	5.608161977e-005
0.003605881736	0.00022053	0.00014189	0.00011456	0.00010446	9.3701e-005	8.6385e-005	8.0316e-005	7.6168e-005	7.2829e-005	5.631337927e-005
0.003633432933	0.00022184	0.00014244	0.00011485	0.00010469	9.4139e-005	8.646e-005	8.0723e-005	7.6567e-005	7.3153e-005	5.655262246e-005
0.00366098413	0.00022115	0.00014305	0.0001152	0.00010485	9.4569e-005	8.6576e-005	8.1162e-005	7.6998e-005	7.3508e-005	5.679960905e-005
0.003688535327	0.00021891	0.00014373	0.0001156	0.00010506	9.4981e-005	8.6733e-005	8.1633e-005	7.7461e-005	7.3895e-005	5.705266755e-005
0.003716086524	0.00021689	0.00014446	0.00011607	0.00010534	9.5429e-005	8.6932e-005	8.2136e-005	7.7957e-005	7.4314e-005	5.731352953e-005
0.003743637721	0.0002151	0.00014526	0.0001166	0.00010567	9.5912e-005	8.7172e-005	8.2671e-005	7.8484e-005	7.4764e-005	5.758178328e-005
0.003771188919	0.00021353	0.00014612	0.00011719	0.00010607	9.643e-005	8.7454e-005	8.3239e-005	7.8888e-005	7.5246e-005	5.7856007e-005
0.003798740116	0.0002122	0.00014704	0.00011784	0.00010652	9.6889e-005	8.7778e-005	8.3838e-005	7.9268e-005	7.5759e-005	5.813682888e-005
0.003826291313	0.00021109	0.00014802	0.00011855	0.00010674	9.7302e-005	8.8143e-005	8.4298e-005	7.9682e-005	7.6304e-005	5.842455599e-005
0.00385384251	0.00022527	0.00014907	0.00011932	0.00010692	9.7578e-005	8.855e-005	8.4443e-005	8.013e-005	7.6742e-005	5.871553566e-005
0.003881393707	0.00022249	0.00015017	0.00012015	0.00010715	9.7746e-005	8.8998e-005	8.4655e-005	8.0612e-005	7.7062e-005	5.901215221e-005
0.003908944905	0.00019656	0.00015134	0.00012104	0.00010742	9.7959e-005	8.9487e-005	8.4934e-005	8.1128e-005	7.7408e-005	5.931482652e-005
0.003936496102	0.00019094	0.00015257	0.00012124	0.00010774	9.8218e-005	9.0019e-005	8.5279e-005	8.1607e-005	7.7792e-005	5.962277996e-005
0.003964047299	0.00020563	0.00015222	0.00012113	0.00010811	9.8523e-005	9.0591e-005	8.5692e-005	8.2077e-005	7.8211e-005	5.993596362e-005
0.003991598496	0.00022992	0.00015417	0.00012121	0.00010852	9.8874e-005	9.1206e-005	8.6171e-005	8.259e-005	7.8668e-005	6.025526981e-005
0.004019149693	0.00023192	0.00015558	0.00012145	0.00010873	9.9272e-005	9.1695e-005	8.6716e-005	8.3103e-005	7.9161e-005	6.057979624e-005
0.004046700891	0.00020035	0.00015674	0.00012187	0.0001091	9.9276e-005	9.2237e-005	8.7329e-005	8.3554e-005	7.9691e-005	6.090989913e-005
0.004074252088	0.00022308	0.00015802	0.00012247	0.00010951	9.8935e-005	9.2846e-005	8.784e-005	8.3982e-005	8.0119e-005	6.124565741e-005
0.004101803285	0.00023464	0.00015555	0.00012323	0.00010927	9.8731e-005	9.3522e-005	8.8327e-005	8.4312e-005	8.0415e-005	6.158697855e-005
0.004129354482	0.00023294	0.00015278	0.00012418	0.00010916	9.8662e-005	9.3585e-005	8.8861e-005	8.4687e-005	8.0754e-005	6.193451993e-005
0.004156905679	0.00022613	0.00015074	0.00012529	0.00010919	9.873e-005	9.3759e-005	8.9289e-005	8.5105e-005	8.1137e-005	6.228715195e-005
0.004184456876	0.00021946	0.00014941	0.0001245	0.00010936	9.8933e-005	9.4068e-005	8.9791e-005	8.5507e-005	8.1564e-005	6.264499965e-005
0.004212008074	0.00021088	0.0001488	0.00012428	0.00010966	9.9273e-005	9.4512e-005	9.0264e-005	8.582e-005	8.2034e-005	6.300838464e-005
0.004239559271	0.0002035	0.00014886	0.00012478	0.0001101	9.9749e-005	9.509e-005	9.0593e-005	8.6134e-005	8.2181e-005	6.337740644e-005
0.004267110468	0.00019732	0.00014598	0.000126	0.00011068	0.00010036	9.5746e-005	9.1049e-005	8.6541e-005	8.2308e-005	6.375216556e-005
0.004294661665	0.00019235	0.0001442	0.00012793	0.00011139	0.00010111	9.6289e-005	9.1634e-005	8.7043e-005	8.2492e-005	6.413259602e-005
0.004322212862	0.00018858	0.00014352	0.00013059	0.00011224	0.00010199	9.6848e-005	9.2328e-005	8.7639e-005	8.2732e-005	6.451860951e-005
0.00434976406	0.000186	0.00014393	0.00013092	0.00011281	0.00010301	9.7533e-005	9.2808e-005	8.8258e-005	8.3029e-005	6.49101192e-005
0.004377315257	0.00018463	0.00014545	0.00012991	0.00011237	0.00010417	9.781e-005	9.3348e-005	8.8327e-005	8.3383e-005	6.530718715e-005
0.004404866454	0.00018447	0.00014806	0.00012904	0.00011221	0.0001053	9.7985e-005	9.3254e-005	8.8496e-005	8.3793e-005	6.57102638e-005
0.004432417651	0.0001855	0.00015178	0.00012845	0.00011233	0.00010555	9.8422e-005	9.3233e-005	8.8887e-005	8.426e-005	6.611849579e-005
0.004459968848	0.00018774	0.00015613	0.00012817	0.00011272	0.00010606	9.9122e-005	9.3455e-005	8.9501e-005	8.4783e-005	6.653195749e-005
0.004487520045	0.00019117	0.00015787	0.00012817	0.00011339	0.00010658	9.9716e-005	9.3917e-005	8.993e-005	8.5363e-005	6.69502313e-005
0.004515071243	0.00019581	0.00015995	0.00012847	0.00011434	0.00010739	9.9996e-005	9.4621e-005	9.0418e-005	8.6e-005	6.737466801e-005
0.00454262244	0.00020165	0.00016001	0.00012906	0.00011557	0.00010815	0.00010053	9.5566e-005	9.1151e-005	8.6693e-005	6.78040451e-005
0.004570173637	0.00020869	0.00015845	0.00012951	0.00011707	0.00010912	0.00010133	9.6679e-005	9.1497e-005	8.7443e-005	6.823941025e-005
0.004597724834	0.0002152	0.00015728	0.0001301	0.00011885	0.00011035	0.00010238	9.7221e-005	9.1573e-005	8.7784e-005	6.868016362e-005
0.004625276031	0.00021968	0.0001565	0.00013103	0.00012068	0.00011095	0.00010328	9.7768e-005	9.1779e-005	8.8056e-005	6.912633136e-005
0.004652827229	0.00022093	0.00015611	0.0001323	0.00012115	0.00011143	0.00010385	9.8074e-005	9.2113e-005	8.8456e-005	6.957810592e-005
0.004680378426	0.0002226	0.00015612	0.0001339	0.00012189	0.00011192	0.00010445	9.8509e-005	9.2577e-005	8.8984e-005	7.003644646e-005
0.004707929623	0.00022468	0.00015653	0.00013584	0.00012264	0.00011242	0.00010507	9.9073e-005	9.317e-005	8.9641e-005	7.050100008e-005
0.00473548082	0.00022268	0.00015732	0.00013812	0.00012264	0.00011365	0.00010601	9.9576e-005	9.3891e-005	9.0426e-005	7.096570527e-005
0.004763032017	0.00023009	0.00015851	0.00013865	0.0001228	0.00011431	0.00010647	0.00010009	9.4742e-005	9.1128e-005	7.14401297e-005
0.004790583215	0.00023342	0.00016009	0.00013935	0.00012311	0.00011505	0.00010707	0.00010074	9.5722e-005	9.1719e-005	7.192028037e-005
0.004818134412	0.00023716	0.00016207	0.00014042	0.00012358	0.00011386	0.00010687	0.00010092	9.6621e-005	9.2264e-005	7.240865597e-005
0.004845685609	0.00023895	0.00016444	0.00014186	0.00012421	0.00011429	0.00010723	0.00010145	9.7097e-005	9.2756e-005	7.290058322e-005
0.004873236806	0.00024589	0.00016721	0.00014367	0.00012499	0.00011477	0.00010764	0.00010202	9.7567e-005	9.3104e-005	7.339792232e-005
0.004900788003	0.00024601	0.00017036	0.00014572	0.00012593	0.00011529	0.00010809	0.0001025	9.8061e-005	9.3467e-005	7.39014306e-005
0.0049283392	0.00024269	0.00017392	0.00014651	0.00012702	0.00011585	0.00010857	0.00010326	9.8632e-005	9.3865e-005	7.441159436e-005
0.004955890398	0.0002477	0.00017729	0.00014723	0.00012803	0.00011816	0.00011124	0.00010327	9.917e-005	9.43e-005	7.492803372e-005
0.004983441595	0.00025373	0.00017992	0.00014745	0.00012891	0.000119	0.00011177	0.00010471	9.9744e-005	9.477e-005	7.545066357e-005
0.005010992792	0.00025216	0.00018058	0.00014773	0.00012954	0.00011972	0.00011241	0.00010531	0.00010033	9.5276e-005	7.597978719e-005
0.005038543989	0.00024777	0.00018099	0.00014813	0.00012998	0.00012052	0.00011273	0.00010476	0.00010082	9.5818e-005	7.651557582e-005
0.005066095186	0.00024452	0.00018144	0.00014867	0.00013055	0.00012127	0.00011301	0.00010534	0.00010126	9.6395e-005	7.705764888e-005
0.005093646384	0.00024242	0.00018194	0.00014932	0.00013125	0.00012183	0.00011336	0.00010597	0.00010172	9.7009e-005	7.76050294e-005
0.005121197581	0.00024146	0.00018249	0.0001501	0.00013197	0.00012242	0.00011378	0.00010664	0.00010223	9.7658e-005	7.81601805e-005
0.005148748778	0.00024164	0.00018309	0.00015101	0.00013252	0.00012289	0.00011425	0.00010735	0.00010278	9.8343e-005	7.87224212e-005
0.005176299975	0.00024297	0.00018374	0.00015205	0.0001331	0.00012295	0.00011452	0.00010811	0.00010334	9.9064e-005	7.929076156e-005
0.005203851172	0.00024544	0.00018443	0.0001532	0.00013372	0.00012309	0.00011467	0.00010864	0.00010387	9.9821e-005	7.986646833e-005
0.005231402369	0.00024905	0.00018518	0.00015449	0.00013438	0.0001233	0.0001149	0.00010917	0.00010441	0.00010047	8.04461206e-005
0.005258953567	0.00025381	0.00018597	0.00015495	0.00013508	0.00012359	0.0001152	0.00010976	0.00010497	0.00010098	8.103220284e-005
0.005286504764	0.00025586	0.00018681	0.00015544	0.00013581	0.00012396	0.00011559	0.00011043	0.00010555	0.00010148	8.162394173e-005
0.005314055961	0.00025796	0.0001877	0.00015598	0.00013659	0.00012441	0.00011606	0.00011116	0.00010611	0.00010202	8.22239732e-005
0.005341607158	0.00026018	0.00018863	0.00015656	0.00013739	0.00012493	0.00011661	0.0001115	0.00010661	0.00010259	8.283123821e-005
0.005369158355	0.00026253	0.00018962	0.00015719	0.00013824	0.00012553	0.00011723	0.00011192	0.00010712	0.0001032	8.343940162e-005
0.005396709553	0.00026501	0.00019065	0.00015787	0.00013912	0.0001262	0.00011794	0.00011242	0.00010766	0.00010379	8.405776197e-005
0.00542426075	0.00026585	0.00019173	0.00015859	0.00014004	0.00012696	0.00011872	0.00011298	0.00010823	0.00010429	8.468370501e-005
0.005451811947	0.00026596	0.00019286	0.00015936	0.000141	0.00012779	0.00011958	0.00011363	0.00010881	0.00010481	8.531356129e-005
0.005479363144	0.00026629	0.00019404	0.00016017	0.00014174	0.00012869	0.00012052	0.00011434	0.00010942	0.00010536	8.595133432e-005
0.005506914341	0.00026684	0.00019527	0.00016103	0.00014229	0.00012968	0.00012143	0.00011514	0.00011006	0.00010595	8.659827424e-005
0.005534465539	0.00026761	0.00019655	0.00016194	0.00014293	0.00013074	0.00012207	0.00011601	0.00011071	0.00010656	8.724648715e-005
0.005562016736	0.00026859	0.00019787	0.00016289	0.00014365	0.00013188	0.0001228	0.00011663	0.00011139	0.00010719	8.790389873e-005
0.005589567933	0.00026979	0.00019924	0.00016389	0.00014445	0.00013291	0.0001236	0.00011703	0.000112	0.00010775	8.856784363e-005
0.00561711913	0.0002712	0.00020066	0.00016494	0.00014534	0.00013352	0.00012448	0.00011747	0.00011257	0.00010826	8.92422221e-005
0.005644670327	0.00027284	0.00020213	0.00016603	0.00014632	0.00013402	0.00012544	0.00011795	0.00011317	0.0001088	8.991769936e-005
0.005672221524	0.00027408	0.00020365	0.00016717	0.00014738	0.00013451	0.00012643	0.00011845	0.00011375	0.00010937	9.060016957e-005
0.005699772722	0.00027521	0.00020522	0.00016836	0.00014852	0.00013507	0.00012724	0.00011899	0.00011423	0.00010997	9.129094624e-005
0.005727323919	0.00027639	0.00020683	0.00016959	0.00014975	0.0001357	0.00012778	0.00011955	0.00011473	0.0001106	9.198783414e-005
0.005754875116	0.00027762	0.00020847	0.00017087	0.00015106	0.0001364	0.00012836	0.00012015	0.00011527	0.00011126	9.269073473e-005
0.005782426313	0.00027889	0.00020938	0.0001722	0.00015245	0.00013717	0.00012896	0.00012078	0.00011584	0.00011195	9.339836199e-005
0.00580997751	0.00028022	0.00021034	0.00017357	0.00015393	0.00013802	0.0001296	0.00012144	0.00011644	0.00011266	9.411449114e-005
0.005837528708	0.0002816	0.00021134	0.00017499	0.0001555	0.00013893	0.00013026	0.00012214	0.00011707	0.00011341	9.48373597e-005
0.005865079905	0.00028302	0.00021239	0.00017645	0.00015642	0.00013992	0.00013096	0.00012286	0.00011773	0.00011419	9.556661075e-005
0.005892631102	0.0002845	0.0002135	0.00017796	0.00015738	0.00014098	0.00013152	0.00012362	0.00011843	0.00011499	9.630247935e-005
0.005920182299	0.00028603	0.00021465	0.00017952	0.00015839	0.00014186	0.00013213	0.00012441	0.00011915	0.00011583	9.704876621e-005
0.005947733496	0.0002876	0.00021585	0.00018112	0.00015939	0.00014237	0.00013276	0.00012523	0.00011991	0.00011669	9.779417304e-005
0.005975284693	0.00028923	0.00021709	0.00018277	0.00016029	0.00014291	0.00013343	0.00012608	0.0001207	0.00011759	9.855017524e-005
0.006002835891	0.0002909	0.00021839	0.00018438	0.00016112	0.00014349	0.0001341	0.00012696	0.00012152	0.00011851	9.931550878e-005
0.006030387088	0.00029263	0.00021974	0.00018553	0.0001619	0.0001441	0.00013467	0.00012788	0.00012237	0.0001194	0.0001000874984
0.006057938285	0.0002944	0.00022113	0.00018615	0.00016271	0.00014475	0.00013527	0.00012876	0.00012325	0.00012018	0.0001008595906
0.006085489482	0.00029623	0.00022245	0.00018679	0.00016356	0.00014544	0.00013591	0.00012958	0.00012416	0.00012098	0.0001016440545
0.006113040679	0.0002981	0.00022371	0.00018748	0.00016445	0.00014615	0.00013658	0.00013042	0.00012511	0.00012181	0.0001024404665
0.006140591877	0.00030002	0.000225	0.0001882	0.00016537	0.00014691	0.00013729	0.0001313	0.00012608	0.00012266	0.0001032423689
0.006168143074	0.000302	0.00022634	0.00018896	0.00016632	0.00014769	0.00013803	0.00013221	0.00012709	0.00012335	0.0001040476731
0.006195694271	0.00030402	0.00022772	0.00018975	0.00016731	0.00014852	0.00013881	0.00013315	0.00012813	0.00012404	0.000104872312
0.006223245468	0.00030609	0.00022914	0.00019058	0.00016834	0.00014937	0.00013962	0.00013397	0.000129	0.00012476	0.000105698039
0.006250796665	0.00030822	0.0002306	0.00019145	0.0001694	0.00015027	0.00014046	0.0001348	0.00012986	0.00012551	0.0001065374438
0.006278347863	0.00031039	0.0002321	0.00019235	0.0001705	0.00015119	0.00014134	0.00013564	0.00013074	0.00012627	0.0001073876864
0.00630589906	0.00031261	0.00023365	0.00019329	0.00017163	0.00015215	0.00014226	0.00013641	0.00013155	0.00012706	0.0001082488924
0.006333450257	0.00031488	0.00023523	0.00019426	0.0001728	0.00015315	0.00014321	0.0001372	0.00013228	0.00012788	0.0001091204141
0.006361001454	0.00031721	0.00023685	0.00019528	0.000174	0.00015418	0.00014411	0.00013803	0.00013303	0.0001287	0.0001100027541
0.006388552651	0.00031958	0.00023852	0.00019632	0.00017501	0.00015525	0.00014497	0.0001389	0.00013381	0.00012955	0.000110895857
0.006416103848	0.000322	0.00024022	0.00019741	0.00017592	0.00015635	0.00014587	0.00013979	0.00013461	0.00013042	0.0001117991828
0.006443655046	0.00032447	0.00024197	0.00019853	0.00017687	0.00015748	0.00014679	0.00014072	0.00013543	0.00013132	0.0001127134498
0.006471206243	0.00032699	0.00024376	0.00019969	0.00017785	0.00015865	0.00014775	0.00014168	0.00013628	0.00013224	0.0001136420351
0.00649875744	0.00032956	0.00024559	0.00020088	0.00017887	0.00015986	0.00014874	0.00014267	0.00013715	0.00013318	0.0001145745999
0.006526308637	0.00033218	0.00024746	0.00020211	0.00017992	0.0001611	0.00014977	0.00014354	0.00013804	0.00013415	0.0001155252471
0.006553859834	0.00033485	0.00024937	0.00020338	0.00018101	0.00016237	0.00015082	0.00014435	0.00013896	0.00013513	0.0001164818335
0.006581411032	0.00033757	0.00025132	0.00020468	0.00018214	0.00016368	0.00015191	0.00014519	0.00013991	0.00013613	0.0001174512885
0.006608962229	0.00034034	0.00025331	0.00020602	0.0001833	0.00016502	0.00015303	0.00014606	0.00014087	0.00013716	0.0001184357003
0.006636513426	0.00034316	0.00025535	0.00020739	0.00018449	0.0001664	0.00015419	0.00014695	0.00014186	0.0001382	0.000119427557
0.006664064623	0.00034603	0.00025742	0.00020881	0.00018573	0.00016782	0.00015538	0.00014788	0.00014288	0.00013928	0.0001204311897
0.00669161582	0.00034895	0.00025954	0.00021025	0.00018699	0.00016926	0.00015659	0.00014882	0.00014392	0.00014037	0.0001214472425
0.006719167017	0.00035192	0.00026169	0.00021174	0.0001883	0.00017075	0.00015785	0.00014979	0.00014498	0.00014149	0.000122475782
0.006746718215	0.00035494	0.00026389	0.00021326	0.0001894	0.00017226	0.00015913	0.00015079	0.00014607	0.00014263	0.0001235154768
0.006774269412	0.00035801	0.00026613	0.00021482	0.00019035	0.00017381	0.00016045	0.00015182	0.00014718	0.0001438	0.0001245674016
0.006801820609	0.00036112	0.00026841	0.00021641	0.00019132	0.00017452	0.0001618	0.00015287	0.00014832	0.00014499	0.0001256323487
0.006829371806	0.00036429	0.00027073	0.00021804	0.00019233	0.00017512	0.00016318	0.00015395	0.00014948	0.0001462	0.0001267068839
0.006856923003	0.00036751	0.00027309	0.00021971	0.00019336	0.00017578	0.00016444	0.00015505	0.00015066	0.00014744	0.0001277944728
0.006884474201	0.00037078	0.00027549	0.00022141	0.00019442	0.00017649	0.00016565	0.00015614	0.00015187	0.00014864	0.0001288936011
0.006912025398	0.00037409	0.00027793	0.00022315	0.00019551	0.00017727	0.00016688	0.00015725	0.00015309	0.00014972	0.0001300045621
0.006939576595	0.00037746	0.00028041	0.00022492	0.00019663	0.0001781	0.00016814	0.00015838	0.00015432	0.00015083	0.0001311272555
0.006967127792	0.00038088	0.00028294	0.00022674	0.00019777	0.00017899	0.00016942	0.00015954	0.00015557	0.00015195	0.0001322617884
0.006994678989	0.00038434	0.0002855	0.00022859	0.00019895	0.00017993	0.00017074	0.00016073	0.00015684	0.0001531	0.0001334081102
0.007022230187	0.00038786	0.00028794	0.00023047	0.00020015	0.00018094	0.00017207	0.00016194	0.00015812	0.00015428	0.0001345661152
0.007049781384	0.00039142	0.00028977	0.00023239	0.00020139	0.000182	0.00017344	0.00016318	0.0001594	0.00015548	0.0001357358942
0.007077332581	0.00039504	0.00029164	0.00023427	0.00020265	0.00018312	0.00017483	0.00016444	0.0001607	0.00015669	0.0001369174778
0.007104883778	0.0003987	0.00029355	0.00023594	0.00020394	0.00018429	0.00017625	0.00016573	0.00016199	0.00015792	0.0001381108306
0.007132434975	0.00040242	0.00029549	0.00023765	0.00020525	0.00018553	0.00017737	0.00016705	0.00016316	0.00015906	0.0001393187924
0.007159986172	0.00040618	0.00029746	0.0002394	0.0002066	0.00018682	0.00017851	0.00016839	0.00016433	0.00016022	0.0001405341844
0.00718753737	0.00041	0.00029947	0.00024117	0.00020798	0.00018817	0.00017971	0.00016975	0.00016552	0.00016141	0.0001417635436
0.007215088567	0.00041386	0.00030151	0.00024298	0.00020938	0.00018957	0.00018079	0.00017115	0.00016673	0.00016261	0.0001430051525
0.007242639764	0.00041778	0.00030359	0.00024481	0.00021082	0.00019104	0.00018169	0.00017257	0.00016793	0.00016384	0.0001442593079
0.007270190961	0.00042174	0.0003057	0.00024668	0.00021228	0.00019256	0.00018263	0.00017401	0.00016915	0.00016508	0.0001455258573
0.007297742158	0.00042575	0.00030785	0.00024859	0.00021377	0.00019414	0.00018361	0.00017548	0.00017039	0.00016635	0.000146805973
0.007325293356	0.00042982	0.00031004	0.00025043	0.00021529	0.00019577	0.00018463	0.00017698	0.00017166	0.00016763	0.0001480971788
0.007352844553	0.00043393	0.00031225	0.0002522	0.00021683	0.00019746	0.00018569	0.0001785	0.00017294	0.00016894	0.0001494023437
0.00738039575	0.00043809	0.00031451	0.00025402	0.00021841	0.00019922	0.0001868	0.00018005	0.00017424	0.00017027	0.0001507196099
0.007407946947	0.00044139	0.0003168	0.0002559	0.00022002	0.00020102	0.00018794	0.0001816	0.00017556	0.00017161	0.0001520496816
0.007435498144	0.0004441	0.00031912	0.00025784	0.00022165	0.00020289	0.00018912	0.00018306	0.00017691	0.00017298	0.0001533937664
0.007463049341	0.00044713	0.00032148	0.00025984	0.00022331	0.00020481	0.00019034	0.00018455	0.00017827	0.00017437	0.0001547477985
0.007490600539	0.00045048	0.00032387	0.00026189	0.000225	0.00020679	0.0001916	0.00018607	0.00017966	0.00017578	0.0001561163421
0.007518151736	0.00045415	0.0003263	0.00026401	0.00022672	0.00020883	0.00019291	0.00018741	0.00018106	0.00017712	0.000157498095
0.007545702933	0.00045814	0.00032876	0.00026618	0.00022847	0.00021093	0.00019425	0.00018857	0.00018249	0.0001784	0.0001588893122
0.00757325413	0.00046244	0.00033126	0.00026841	0.00023025	0.00021308	0.00019563	0.00018976	0.00018394	0.00017971	0.0001602950352
0.007600805327	0.00046707	0.00033379	0.00027069	0.00023205	0.00021514	0.00019705	0.00019098	0.0001854	0.00018105	0.0001617128337
0.007628356525	0.00047201	0.00033629	0.00027303	0.00023389	0.00021658	0.00019851	0.00019225	0.00018672	0.00018242	0.0001631438741
0.007655907722	0.00047727	0.00033713	0.00027544	0.00023575	0.00021806	0.00020002	0.00019355	0.00018806	0.00018382	0.0001645871602
0.007683458919	0.00048285	0.00033729	0.00027789	0.00023764	0.00021959	0.00020156	0.00019489	0.00018942	0.00018522	0.0001660444738
0.007711010116	0.00048875	0.00033755	0.00028032	0.00023956	0.00022115	0.00020314	0.00019626	0.00019082	0.00018656	0.0001675123112
0.007738561313	0.00049496	0.00033792	0.00028121	0.00024151	0.00022275	0.00020477	0.00019765	0.00019224	0.00018793	0.0001689939677
0.007766112511	0.00049892	0.00033838	0.00028221	0.00024349	0.0002244	0.00020643	0.00019895	0.00019368	0.00018931	0.000170489423
0.007793663708	0.000502	0.00033895	0.0002833	0.00024549	0.00022608	0.00020813	0.00020027	0.00019516	0.00019073	0.0001719978874
0.007821214905	0.00050515	0.00033961	0.00028449	0.00024753	0.0002278	0.00020987	0.00020162	0.00019667	0.00019212	0.0001735198217
0.007848766102	0.00050527	0.00034038	0.00028579	0.00024959	0.00022957	0.00021166	0.000203	0.00019808	0.00019355	0.0001750550299
0.007876317299	0.0005053	0.00034125	0.00028718	0.00025168	0.00023137	0.00021348	0.00020442	0.00019938	0.000195	0.0001766060166
0.007903868496	0.00050544	0.00034222	0.00028866	0.0002538	0.00023322	0.00021534	0.00020586	0.00020071	0.00019648	0.0001781663604
0.007931419694	0.00050568	0.00034329	0.00029025	0.00025595	0.0002351	0.00021725	0.00020734	0.00020207	0.00019798	0.0001797423553
0.007958970891	0.00050603	0.00034447	0.00029194	0.00025813	0.00023702	0.00021919	0.00020884	0.00020346	0.00019952	0.0001813331793
0.007986522088	0.00050648	0.00034574	0.00029372	0.00025992	0.00023899	0.00022117	0.00021038	0.00020488	0.00020108	0.0001829421272
0.008014073285	0.00050703	0.00034712	0.00029561	0.00026173	0.00024099	0.0002232	0.00021194	0.00020633	0.00020266	0.0001845647401
0.008041624482	0.00050768	0.0003486	0.00029759	0.00026359	0.00024304	0.00022526	0.00021354	0.00020781	0.00020418	0.0001861965644
0.00806917568	0.00050844	0.00035017	0.00029967	0.0002655	0.00024498	0.00022736	0.00021517	0.00020931	0.00020553	0.0001878488193
0.008096726877	0.0005093	0.00035185	0.00030185	0.00026745	0.00024623	0.00022951	0.00021683	0.00021085	0.0002069	0.0001895175724
0.008124278074	0.00051027	0.00035364	0.00030413	0.00026944	0.00024755	0.00023169	0.00021852	0.00021242	0.0002083	0.0001912007081
0.008151829271	0.00051134	0.00035552	0.0003065	0.00027148	0.00024893	0.00023347	0.00022024	0.00021401	0.00020973	0.0001928998953
0.008179380468	0.00051251	0.0003575	0.00030898	0.00027356	0.00025037	0.00023511	0.00022199	0.00021563	0.00021118	0.0001946153712
0.008206931665	0.00051379	0.00035959	0.00031155	0.00027557	0.00025188	0.00023677	0.00022377	0.00021729	0.00021266	0.0001963451979
0.008234482863	0.00051517	0.00036177	0.00031423	0.00027676	0.00025345	0.00023842	0.00022558	0.00021897	0.00021417	0.00019809156
0.00826203406	0.00051665	0.00036406	0.00031689	0.00027802	0.00025508	0.0002401	0.00022742	0.00022068	0.0002157	0.0001998531274
0.008289585257	0.00051823	0.00036645	0.00031866	0.00027935	0.00025678	0.00024182	0.00022929	0.00022242	0.00021725	0.0002016312016
0.008317136454	0.00051992	0.00036894	0.00032052	0.00028075	0.00025853	0.00024356	0.0002312	0.0002242	0.00021884	0.0002034251326
0.008344687651	0.00052172	0.00037153	0.00032212	0.00028221	0.00026036	0.00024534	0.00023313	0.000226	0.00022045	0.0002052347646
0.008372238849	0.00052361	0.00037422	0.00032312	0.00028375	0.00026224	0.00024715	0.00023509	0.00022783	0.00022208	0.0002070611342
0.008399790046	0.00052561	0.00037661	0.00032418	0.00028535	0.00026419	0.000249	0.00023709	0.00022968	0.00022374	0.0002089020013
0.008427341243	0.00052771	0.00037801	0.00032532	0.00028702	0.0002662	0.00025087	0.00023911	0.00023157	0.00022543	0.0002107588362
0.00845489244	0.00052992	0.00037951	0.00032653	0.00028877	0.00026827	0.00025277	0.00024117	0.00023349	0.00022714	0.0002126318236
0.008482443637	0.00053223	0.00038111	0.00032782	0.00029058	0.00027041	0.00025471	0.00024326	0.00023544	0.00022888	0.000214520785
0.008509994834	0.00053464	0.0003828	0.00032917	0.00029245	0.00027261	0.00025668	0.00024538	0.00023741	0.00023065	0.0002164265804
0.008537546032	0.00053716	0.00038459	0.0003306	0.0002944	0.00027433	0.00025868	0.00024752	0.0002393	0.00023244	0.000218348046
0.008565097229	0.00053978	0.00038648	0.0003321	0.00029642	0.00027609	0.00026071	0.0002497	0.00024096	0.00023425	0.0002202889058
0.008592648426	0.0005425	0.00038847	0.00033367	0.0002985	0.00027793	0.00026277	0.00025155	0.00024264	0.0002361	0.0002222432712
0.008620199623	0.00054533	0.00039055	0.00033532	0.00030022	0.00027982	0.00026487	0.00025338	0.00024436	0.00023796	0.0002242170429
0.00864775082	0.00054826	0.00039273	0.00033704	0.00030175	0.00028179	0.00026699	0.00025524	0.0002461	0.00023986	0.0002262081511
0.008675302018	0.00055129	0.00039501	0.00033883	0.00030334	0.00028381	0.00026904	0.00025713	0.00024787	0.00024178	0.0002282167112
0.008702853215	0.00055442	0.00039738	0.00034069	0.00030501	0.0002859	0.00027065	0.00025905	0.00024967	0.00024373	0.0002302443801
0.008730404412	0.00055766	0.00039986	0.00034263	0.00030674	0.00028806	0.00027231	0.0002609	0.0002515	0.0002457	0.0002322889381
0.008757955609	0.00056101	0.00040243	0.00034464	0.00030854	0.00029028	0.00027403	0.00026265	0.00025335	0.0002477	0.0002343495119
0.008785506806	0.00056445	0.0004051	0.00034672	0.00031041	0.00029256	0.00027581	0.00026443	0.00025523	0.00024972	0.0002364290948
0.008813058004	0.000568	0.00040786	0.00034887	0.00031235	0.00029457	0.00027765	0.00026624	0.00025714	0.00025177	0.0002385255029
0.008840609201	0.00057166	0.00041072	0.0003511	0.00031436	0.00029608	0.00027955	0.00026808	0.00025908	0.00025385	0.0002406401126
0.008868160398	0.00057541	0.00041369	0.0003534	0.00031644	0.00029765	0.0002815	0.00026995	0.00026105	0.00025595	0.000242774264
0.008895711595	0.00057927	0.00041674	0.00035577	0.00031859	0.00029928	0.00028351	0.00027185	0.00026304	0.00025808	0.0002449239399
0.008923262792	0.00058324	0.0004199	0.00035821	0.00032081	0.00030097	0.00028558	0.00027353	0.00026506	0.00025994	0.0002470935933
0.008950813989	0.0005873	0.00042315	0.00036073	0.00032309	0.00030273	0.00028763	0.00027507	0.00026711	0.00026166	0.0002492818516
0.008978365187	0.00059147	0.0004265	0.00036332	0.00032545	0.00030455	0.00028948	0.00027665	0.00026919	0.00026343	0.0002514887713
0.009005916384	0.00059575	0.00042995	0.00036598	0.00032787	0.00030643	0.00029139	0.00027828	0.0002711	0.00026523	0.0002537150381
0.009033467581	0.00060012	0.0004335	0.00036833	0.00033036	0.00030837	0.00029334	0.00027995	0.00027303	0.00026707	0.0002559612625
0.009061018778	0.0006046	0.00043714	0.00037024	0.00033293	0.00031037	0.00029533	0.00028166	0.00027501	0.00026895	0.0002582271029
0.009088569975	0.00060919	0.00044088	0.00037223	0.00033556	0.00031244	0.00029738	0.00028342	0.00027703	0.00027086	0.0002605121734
0.009116121173	0.00061387	0.00044472	0.00037429	0.00033826	0.00031457	0.00029947	0.00028522	0.00027908	0.00027282	0.0002628175189
0.00914367237	0.00061866	0.00044866	0.00037643	0.00034103	0.00031664	0.00030145	0.00028706	0.00028117	0.00027481	0.0002651420564
0.009171223567	0.00062356	0.00045269	0.00037864	0.00034387	0.0003185	0.00030302	0.00028895	0.00028311	0.00027684	0.0002674864381
0.009198774764	0.00062856	0.00045682	0.00038092	0.00034678	0.00032042	0.00030464	0.00029088	0.00028493	0.00027891	0.0002698495175
0.009226325961	0.00063366	0.00046105	0.00038328	0.00034976	0.00032238	0.0003063	0.00029285	0.00028679	0.00028101	0.0002722331185
0.009253877158	0.00063886	0.00046538	0.00038572	0.0003528	0.0003244	0.00030801	0.00029487	0.0002887	0.00028315	0.0002746363559
0.009281428356	0.00064417	0.0004698	0.00038823	0.00035587	0.00032646	0.00030977	0.00029693	0.00029065	0.00028533	0.0002770592477
0.009308979553	0.00064958	0.00047432	0.00039081	0.00035792	0.00032858	0.00031158	0.00029904	0.00029264	0.00028755	0.0002795033278
0.00933653075	0.00065509	0.00047894	0.00039347	0.00036002	0.00033074	0.00031343	0.00030119	0.00029467	0.00028981	0.0002819715012
0.009364081947	0.00066071	0.00048366	0.00039621	0.00036217	0.00033296	0.00031533	0.00030338	0.00029675	0.0002921	0.0002844650011
0.009391633144	0.00066558	0.00048847	0.00039902	0.00036437	0.00033522	0.00031728	0.00030562	0.00029887	0.00029443	0.0002869842382
0.009419184342	0.0006682	0.00049338	0.0004019	0.00036662	0.00033754	0.00031928	0.0003079	0.00030103	0.0002968	0.0002895286611
0.009446735539	0.00067098	0.00049787	0.00040486	0.00036892	0.00033991	0.00032132	0.00031023	0.00030324	0.0002992	0.0002920993449
0.009474286736	0.00067393	0.00050069	0.00040789	0.00037127	0.00034232	0.00032341	0.00031259	0.00030549	0.00030165	0.0002946960839
0.009501837933	0.00067705	0.00050359	0.000411	0.00037367	0.00034479	0.00032554	0.00031501	0.00030778	0.00030413	0.0002973191977
0.00952938913	0.00068033	0.00050656	0.00041418	0.00037612	0.0003473	0.00032773	0.00031746	0.00031011	0.00030665	0.0002999688253
0.009556940328	0.00067866	0.0005096	0.00041744	0.00037862	0.00034987	0.00032996	0.00031996	0.00031249	0.00030921	0.0003026470907
0.009584491525	0.00067682	0.00051273	0.00042078	0.00038117	0.00035249	0.00033224	0.0003225	0.0003149	0.0003118	0.0003053554667
0.009612042722	0.00067533	0.00051592	0.00042418	0.00038377	0.00035515	0.00033456	0.00032509	0.00031736	0.00031444	0.0003080942981
0.009639593919	0.00067421	0.00051919	0.00042767	0.00038642	0.00035787	0.00033693	0.00032772	0.00031987	0.0003171	0.0003108634016
0.009667145116	0.00067345	0.00052254	0.00043122	0.00038912	0.00036063	0.00033935	0.00033039	0.00032241	0.00031965	0.0003136638777
0.009694696313	0.00067306	0.00052596	0.00043486	0.00039187	0.00036345	0.00034182	0.00033311	0.000325	0.00032224	0.0003164951862
0.009722247511	0.00067302	0.00052946	0.00043856	0.00039467	0.00036632	0.00034434	0.00033553	0.00032764	0.00032488	0.0003193573343
0.009749798708	0.00067335	0.00053303	0.00044235	0.00039753	0.00036923	0.0003469	0.00033797	0.00033031	0.00032756	0.0003222504016
0.009777349905	0.00067405	0.00053668	0.0004462	0.00040043	0.0003722	0.00034951	0.00034045	0.00033303	0.00033028	0.0003251743751
0.009804901102	0.0006751	0.0005404	0.00045013	0.00040338	0.00037522	0.00035216	0.00034298	0.00033579	0.00033304	0.0003281293609
0.009832452299	0.00067652	0.00054419	0.00045414	0.00040638	0.00037828	0.00035487	0.00034555	0.00033859	0.00033585	0.0003311159407
0.009860003497	0.0006783	0.00054806	0.00045822	0.00040943	0.00038117	0.00035762	0.00034817	0.00034143	0.0003387	0.0003341340218
0.009887554694	0.00068044	0.00055201	0.00046238	0.00041254	0.00038387	0.00036042	0.00035084	0.00034432	0.00034159	0.0003371841335
0.009915105891	0.00068294	0.00055603	0.00046661	0.00041559	0.00038663	0.00036326	0.00035355	0.00034725	0.00034452	0.0003402660958
0.009942657088	0.00068581	0.00056013	0.00047091	0.00041841	0.00038943	0.00036615	0.00035631	0.00035022	0.0003475	0.0003433798943
0.009970208285	0.00068904	0.0005643	0.00047529	0.00042129	0.00039228	0.00036909	0.00035912	0.00035324	0.00035052	0.0003465260006
0.009997759482	0.00069263	0.00056855	0.00047975	0.00042422	0.00039518	0.00037208	0.00036197	0.0003563	0.00035358	0.0003497043285
0.01002531068	0.00069658	0.00057287	0.00048428	0.00042721	0.00039812	0.00037511	0.00036487	0.0003594	0.00035668	0.000352915608
0.01005286188	0.0007009	0.00057727	0.00048888	0.00043025	0.00040111	0.0003782	0.00036781	0.00036254	0.00035983	0.000356159384
0.01008041307	0.00070558	0.00058174	0.00049356	0.00043334	0.00040415	0.00038132	0.0003708	0.00036573	0.00036302	0.0003594358589
0.01010796427	0.00071062	0.00058629	0.00049832	0.00043649	0.00040724	0.0003845	0.00037384	0.00036896	0.00036625	0.0003627453586
0.01013551547	0.00071603	0.00059091	0.00050315	0.00043969	0.00041023	0.00038772	0.00037693	0.00037223	0.00036953	0.0003660871712
0.01016306667	0.00072179	0.00059561	0.00050762	0.00044294	0.00041309	0.00039099	0.00038006	0.00037555	0.00037284	0.0003694622294
0.01019061786	0.00072792	0.00059939	0.00051051	0.00044625	0.000416	0.00039431	0.00038323	0.0003789	0.0003762	0.0003728715381
0.01021816906	0.00073442	0.00060288	0.00051345	0.00044961	0.00041896	0.00039768	0.00038646	0.0003823	0.00037961	0.0003763138406
0.01024572026	0.00074127	0.0006065	0.00051644	0.00045303	0.00042198	0.00040109	0.00038973	0.00038574	0.00038305	0.0003797909454
0.01027327145	0.00074849	0.00061024	0.00051949	0.00045649	0.00042504	0.00040455	0.00039304	0.00038923	0.00038654	0.0003833021788
0.01030082265	0.00075607	0.00061412	0.0005226	0.00046002	0.00042816	0.00040805	0.0003964	0.00039276	0.00039007	0.0003868483406
0.01032837385	0.0007621	0.00061813	0.00052576	0.00046359	0.00043132	0.00041161	0.00039981	0.00039633	0.00039365	0.0003904290418
0.01035592505	0.0007666	0.00062226	0.00052897	0.00046722	0.00043454	0.00041521	0.00040327	0.00039994	0.00039726	0.0003940491869
0.01038347624	0.00077133	0.00062653	0.00053224	0.0004709	0.00043781	0.00041886	0.00040677	0.0004036	0.00040092	0.0003977052129
0.01041102744	0.0007763	0.00063092	0.00053556	0.00047464	0.00044113	0.00042255	0.00041032	0.00040729	0.00040462	0.0004014020062
0.01043857864	0.0007815	0.00063545	0.00053894	0.00047843	0.0004445	0.0004263	0.00041391	0.00041104	0.00040837	0.0004051388427
0.01046612983	0.00078695	0.00063952	0.00054238	0.00048227	0.00044792	0.00043009	0.00041755	0.00041482	0.00041216	0.0004089185111
0.01049368103	0.00079263	0.00064221	0.00054587	0.00048617	0.00045139	0.00043392	0.00042124	0.00041865	0.00041599	0.0004127338231
0.01052123223	0.00079854	0.0006451	0.00054941	0.00049012	0.00045491	0.00043759	0.00042497	0.00042251	0.00041986	0.00041659562
0.01054878343	0.00080469	0.00064819	0.00055301	0.00049413	0.00045849	0.00044104	0.00042875	0.00042635	0.00042377	0.0004204955735
0.01057633462	0.00081108	0.00065149	0.00055667	0.00049819	0.00046211	0.00044455	0.00043257	0.00043017	0.00042773	0.0004244377292
0.01060388582	0.00081771	0.00065499	0.00056038	0.0005023	0.00046579	0.0004481	0.00043645	0.00043404	0.00043173	0.0004284212719
0.01063143702	0.00082457	0.00065869	0.00056414	0.00050646	0.00046952	0.00045171	0.00044036	0.00043796	0.00043577	0.0004324459259
0.01065898821	0.00083167	0.0006626	0.00056796	0.00051068	0.0004733	0.00045536	0.00044433	0.00044192	0.00043986	0.000436512692
0.01068653941	0.000839	0.00066671	0.00057184	0.00051496	0.00047712	0.00045907	0.00044834	0.00044593	0.00044399	0.0004406219673
0.01071409061	0.00084657	0.00067102	0.00057577	0.00051928	0.000481	0.00046283	0.0004524	0.00044998	0.00044816	0.0004447738678
0.01074164181	0.00085438	0.00067554	0.00057975	0.00052366	0.00048494	0.00046664	0.0004565	0.00045408	0.00045237	0.0004489690368
0.010769193	0.00086243	0.00068026	0.00058379	0.0005281	0.00048892	0.00047049	0.00046065	0.00045823	0.00045661	0.0004532058403
0.0107967442	0.00087071	0.00068518	0.00058789	0.00053258	0.00049295	0.0004744	0.00046485	0.00046242	0.0004608	0.0004574851521
0.0108242954	0.00087922	0.00069031	0.00059204	0.00053712	0.00049704	0.00047836	0.00046909	0.00046666	0.00046503	0.0004618072631
0.0108518466	0.00088798	0.00069564	0.00059624	0.00054172	0.00050117	0.00048237	0.00047338	0.00047094	0.00046931	0.0004661718669
0.01087939779	0.00089697	0.00070117	0.0006005	0.00054637	0.00050536	0.00048643	0.00047771	0.00047527	0.00047364	0.0004705867599
0.01090694899	0.0009062	0.00070691	0.00060482	0.00055107	0.0005096	0.00049054	0.0004821	0.00047965	0.00047801	0.0004750290872
0.01093450019	0.00091566	0.00071285	0.00060919	0.00055582	0.00051388	0.00049471	0.00048652	0.00048408	0.00048243	0.0004795215469
0.01096205138	0.00092536	0.00071899	0.00061361	0.00056054	0.00051822	0.00049892	0.000491	0.00048855	0.0004869	0.0004840567318
0.01098960258	0.0009353	0.00072412	0.00061809	0.00056454	0.00052262	0.00050318	0.00049552	0.00049306	0.00049141	0.0004886340316
0.01101715378	0.00094547	0.00072887	0.00062263	0.00056859	0.00052706	0.0005075	0.00050009	0.00049763	0.00049597	0.0004932541034
0.01104470498	0.00095588	0.00073379	0.00062722	0.00057269	0.00053155	0.00051186	0.0005047	0.00050224	0.00050058	0.0004979167944
0.01107225617	0.00096653	0.00073888	0.00063186	0.00057685	0.00053609	0.00051628	0.00050936	0.00050689	0.00050523	0.0005026221471
0.01109980737	0.00097741	0.00074413	0.00063656	0.00058106	0.00054069	0.00052074	0.00051406	0.0005116	0.00050993	0.0005073700445
0.01112735857	0.00098853	0.00074955	0.00064132	0.00058532	0.00054533	0.00052526	0.00051882	0.00051634	0.00051467	0.0005121618941
0.01115490976	0.00099989	0.00075514	0.00064613	0.00058964	0.00055003	0.00052982	0.00052362	0.00052114	0.00051946	0.000516993565
0.01118246096	0.0010115	0.00076089	0.00065099	0.00059401	0.00055478	0.00053444	0.00052846	0.00052598	0.0005243	0.0005218686513
0.01121001216	0.0010233	0.00076681	0.00065591	0.00059843	0.00055958	0.00053911	0.00053335	0.00053087	0.00052918	0.0005267866398
0.01123756336	0.0010354	0.00077291	0.00066089	0.0006029	0.00056443	0.00054383	0.00053829	0.0005358	0.00053411	0.0005317472047
0.01126511455	0.0010477	0.00077917	0.00066592	0.00060743	0.00056933	0.0005486	0.00054327	0.00054078	0.00053909	0.0005367503785
0.01129266575	0.0010602	0.00078559	0.000671	0.00061201	0.00057428	0.00055342	0.0005483	0.00054581	0.00054411	0.0005417961061
0.01132021695	0.001073	0.00079219	0.00067614	0.00061664	0.00057928	0.00055829	0.00055338	0.00055088	0.00054918	0.0005468844248
0.01134776814	0.001086	0.00079895	0.00068134	0.00062133	0.00058434	0.00056321	0.0005585	0.000556	0.0005543	0.0005520153298
0.01137531934	0.0010993	0.00080588	0.00068659	0.00062606	0.00058944	0.00056818	0.00056367	0.00056117	0.00055946	0.0005571888598
0.01140287054	0.0011127	0.00081298	0.0006919	0.00063086	0.0005946	0.0005732	0.00056889	0.00056638	0.00056466	0.0005624096138
0.01143042174	0.0011265	0.00082024	0.00069726	0.0006357	0.0005998	0.00057827	0.00057415	0.00057164	0.00056992	0.0005676722568
0.01145797293	0.0011404	0.00082768	0.00070267	0.00064054	0.00060506	0.0005834	0.00057946	0.00057694	0.00057522	0.0005729868452
0.01148552413	0.0011503	0.00083528	0.00070814	0.00064395	0.00061037	0.00058857	0.00058481	0.00058229	0.00058056	0.0005783411808
0.01151307533	0.0011423	0.00084305	0.00071367	0.00064747	0.00061518	0.0005938	0.00059022	0.00058769	0.00058596	0.0005837448872
0.01154062652	0.0011368	0.00085098	0.00071782	0.00065109	0.00061899	0.00059907	0.00059566	0.00059313	0.0005914	0.0005891950189
0.01156817772	0.0011338	0.00085909	0.00072175	0.00065481	0.00062291	0.0006044	0.00060116	0.00059862	0.00059688	0.0005946936637
0.01159572892	0.0011331	0.00086736	0.00072578	0.00065864	0.00062692	0.00060977	0.0006066	0.00060416	0.00060241	0.0006002340513
0.01162328012	0.0011349	0.0008758	0.00072992	0.00066257	0.00063104	0.0006152	0.00061205	0.00060974	0.00060799	0.0006058246469
0.01165083131	0.0011391	0.00088441	0.00073416	0.0006666	0.00063527	0.00062068	0.00061754	0.00061527	0.00061362	0.0006114583907
0.01167838251	0.0011457	0.00089318	0.0007385	0.00067074	0.00063959	0.00062621	0.00062308	0.00062082	0.00061929	0.0006171402824
0.01170593371	0.0011548	0.00090213	0.00074294	0.00067498	0.00064402	0.00063178	0.00062867	0.00062643	0.00062501	0.0006228682616
0.01173348491	0.0011663	0.00091007	0.00074749	0.00067932	0.00064855	0.00063741	0.00063432	0.00063209	0.00063077	0.0006286420754
0.0117610361	0.0011802	0.00091547	0.00075214	0.00068376	0.00065318	0.00064309	0.00064001	0.00063779	0.00063658	0.0006344626043
0.0117885873	0.0011965	0.00092316	0.00075689	0.00068831	0.00065791	0.00064882	0.00064575	0.00064348	0.00064244	0.0006403293751
0.0118161385	0.0012153	0.00093314	0.00076175	0.00069296	0.00066275	0.0006546	0.00065155	0.00064919	0.00064834	0.0006462424493
0.01184368969	0.0012365	0.0009454	0.00076671	0.00069772	0.00066769	0.00066044	0.00065739	0.00065497	0.00065429	0.0006522020037
0.01187124089	0.0012601	0.00095445	0.00077178	0.00070257	0.00067273	0.00066616	0.00066299	0.00066081	0.00066028	0.0006582077852
0.01189879209	0.0012861	0.00096236	0.00077694	0.00070753	0.00067787	0.00067171	0.00066859	0.00066672	0.00066632	0.0006642606733
0.01192634329	0.0013146	0.00097039	0.00078221	0.00071259	0.00068312	0.00067734	0.00067427	0.0006727	0.00067241	0.0006703577743
0.01195389448	0.0012777	0.00097854	0.00078759	0.00071776	0.00068847	0.00068307	0.00068005	0.00067874	0.00067855	0.0006765023571
0.01198144568	0.0012021	0.00098681	0.00079307	0.00072303	0.00069392	0.00068888	0.00068592	0.00068484	0.00068484	0.0006826941233
0.01200899688	0.0011525	0.00099521	0.00079865	0.0007284	0.00069947	0.00069479	0.00069188	0.00069101	0.00069101	0.0006889307252
0.01203654807	0.0011289	0.0010037	0.00080433	0.00073387	0.00070513	0.00070078	0.00069792	0.00069725	0.00069725	0.000695214143
0.01206409927	0.0011314	0.0010124	0.00081012	0.00073945	0.00071089	0.00070687	0.00070406	0.00070355	0.00070355	0.0007015508913
0.01209165047	0.0011599	0.0010211	0.00081601	0.00074513	0.00071675	0.00071304	0.00071028	0.00070992	0.00070992	0.000707952596
0.01211920167	0.0012145	0.0010248	0.000822	0.00075091	0.00072271	0.0007193	0.00071659	0.00071635	0.00071635	0.0007144191898
0.01214675286	0.001295	0.0010294	0.0008281	0.0007568	0.00072877	0.00072555	0.000723	0.00072285	0.00072285	0.0007209507827
0.01217430406	0.0014016	0.0010348	0.0008343	0.00076279	0.00073494	0.0007318	0.00072949	0.00072949	0.00072949	0.0007275481894
0.01220185526	0.001443	0.001041	0.0008406	0.00076888	0.00074121	0.00073815	0.00073607	0.00073607	0.00073607	0.0007342113672
0.01222940645	0.0014537	0.001048	0.00084701	0.00077508	0.00074758	0.0007446	0.00074274	0.00074274	0.00074274	0.000740942542
0.01225695765	0.0014653	0.0010538	0.00085352	0.00078137	0.00075406	0.00075115	0.0007495	0.0007495	0.0007495	0.0007477550789
0.01228450885	0.0014776	0.0010519	0.00086013	0.00078777	0.00076064	0.00075781	0.00075635	0.00075635	0.00075635	0.0007546575215
0.01231206005	0.0014741	0.0010517	0.00086685	0.00079428	0.00076732	0.00076456	0.00076329	0.00076329	0.00076329	0.0007616484067
0.01233961124	0.0014704	0.0010492	0.00087367	0.00080089	0.0007741	0.00077142	0.00077031	0.00077031	0.00077031	0.0007687279169
0.01236716244	0.0014685	0.0010462	0.00088059	0.0008076	0.00078098	0.00077838	0.00077743	0.00077743	0.00077743	0.0007758964066
0.01239471364	0.0014682	0.0010439	0.00088762	0.00081441	0.00078797	0.00078544	0.00078464	0.00078464	0.00078464	0.0007831523695
0.01242226483	0.0014696	0.0010423	0.00089475	0.00082132	0.00079506	0.0007926	0.00079193	0.00079193	0.00079193	0.000790497281
0.01244981603	0.0014727	0.0010414	0.00090198	0.00082834	0.00080225	0.00079986	0.00079931	0.00079931	0.00079931	0.0007979311006
0.01247736723	0.0014631	0.0010412	0.00090932	0.00083546	0.00080955	0.00080723	0.00080679	0.00080679	0.00080679	0.0008054525191
0.01250491843	0.0014388	0.0010417	0.00091676	0.00084269	0.00081694	0.00081469	0.00081435	0.00081435	0.00081435	0.0008130628539
0.01253246962	0.0014179	0.0010429	0.0009243	0.00085002	0.00082444	0.00082226	0.000822	0.000822	0.000822	0.0008207616509
0.01256002082	0.0014004	0.0010448	0.00093195	0.00085745	0.00083204	0.00082993	0.00082974	0.00082974	0.00082974	0.0008285489058
0.01258757202	0.0013864	0.0010474	0.0009397	0.00086308	0.00083975	0.00083769	0.00083769	0.00083769	0.00083769	0.0008364246169
0.01261512322	0.0013757	0.0010508	0.00094755	0.00086773	0.00084755	0.00084557	0.00084557	0.00084557	0.00084557	0.0008443890814
0.01264267441	0.0013686	0.0010548	0.0009555	0.0008727	0.00085546	0.00085354	0.00085354	0.00085354	0.00085354	0.0008524421882
0.01267022561	0.0013648	0.0010595	0.00096149	0.00087802	0.00086347	0.00086161	0.00086161	0.00086161	0.00086161	0.0008605829978
0.01269777681	0.0013645	0.0010649	0.00096527	0.00088366	0.00087158	0.00086979	0.00086979	0.00086979	0.00086979	0.0008688190893
0.012725328	0.0013676	0.0010711	0.0009694	0.00088963	0.0008798	0.00087806	0.00087806	0.00087806	0.00087806	0.0008771553461
0.0127528792	0.0013741	0.0010779	0.00097354	0.00089594	0.00088812	0.00088644	0.00088644	0.00088644	0.00088644	0.0008855911132
0.0127804304	0.0013841	0.0010855	0.00097484	0.00090258	0.00089654	0.00089492	0.00089492	0.00089492	0.00089492	0.0008941266503
0.0128079816	0.0013975	0.0010937	0.00097666	0.00090955	0.00090494	0.0009035	0.0009035	0.0009035	0.0009035	0.000902762379
0.01283553279	0.0014143	0.0011027	0.000979	0.00091686	0.00091303	0.00091218	0.00091218	0.00091218	0.00091218	0.0009114972016
0.01286308399	0.0014346	0.0011123	0.00098187	0.00092449	0.00092137	0.00092096	0.00092096	0.00092096	0.00092096	0.000920332257
0.01289063519	0.0014583	0.0011227	0.00098525	0.00093246	0.00092997	0.00092997	0.00092997	0.00092997	0.00092997	0.0009292669885
0.01291818638	0.0014854	0.0011338	0.00098916	0.00094076	0.00093884	0.00093884	0.00093884	0.00093884	0.00093884	0.0009383131544
0.01294573758	0.0015159	0.0011455	0.0009936	0.00094939	0.00094796	0.00094796	0.00094796	0.00094796	0.00094796	0.0009475754708
0.01297328878	0.0015444	0.001158	0.00099855	0.00095836	0.00095735	0.00095735	0.00095735	0.00095735	0.00095735	0.000957078892
0.01300083998	0.0015463	0.0011712	0.001004	0.00096765	0.00096765	0.00096765	0.00096765	0.00096765	0.00096765	0.0009668282914
0.01302839117	0.001549	0.0011851	0.00101	0.00097728	0.00097728	0.00097728	0.00097728	0.00097728	0.00097728	0.0009768229471
0.01305594237	0.0015525	0.0011997	0.0010166	0.00098724	0.00098724	0.00098724	0.00098724	0.00098724	0.00098724	0.0009870619585
0.01308349357	0.001557	0.0012064	0.0010236	0.00099754	0.00099754	0.00099754	0.00099754	0.00099754	0.00099754	0.0009975468995
0.01311104476	0.0015623	0.0012042	0.0010312	0.0010082	0.0010082	0.0010082	0.0010082	0.0010082	0.0010082	0.001008276811
0.01313859596	0.0015685	0.0012028	0.0010393	0.0010191	0.0010191	0.0010191	0.0010191	0.0010191	0.0010191	0.00101927655
0.01316614716	0.0015755	0.0012021	0.0010479	0.0010304	0.0010304	0.0010304	0.0010304	0.0010304	0.0010304	0.001030582697
0.01319369836	0.0015835	0.0012022	0.001057	0.001042	0.001042	0.001042	0.001042	0.001042	0.001042	0.001042217243
0.01322124955	0.0015923	0.0012032	0.0010667	0.001054	0.001054	0.001054	0.001054	0.001054	0.001054	0.001054178277
0.01324880075	0.001602	0.0012049	0.0010769	0.0010663	0.0010663	0.0010663	0.0010663	0.0010663	0.0010663	0.001066475253
0.01327635195	0.0016126	0.0012074	0.0010876	0.0010789	0.0010789	0.0010789	0.0010789	0.0010789	0.0010789	0.001079104675
0.01330390314	0.001624	0.0012107	0.0010988	0.0010918	0.0010918	0.0010918	0.0010918	0.0010918	0.0010918	0.001092066558
0.01333145434	0.0016363	0.0012148	0.0011105	0.0011051	0.0011051	0.0011051	0.0011051	0.0011051	0.0011051	0.001105360905
0.01335900554	0.0016495	0.0012197	0.0011228	0.0011187	0.0011187	0.0011187	0.0011187	0.0011187	0.0011187	0.001118987684
0.01338655674	0.0016635	0.0012254	0.0011356	0.0011327	0.0011327	0.0011327	0.0011327	0.0011327	0.0011327	0.001132946973
0.01341410793	0.0016785	0.0012319	0.0011489	0.001147	0.001147	0.001147	0.001147	0.001147	0.001147	0.001147238454
0.01344165913	0.0016943	0.0012392	0.0011628	0.0011616	0.0011616	0.0011616	0.0011616	0.0011616	0.0011616	0.001161862866
0.01346921033	0.0017109	0.0012473	0.0011771	0.0011765	0.0011765	0.0011765	0.0011765	0.0011765	0.0011765	0.001176819281
0.01349676152	0.0017285	0.0012561	0.001192	0.001192	0.001192	0.001192	0.001192	0.001192	0.001192	0.001192108353
0.01352431272	0.0017469	0.0012658	0.0012074	0.0012074	0.0012074	0.0012074	0.0012074	0.0012074	0.0012074	0.001207729796
0.01355186392	0.0017662	0.0012762	0.0012234	0.0012234	0.0012234	0.0012234	0.0012234	0.0012234	0.0012234	0.0012237123
0.01357941512	0.0017864	0.0012875	0.0012398	0.0012398	0.0012398	0.0012398	0.0012398	0.0012398	0.0012398	0.001240189343
0.01360696631	0.0018074	0.0012995	0.0012568	0.0012568	0.0012568	0.0012568	0.0012568	0.0012568	0.0012568	0.001257189718
0.01363451751	0.0018294	0.0013123	0.0012743	0.0012743	0.0012743	0.0012743	0.0012743	0.0012743	0.0012743	0.001274709461
0.01366206871	0.0018522	0.001326	0.0012923	0.0012923	0.0012923	0.0012923	0.0012923	0.0012923	0.0012923	0.001292756881
0.01368961991	0.0018758	0.0013404	0.0013109	0.0013109	0.0013109	0.0013109	0.0013109	0.0013109	0.0013109	0.001311327691
0.0137171711	0.0019004	0.0013556	0.0013299	0.0013299	0.0013299	0.0013299	0.0013299	0.0013299	0.0013299	0.001330421891
0.0137447223	0.0019258	0.0013716	0.0013495	0.0013495	0.0013495	0.0013495	0.0013495	0.0013495	0.0013495	0.001350039484
0.0137722735	0.0019521	0.0013884	0.0013696	0.0013696	0.0013696	0.0013696	0.0013696	0.0013696	0.0013696	0.00137018047
0.01379982469	0.0019792	0.001406	0.0013903	0.0013903	0.0013903	0.0013903	0.0013903	0.0013903	0.0013903	0.001390844849
0.01382737589	0.0020073	0.0014243	0.0014114	0.0014114	0.0014114	0.0014114	0.0014114	0.0014114	0.0014114	0.001412032619
0.01385492709	0.0020362	0.0014435	0.0014331	0.0014331	0.0014331	0.0014331	0.0014331	0.0014331	0.0014331	0.001433743782
0.01388247829	0.002066	0.0014635	0.0014553	0.0014553	0.0014553	0.0014553	0.0014553	0.0014553	0.0014553	0.001455978335
0.01391002948	0.0020966	0.0014842	0.001478	0.001478	0.001478	0.001478	0.001478	0.001478	0.001478	0.001478736276
0.01393758068	0.0021281	0.0015058	0.0015013	0.0015013	0.0015013	0.0015013	0.0015013	0.0015013	0.0015013	0.001502017606
0.01396513188	0.0021605	0.0015281	0.0015251	0.0015251	0.0015251	0.0015251	0.0015251	0.0015251	0.0015251	0.001525822318
0.01399268307	0.0021938	0.0015513	0.0015494	0.0015494	0.0015494	0.0015494	0.0015494	0.0015494	0.0015494	0.001550150992
0.01402023427	0.0022033	0.0015752	0.0015742	0.0015742	0.0015742	0.0015742	0.0015742	0.0015742	0.0015742	0.001575002064
0.01404778547	0.0021913	0.0015999	0.0015995	0.0015995	0.0015995	0.0015995	0.0015995	0.0015995	0.0015995	0.001600377198
0.01407533667	0.0021811	0.0016255	0.0016255	0.0016255	0.0016255	0.0016255	0.0016255	0.0016255	0.0016255	0.001626275523
0.01410288786	0.0021729	0.0016518	0.0016518	0.0016518	0.0016518	0.0016518	0.0016518	0.0016518	0.0016518	0.001652709018
0.01413043906	0.0021666	0.0016789	0.0016789	0.0016789	0.0016789	0.0016789	0.0016789	0.0016789	0.0016789	0.001679870234
0.01415799026	0.0021622	0.0017068	0.0017068	0.0017068	0.0017068	0.0017068	0.0017068	0.0017068	0.0017068	0.001707826218
0.01418554145	0.0021596	0.0017355	0.0017355	0.0017355	0.0017355	0.0017355	0.0017355	0.0017355	0.0017355	0.001736576968
0.01421309265	0.002159	0.0017649	0.0017649	0.0017649	0.0017649	0.0017649	0.0017649	0.0017649	0.0017649	0.001766122482
0.01424064385	0.0021603	0.0017952	0.0017952	0.0017952	0.0017952	0.0017952	0.0017952	0.0017952	0.0017952	0.00179646276
0.01426819505	0.0021635	0.0018263	0.0018263	0.0018263	0.0018263	0.0018263	0.0018263	0.0018263	0.0018263	0.0018275978
0.01429574624	0.0021686	0.0018582	0.0018582	0.0018582	0.0018582	0.0018582	0.0018582	0.0018582	0.0018582	0.001859527604
0.01432329744	0.0021756	0.0018908	0.0018908	0.0018908	0.0018908	0.0018908	0.0018908	0.0018908	0.0018908	0.001892252171
0.01435084864	0.0021844	0.0019243	0.0019243	0.0019243	0.0019243	0.0019243	0.0019243	0.0019243	0.0019243	0.001925778374
0.01437839983	0.0021952	0.0019585	0.0019585	0.0019585	0.0019585	0.0019585	0.0019585	0.0019585	0.0019585	0.001960090801
0.01440595103	0.0022079	0.0019935	0.0019935	0.0019935	0.0019935	0.0019935	0.0019935	0.0019935	0.0019935	0.001995198342
0.01443350223	0.0022225	0.0020294	0.0020294	0.0020294	0.0020294	0.0020294	0.0020294	0.0020294	0.0020294	0.002031100934
0.01446105343	0.002239	0.002066	0.002066	0.002066	0.002066	0.002066	0.002066	0.002066	0.002066	0.002067798557
0.01448860462	0.0022574	0.0021034	0.0021034	0.0021034	0.0021034	0.0021034	0.0021034	0.0021034	0.0021034	0.00210529126
0.01451615582	0.0022777	0.0021416	0.0021416	0.0021416	0.0021416	0.0021416	0.0021416	0.0021416	0.0021416	0.002143579302
0.01454370702	0.0022999	0.0021806	0.0021806	0.0021806	0.0021806	0.0021806	0.0021806	0.0021806	0.0021806	0.002182661981
0.01457125822	0.0023239	0.0022204	0.0022204	0.0022204	0.0022204	0.0022204	0.0022204	0.0022204	0.0022204	0.002222539177
0.01459880941	0.0023499	0.002261	0.002261	0.002261	0.002261	0.002261	0.002261	0.002261	0.002261	0.002263210986
0.01462636061	0.0023778	0.0023024	0.0023024	0.0023024	0.0023024	0.0023024	0.0023024	0.0023024	0.0023024	0.002304677068
0.01465391181	0.0024076	0.0023445	0.0023445	0.0023445	0.0023445	0.0023445	0.0023445	0.0023445	0.0023445	0.002346938465
0.014681463	0.0024393	0.0023875	0.0023875	0.0023875	0.0023875	0.0023875	0.0023875	0.0023875	0.0023875	0.002389996316
0.0147090142	0.0024729	0.0024313	0.0024313	0.0024313	0.0024313	0.0024313	0.0024313	0.0024313	0.0024313	0.002433849663
0.0147365654	0.0025084	0.0024758	0.0024758	0.0024758	0.0024758	0.0024758	0.0024758	0.0024758	0.0024758	0.002478492032
0.0147641166	0.0025458	0.0025212	0.0025212	0.0025212	0.0025212	0.0025212	0.0025212	0.0025212	0.0025212	0.002523932778
0.01479166779	0.0025851	0.0025673	0.0025673	0.0025673	0.0025673	0.0025673	0.0025673	0.0025673	0.0025673	0.002570168278
0.01481921899	0.0026263	0.0026142	0.0026142	0.0026142	0.0026142	0.0026142	0.0026142	0.0026142	0.0026142	0.002617198529
0.01484677019	0.0026694	0.002662	0.002662	0.002662	0.002662	0.002662	0.002662	0.002662	0.002662	0.002665023529
0.01487432138	0.0027144	0.0027105	0.0027105	0.0027105	0.0027105	0.0027105	0.0027105	0.0027105	0.0027105	0.002713643278
0.01490187258	0.0027613	0.0027598	0.0027598	0.0027598	0.0027598	0.0027598	0.0027598	0.0027598	0.0027598	0.002763058878
0.01492942378	0.0028101	0.0028101	0.0028101	0.0028101	0.0028101	0.0028101	0.0028101	0.0028101	0.0028101	0.002813267343
0.01495697498	0.0028609	0.0028609	0.0028609	0.0028609	0.0028609	0.0028609	0.0028609	0.0028609	0.0028609	0.002864390941
0.01498452617	0.0029135	0.0029135	0.0029135	0.0029135	0.0029135	0.0029135	0.0029135	0.0029135	0.0029135	0.002917270856
0.01501207737	0.002968	0.002968	0.002968	0.002968	0.002968	0.002968	0.002968	0.002968	0.002968	0.002972053096
0.01503962857	0.0030244	0.0030244	0.0030244	0.0030244	0.0030244	0.0030244	0.0030244	0.0030244	0.0030244	0.0030287467
0.01506717976	0.0030827	0.0030827	0.0030827	0.0030827	0.0030827	0.0030827	0.0030827	0.0030827	0.0030827	0.003087351296
0.01509473096	0.0031429	0.0031429	0.0031429	0.0031429	0.0031429	0.0031429	0.0031429	0.0031429	0.0031429	0.003147866959
0.01512228216	0.003205	0.003205	0.003205	0.003205	0.003205	0.003205	0.003205	0.003205	0.003205	0.003210293718
0.01514983336	0.003269	0.003269	0.003269	0.003269	0.003269	0.003269	0.003269	0.003269	0.003269	0.003274631257
0.01517738455	0.003335	0.003335	0.003335	0.003335	0.003335	0.003335	0.003335	0.003335	0.003335	0.003340879373
0.01520493575	0.0034028	0.0034028	0.0034028	0.0034028	0.0034028	0.0034028	0.0034028	0.0034028	0.0034028	0.003409038143
0.01523248695	0.0034725	0.0034725	0.0034725	0.0034725	0.0034725	0.0034725	0.0034725	0.0034725	0.0034725	0.003479107548
0.01526003814	0.0035441	0.0035441	0.0035441	0.0035441	0.0035441	0.0035441	0.0035441	0.0035441	0.0035441	0.003551087574
0.01528758934	0.0036176	0.0036176	0.0036176	0.0036176	0.0036176	0.0036176	0.0036176	0.0036176	0.0036176	0.003624978313
0.01531514054	0.003693	0.003693	0.003693	0.003693	0.003693	0.003693	0.003693	0.003693	0.003693	0.003700779739
0.01534269174	0.0037704	0.0037704	0.0037704	0.0037704	0.0037704	0.0037704	0.0037704	0.0037704	0.0037704	0.003778491705
0.01537024293	0.0038496	0.0038496	0.0038496	0.0038496	0.0038496	0.0038496	0.0038496	0.0038496	0.0038496	0.00385811408
0.01539779413	0.0039307	0.0039307	0.0039307	0.0039307	0.0039307	0.0039307	0.0039307	0.0039307	0.0039307	0.00393964706
0.01542534533	0.0040137	0.0040137	0.0040137	0.0040137	0.0040137	0.0040137	0.0040137	0.0040137	0.0040137	0.004023091111
0.01545289653	0.0040987	0.0040987	0.0040987	0.0040987	0.0040987	0.0040987	0.0040987	0.0040987	0.0040987	0.00410844557
0.01548044772	0.0041855	0.0041855	0.0041855	0.0041855	0.0041855	0.0041855	0.0041855	0.0041855	0.0041855	0.004195710902
0.01550799892	0.0042742	0.0042742	0.0042742	0.0042742	0.0042742	0.0042742	0.0042742	0.0042742	0.0042742	0.004284886835
0.01553555012	0.0043649	0.0043649	0.0043649	0.0043649	0.0043649	0.0043649	0.0043649	0.0043649	0.0043649	0.004375973355
0.01556310131	0.0044574	0.0044574	0.0044574	0.0044574	0.0044574	0.0044574	0.0044574	0.0044574	0.0044574	0.004468971158
0.01559065251	0.0045518	0.0045518	0.0045518	0.0045518	0.0045518	0.0045518	0.0045518	0.0045518	0.0045518	0.004563880589
0.01561820371	0.0046481	0.0046481	0.0046481	0.0046481	0.0046481	0.0046481	0.0046481	0.0046481	0.0046481	0.004660696499
0.01564575491	0.0047464	0.0047464	0.0047464	0.0047464	0.0047464	0.0047464	0.0047464	0.0047464	0.0047464	0.00475942612
0.0156733061	0.0048465	0.0048465	0.0048465	0.0048465	0.0048465	0.0048465	0.0048465	0.0048465	0.0048465	0.004860065845
0.0157008573	0.0049486	0.0049486	0.0049486	0.0049486	0.0049486	0.0049486	0.0049486	0.0049486	0.0049486	0.004962616207
0.0157284085	0.0050525	0.0050525	0.0050525	0.0050525	0.0050525	0.0050525	0.0050525	0.0050525	0.0050525	0.005067077209
0.01575595969	0.0051583	0.0051583	0.0051583	0.0051583	0.0051583	0.0051583	0.0051583	0.0051583	0.0051583	0.005173448851
0.01578351089	0.0052661	0.0052661	0.0052661	0.0052661	0.0052661	0.0052661	0.0052661	0.0052661	0.0052661	0.005281731135
0.01581106209	0.0053757	0.0053757	0.0053757	0.0053757	0.0053757	0.0053757	0.0053757	0.0053757	0.0053757	0.005391924061
0.01583861329	0.0054873	0.0054873	0.0054873	0.0054873	0.0054873	0.0054873	0.0054873	0.0054873	0.0054873	0.005504027631
0.01586616448	0.0056007	0.0056007	0.0056007	0.0056007	0.0056007	0.0056007	0.0056007	0.0056007	0.0056007	0.005618041841
0.01589371568	0.005716	0.005716	0.005716	0.005716	0.005716	0.005716	0.005716	0.005716	0.005716	0.005733966704
0.01592126688	0.0058333	0.0058333	0.0058333	0.0058333	0.0058333	0.0058333	0.0058333	0.0058333	0.0058333	0.005851802225
0.01594881807	0.0059524	0.0059524	0.0059524	0.0059524	0.0059524	0.0059524	0.0059524	0.0059524	0.0059524	0.005971548391
0.01597636927	0.0060735	0.0060735	0.0060735	0.0060735	0.0060735	0.0060735	0.0060735	0.0060735	0.0060735	0.006093205201
0.01600392047	0.0061964	0.0061964	0.0061964	0.0061964	0.0061964	0.0061964	0.0061964	0.0061964	0.0061964	0.006216772659
0.01603147167	0.0063213	0.0063213	0.0063213	0.0063213	0.0063213	0.0063213	0.0063213	0.0063213	0.0063213	0.006342250772
0.01605902286	0.006448	0.006448	0.006448	0.006448	0.006448	0.006448	0.006448	0.006448	0.006448	0.006469639528
0.01608657406	0.0065767	0.0065767	0.0065767	0.0065767	0.0065767	0.0065767	0.0065767	0.0065767	0.0065767	0.006598938928
0.01611412526	0.0067072	0.0067072	0.0067072	0.0067072	0.0067072	0.0067072	0.0067072	0.0067072	0.0067072	0.006730148972
0.01614167645	0.0068397	0.0068397	0.0068397	0.0068397	0.0068397	0.0068397	0.0068397	0.0068397	0.0068397	0.006863269659
0.01616922765	0.006974	0.006974	0.006974	0.006974	0.006974	0.006974	0.006974	0.006974	0.006974	0.00699830099
0.01619677885	0.0071103	0.0071103	0.0071103	0.0071103	0.0071103	0.0071103	0.0071103	0.0071103	0.0071103	0.007135242965
0.01622433005	0.0072484	0.0072484	0.0072484	0.0072484	0.0072484	0.0072484	0.0072484	0.0072484	0.0072484	0.007274095583
0.01625188124	0.0073885	0.0073885	0.0073885	0.0073885	0.0073885	0.0073885	0.0073885	0.0073885	0.0073885	0.007414864436
0.01627943244	0.0075305	0.0075305	0.0075305	0.0075305	0.0075305	0.0075305	0.0075305	0.0075305	0.0075305	0.007557537532
0.01630698364	0.0076743	0.0076743	0.0076743	0.0076743	0.0076743	0.0076743	0.0076743	0.0076743	0.0076743	0.007702121324
0.01633453484	0.0078201	0.0078201	0.0078201	0.0078201	0.0078201	0.0078201	0.0078201	0.0078201	0.0078201	0.007848615807
0.01636208603	0.0079677	0.0079677	0.0079677	0.0079677	0.0079677	0.0079677	0.0079677	0.0079677	0.0079677	0.007997020989
0.01638963723	0.0081173	0.0081173	0.0081173	0.0081173	0.0081173	0.0081173	0.0081173	0.0081173	0.0081173	0.008147336877
0.01641718843	0.0082688	0.0082688	0.0082688	0.0082688	0.0082688	0.0082688	0.0082688	0.0082688	0.0082688	0.008299563473
0.01644473962	0.0084221	0.0084221	0.0084221	0.0084221	0.0084221	0.0084221	0.0084221	0.0084221	0.0084221	0.008453700785
0.01647229082	0.0085774	0.0085774	0.0085774	0.0085774	0.0085774	0.0085774	0.0085774	0.0085774	0.0085774	0.008609748822
0.01649984202	0.0087346	0.0087346	0.0087346	0.0087346	0.0087346	0.0087346	0.0087346	0.0087346	0.0087346	0.00876770761
0.01652739322	0.0088936	0.0088936	0.0088936	0.0088936	0.0088936	0.0088936	0.0088936	0.0088936	0.0088936	0.00892757711
0.01655494441	0.009212	0.009212	0.009212	0.009212	0.009212	0.009212	0.009212	0.009212	0.009212	0.009089357372
