0.002807	4	24	58	107	199	0.149353	0.149392	0.220967	0.144640	0.335648	
0.002834	4	24	58	107	199	0.146691	0.152751	0.218144	0.143163	0.339251	
0.002862	4	107	183	199	216	0.219216	0.174581	0.139971	0.301005	0.165228	
0.002890	4	107	183	199	216	0.215028	0.171693	0.141203	0.302034	0.170043	
0.002917	4	107	183	199	216	0.210839	0.168805	0.142436	0.303062	0.174858	
0.002945	4	107	183	199	216	0.206651	0.165917	0.143669	0.304091	0.179673	
0.002972	4	107	183	199	216	0.202463	0.163029	0.144901	0.305119	0.184488	
0.003000	4	107	183	199	216	0.198275	0.160141	0.146134	0.306148	0.189303	
0.003027	4	107	183	199	216	0.194087	0.157253	0.147367	0.307176	0.194118	
0.003055	4	107	183	199	216	0.189898	0.154365	0.148599	0.308205	0.198933	
0.003082	4	107	183	199	216	0.185710	0.151477	0.149832	0.309233	0.203748	
0.003110	4	107	183	199	216	0.181522	0.148589	0.151065	0.310262	0.208563	
0.003138	4	107	183	199	216	0.177334	0.145701	0.152297	0.311290	0.213378	
0.003165	4	107	183	199	216	0.173146	0.142812	0.153530	0.312319	0.218193	
0.003193	4	107	183	199	216	0.168958	0.139924	0.154763	0.313348	0.223008	
0.003220	4	107	183	199	216	0.164769	0.137036	0.155995	0.314376	0.227823	
0.003248	4	107	183	199	216	0.160581	0.134148	0.157228	0.315405	0.232638	
0.003275	4	107	183	199	216	0.156393	0.131260	0.158461	0.316433	0.237453	
0.003303	4	107	183	199	216	0.152205	0.128372	0.159693	0.317462	0.242268	
0.003330	4	107	183	199	216	0.148017	0.125484	0.160926	0.318490	0.247083	
0.003358	4	107	183	199	216	0.143829	0.122596	0.162159	0.319519	0.251898	
0.003385	4	107	183	199	216	0.139640	0.119708	0.163392	0.320547	0.256713	
0.003413	4	107	183	199	216	0.135452	0.116820	0.164624	0.321576	0.261528	
0.003441	4	107	183	199	216	0.131264	0.113932	0.165857	0.322604	0.266343	
0.003468	4	107	183	199	216	0.127076	0.111044	0.167090	0.323633	0.271158	
0.003496	4	107	183	199	216	0.122888	0.108156	0.168322	0.324661	0.275973	
0.003523	4	24	26	190	199	0.128274	0.152607	0.226033	0.166581	0.326504	
0.003551	4	24	26	190	199	0.123270	0.156124	0.227598	0.165253	0.327755	
0.003578	4	24	26	190	199	0.118265	0.159640	0.229163	0.163925	0.329006	
0.003606	4	24	26	190	199	0.113261	0.163157	0.230728	0.162597	0.330257	
0.003633	4	142	183	199	216	0.172029	0.129177	0.152562	0.311021	0.235210	
0.003661	4	142	183	199	216	0.166002	0.130372	0.153146	0.310436	0.240044	
0.003689	4	142	183	199	216	0.159975	0.131566	0.153731	0.309850	0.244879	
0.003716	4	142	183	199	216	0.153947	0.132760	0.154315	0.309265	0.249713	
0.003744	4	142	183	199	216	0.147920	0.133954	0.154899	0.308679	0.254547	
0.003771	4	142	183	199	216	0.141893	0.135148	0.155484	0.308094	0.259381	
0.003799	4	142	183	199	216	0.135866	0.136342	0.156068	0.307508	0.264216	
0.003826	4	24	183	199	216	0.157923	0.106964	0.158944	0.335726	0.240442	
0.003854	4	24	183	199	216	0.152723	0.109597	0.159025	0.334921	0.243734	
0.003881	4	24	183	199	216	0.147523	0.112230	0.159105	0.334116	0.247026	
0.003909	4	24	183	199	216	0.142323	0.114863	0.159185	0.333311	0.250318	
0.003936	4	24	183	199	216	0.137123	0.117496	0.159265	0.332506	0.253610	
0.003964	4	24	183	199	216	0.131923	0.120129	0.159345	0.331701	0.256902	
0.003992	4	24	183	199	216	0.126723	0.122762	0.159425	0.330895	0.260194	
0.004019	24	26	183	190	199	0.148343	0.236787	0.134693	0.163499	0.316677	
0.004047	24	26	183	190	199	0.156394	0.234652	0.134976	0.155850	0.318128	
0.004074	24	26	190	199	216	0.125646	0.234444	0.183057	0.279567	0.177286	
0.004102	24	26	190	199	216	0.131035	0.230750	0.175761	0.278385	0.184070	
0.004129	24	26	190	199	216	0.136423	0.227056	0.168465	0.277202	0.190854	
0.004157	24	26	190	199	216	0.141811	0.223362	0.161170	0.276019	0.197638	
0.004184	24	26	190	199	216	0.147199	0.219668	0.153874	0.274837	0.204422	
0.004212	24	26	190	199	216	0.152587	0.215974	0.146578	0.273654	0.211206	
0.004240	24	26	190	199	216	0.157976	0.212280	0.139283	0.272472	0.217989	
0.004267	24	26	190	199	216	0.163364	0.208587	0.131987	0.271289	0.224773	
0.004295	24	26	190	199	216	0.168752	0.204893	0.124691	0.270107	0.231557	
0.004322	24	26	190	199	216	0.174140	0.201199	0.117396	0.268924	0.238341	
0.004350	24	26	183	199	216	0.100193	0.201897	0.155328	0.329042	0.213540	
0.004377	24	26	183	199	216	0.110411	0.194764	0.152208	0.320864	0.221753	
0.004405	24	26	183	199	216	0.120628	0.187632	0.149087	0.312686	0.229967	
0.004432	24	26	183	199	216	0.130846	0.180500	0.145967	0.304508	0.238180	
0.004460	24	26	183	199	216	0.141063	0.173367	0.142846	0.296330	0.246393	
0.004488	24	26	183	199	216	0.151281	0.166235	0.139725	0.288152	0.254607	
0.004515	24	26	183	199	216	0.161499	0.159103	0.136605	0.279974	0.262820	
0.004543	24	26	183	199	216	0.171716	0.151970	0.133484	0.271796	0.271033	
0.004570	24	26	183	199	216	0.181934	0.144838	0.130363	0.263618	0.279247	
0.004598	24	26	183	199	216	0.192151	0.137706	0.127243	0.255440	0.287460	
0.004625	24	142	183	199	216	0.148788	0.132426	0.142876	0.281938	0.293972	
0.004653	24	79	183	199	216	0.147129	0.127785	0.145729	0.301430	0.277927	
0.004680	24	79	183	199	216	0.157747	0.132620	0.139486	0.288263	0.281885	
0.004708	21	24	183	199	216	0.074895	0.120970	0.179311	0.347841	0.276982	
0.004735	21	24	183	199	216	0.081112	0.125833	0.175981	0.339965	0.277108	
0.004763	21	24	183	199	216	0.087329	0.130696	0.172651	0.332090	0.277234	
0.004791	21	24	183	199	216	0.093546	0.135559	0.169322	0.324214	0.277360	
0.004818	21	24	183	199	216	0.099763	0.140422	0.165992	0.316338	0.277486	
0.004846	21	24	183	199	216	0.105979	0.145285	0.162662	0.308462	0.277612	
0.004873	21	24	183	199	216	0.112196	0.150148	0.159332	0.300586	0.277738	
0.004901	21	24	183	199	216	0.118413	0.155011	0.156002	0.292710	0.277863	
0.004928	21	24	183	199	216	0.124630	0.159874	0.152673	0.284834	0.277989	
0.004956	2	24	183	199	216	0.119285	0.156368	0.152446	0.296699	0.275202	
0.004983	2	24	183	199	216	0.125660	0.159899	0.149561	0.290470	0.274410	
0.005011	24	54	142	199	216	0.161072	0.102331	0.170579	0.306492	0.259526	
0.005039	24	54	142	199	216	0.164908	0.108274	0.170397	0.299281	0.257141	
0.005066	24	54	142	199	216	0.168744	0.114217	0.170214	0.292069	0.254756	
0.005094	24	54	142	199	216	0.172580	0.120160	0.170032	0.284857	0.252371	
0.005121	24	174	183	199	216	0.155818	0.069093	0.172413	0.326557	0.276119	
0.005149	24	174	183	199	216	0.157375	0.072218	0.171530	0.324120	0.274757	
0.005176	24	174	183	199	216	0.158933	0.075342	0.170648	0.321682	0.273395	
0.005204	24	174	183	199	216	0.160490	0.078467	0.169765	0.319245	0.272033	
0.005231	24	174	183	199	216	0.162047	0.081591	0.168882	0.316807	0.270671	
0.005259	24	174	183	199	216	0.163605	0.084716	0.168000	0.314370	0.269309	
0.005287	24	174	183	199	216	0.165162	0.087840	0.167117	0.311933	0.267948	
0.005314	24	174	183	199	216	0.166719	0.090965	0.166235	0.309495	0.266586	
0.005342	24	174	183	199	216	0.168277	0.094090	0.165352	0.307058	0.265224	
0.005369	24	174	183	199	216	0.169834	0.097214	0.164470	0.304620	0.263862	
0.005397	24	174	183	199	216	0.171392	0.100339	0.163587	0.302183	0.262500	
0.005424	24	174	183	199	216	0.172949	0.103463	0.162705	0.299745	0.261138	
0.005452	24	174	183	199	216	0.174506	0.106588	0.161822	0.297308	0.259776	
0.005479	2	24	54	142	199	0.140095	0.189486	0.136854	0.197600	0.335964	
0.005507	2	24	54	142	199	0.143963	0.191216	0.139984	0.196606	0.328230	
0.005534	2	24	54	142	199	0.147831	0.192947	0.143114	0.195612	0.320495	
0.005562	2	24	54	142	199	0.151699	0.194678	0.146244	0.194618	0.312760	
0.005590	2	24	54	142	199	0.155567	0.196409	0.149374	0.193624	0.305025	
0.005617	2	24	54	142	199	0.159436	0.198139	0.152504	0.192630	0.297290	
0.005645	2	24	54	142	199	0.163304	0.199870	0.155634	0.191636	0.289556	
0.005672	2	24	54	142	199	0.167172	0.201601	0.158764	0.190642	0.281821	
0.005700	2	24	54	142	199	0.171040	0.203332	0.161894	0.189648	0.274086	
0.005727	2	24	54	142	199	0.174908	0.205062	0.165024	0.188654	0.266351	
0.005755	2	24	54	142	199	0.178776	0.206793	0.168154	0.187660	0.258616	
0.005782	2	24	54	142	199	0.182644	0.208524	0.171284	0.186666	0.250881	
0.005810	2	24	54	142	199	0.186512	0.210255	0.174414	0.185672	0.243147	
0.005838	2	24	35	199	216	0.133638	0.184046	0.102910	0.321495	0.257910	
0.005865	2	24	35	199	216	0.135480	0.184779	0.105675	0.318426	0.255639	
0.005893	2	24	35	199	216	0.137322	0.185511	0.108440	0.315358	0.253368	
0.005920	2	24	35	199	216	0.139164	0.186244	0.111205	0.312289	0.251097	
0.005948	2	24	174	199	216	0.141725	0.202053	0.104709	0.301288	0.250224	
0.005975	2	24	174	183	199	0.153620	0.202094	0.125322	0.169019	0.349945	
0.006003	2	24	142	174	199	0.162223	0.207750	0.188972	0.112756	0.328300	
0.006030	2	24	142	174	199	0.163681	0.208541	0.188167	0.115374	0.324237	
0.006058	2	24	142	174	199	0.165140	0.209331	0.187363	0.117992	0.320174	
0.006085	2	24	142	174	199	0.166599	0.210122	0.186559	0.120610	0.316110	
0.006113	2	24	142	174	199	0.168058	0.210913	0.185754	0.123228	0.312047	
0.006141	2	24	142	174	199	0.169516	0.211704	0.184950	0.125845	0.307984	
0.006168	2	24	142	174	199	0.170975	0.212495	0.184146	0.128463	0.303921	
0.006196	2	24	142	174	199	0.172434	0.213286	0.183341	0.131081	0.299858	
0.006223	2	24	142	174	199	0.173892	0.214077	0.182537	0.133699	0.295795	
0.006251	2	24	142	174	199	0.175351	0.214868	0.181733	0.136317	0.291732	
0.006278	2	24	142	174	199	0.176810	0.215659	0.180928	0.138934	0.287669	
0.006306	2	24	142	174	199	0.178268	0.216449	0.180124	0.141552	0.283606	
0.006333	2	24	142	174	199	0.179727	0.217240	0.179320	0.144170	0.279543	
0.006361	2	24	142	174	199	0.181186	0.218031	0.178515	0.146788	0.275480	
0.006389	2	24	54	174	199	0.163833	0.236310	0.128911	0.106862	0.364084	
0.006416	2	24	54	174	199	0.165130	0.236856	0.129436	0.109312	0.359266	
0.006444	2	24	54	174	199	0.166426	0.237403	0.129961	0.111762	0.354449	
0.006471	2	24	54	174	199	0.167722	0.237949	0.130485	0.114211	0.349632	
0.006499	2	24	54	174	199	0.169019	0.238496	0.131010	0.116661	0.344814	
0.006526	2	24	54	174	199	0.170315	0.239042	0.131535	0.119111	0.339997	
0.006554	2	24	54	174	199	0.171612	0.239589	0.132060	0.121560	0.335179	
0.006581	2	24	54	174	199	0.172908	0.240135	0.132585	0.124010	0.330362	
0.006609	2	24	54	174	199	0.174204	0.240682	0.133110	0.126460	0.325544	
0.006637	2	24	54	174	199	0.175501	0.241228	0.133634	0.128910	0.320727	
0.006664	2	24	54	174	199	0.176797	0.241775	0.134159	0.131359	0.315910	
0.006692	2	24	54	174	199	0.178093	0.242321	0.134684	0.133809	0.311092	
0.006719	2	24	54	174	199	0.179390	0.242868	0.135209	0.136259	0.306275	
0.006747	2	24	35	174	199	0.167580	0.230749	0.104847	0.108528	0.388295	
0.006774	2	24	35	174	199	0.168441	0.230955	0.106182	0.110202	0.384219	
0.006802	2	24	35	174	199	0.169302	0.231161	0.107517	0.111876	0.380143	
0.006829	2	24	35	174	199	0.170163	0.231367	0.108851	0.113550	0.376068	
0.006857	2	24	35	174	199	0.171024	0.231573	0.110186	0.115225	0.371992	
0.006884	2	24	35	174	199	0.171885	0.231779	0.111520	0.116899	0.367917	
0.006912	2	24	35	174	199	0.172746	0.231985	0.112855	0.118573	0.363841	
0.006940	2	24	35	174	199	0.173607	0.232191	0.114190	0.120247	0.359765	
0.006967	2	24	35	174	199	0.174468	0.232397	0.115524	0.121921	0.355690	
0.006995	2	24	35	174	199	0.175329	0.232603	0.116859	0.123595	0.351614	
0.007022	2	24	35	174	199	0.176190	0.232809	0.118194	0.125269	0.347539	
0.007050	2	24	35	174	199	0.177051	0.233015	0.119528	0.126943	0.343463	
0.007077	2	24	35	174	199	0.177912	0.233221	0.120863	0.128617	0.339387	
0.007105	2	24	35	174	199	0.178773	0.233427	0.122198	0.130291	0.335312	
0.007132	2	24	35	174	199	0.179633	0.233633	0.123532	0.131965	0.331236	
0.007160	2	24	35	174	199	0.180494	0.233839	0.124867	0.133639	0.327161	
0.007188	2	24	35	174	199	0.181355	0.234045	0.126201	0.135313	0.323085	
0.007215	2	24	35	174	199	0.182216	0.234251	0.127536	0.136987	0.319009	
0.007243	2	24	35	174	199	0.183077	0.234457	0.128871	0.138661	0.314934	
0.007270	2	24	35	174	199	0.183938	0.234663	0.130205	0.140335	0.310858	
0.007298	2	24	35	174	199	0.184799	0.234869	0.131540	0.142009	0.306783	
0.007325	2	24	35	174	199	0.185660	0.235075	0.132875	0.143684	0.302707	
0.007353	2	24	35	174	199	0.186521	0.235281	0.134209	0.145358	0.298631	
0.007380	2	24	35	174	199	0.187382	0.235487	0.135544	0.147032	0.294556	
0.007408	2	24	35	174	199	0.188243	0.235693	0.136879	0.148706	0.290480	
0.007435	2	24	35	174	199	0.189104	0.235899	0.138213	0.150380	0.286405	
0.007463	2	24	35	174	199	0.189965	0.236105	0.139548	0.152054	0.282329	
0.007491	2	24	35	174	199	0.190826	0.236311	0.140882	0.153728	0.278253	
0.007518	2	24	35	174	199	0.191686	0.236517	0.142217	0.155402	0.274178	
0.007546	2	24	35	174	199	0.192547	0.236723	0.143552	0.157076	0.270102	
0.007573	2	24	35	174	199	0.193408	0.236929	0.144886	0.158750	0.266027	
0.007601	2	24	35	174	199	0.194269	0.237135	0.146221	0.160424	0.261951	
0.007628	2	24	35	174	199	0.195130	0.237341	0.147556	0.162098	0.257875	
0.007656	2	24	35	174	199	0.195991	0.237547	0.148890	0.163772	0.253800	
0.007683	2	24	35	174	199	0.196852	0.237753	0.150225	0.165446	0.249724	
0.007711	2	24	35	174	199	0.197713	0.237958	0.151560	0.167120	0.245649	
0.007739	2	24	35	174	199	0.198574	0.238164	0.152894	0.168794	0.241573	
0.007766	2	24	35	174	199	0.199435	0.238370	0.154229	0.170468	0.237497	
0.007794	2	24	35	174	199	0.200296	0.238576	0.155563	0.172143	0.233422	
0.007821	2	24	35	174	199	0.201157	0.238782	0.156898	0.173817	0.229346	
0.007849	2	24	35	174	199	0.202018	0.238988	0.158233	0.175491	0.225271	
0.007876	2	24	35	174	199	0.202879	0.239194	0.159567	0.177165	0.221195	
0.007904	2	24	35	174	199	0.203739	0.239400	0.160902	0.178839	0.217119	
0.007931	2	24	35	174	199	0.204600	0.239606	0.162237	0.180513	0.213044	
0.007959	2	24	35	174	199	0.205461	0.239812	0.163571	0.182187	0.208968	
0.007987	2	24	35	57	174	0.220279	0.265836	0.150538	0.188292	0.175055	
0.008014	2	24	35	57	174	0.220477	0.264896	0.152318	0.185291	0.177018	
0.008042	2	24	35	57	174	0.220674	0.263956	0.154097	0.182291	0.178982	
0.008069	2	24	35	57	174	0.220872	0.263016	0.155876	0.179291	0.180945	
0.008097	2	24	35	57	174	0.221069	0.262076	0.157656	0.176291	0.182908	
0.008124	2	24	35	57	174	0.221267	0.261135	0.159435	0.173291	0.184871	
0.008152	2	24	35	57	174	0.221464	0.260195	0.161214	0.170291	0.186835	
0.008179	2	24	35	57	174	0.221662	0.259255	0.162994	0.167291	0.188798	
0.008207	2	24	35	125	174	0.242209	0.300558	0.121305	0.186669	0.149260	
0.008234	2	24	35	125	174	0.241279	0.297712	0.123780	0.185439	0.151790	
0.008262	2	24	35	125	174	0.240350	0.294866	0.126254	0.184210	0.154319	
0.008290	2	24	35	125	174	0.239421	0.292021	0.128729	0.182980	0.156849	
0.008317	2	24	35	125	174	0.238492	0.289175	0.131203	0.181750	0.159379	
0.008345	2	24	35	125	174	0.237563	0.286329	0.133678	0.180521	0.161909	
0.008372	2	24	35	125	174	0.236634	0.283483	0.136152	0.179291	0.164439	
0.008400	2	24	35	125	174	0.235705	0.280637	0.138627	0.178062	0.166969	
0.008427	2	24	35	125	174	0.234776	0.277791	0.141101	0.176832	0.169499	
0.008455	2	24	35	125	174	0.233847	0.274946	0.143576	0.175603	0.172029	
0.008482	2	24	35	125	174	0.232917	0.272100	0.146050	0.174373	0.174559	
0.008510	2	24	35	125	174	0.231988	0.269254	0.148525	0.173144	0.177089	
0.008538	2	24	35	125	174	0.231059	0.266408	0.150999	0.171914	0.179619	
0.008565	2	24	35	125	174	0.230130	0.263562	0.153474	0.170684	0.182149	
0.008593	2	24	35	125	174	0.229201	0.260716	0.155948	0.169455	0.184679	
0.008620	2	24	96	174	206	0.207419	0.323538	0.206166	0.145955	0.116921	
0.008648	2	24	96	174	206	0.205836	0.320545	0.206556	0.148165	0.118898	
0.008675	2	24	96	174	206	0.204254	0.317553	0.206945	0.150374	0.120874	
0.008703	2	24	96	174	206	0.202671	0.314560	0.207335	0.152584	0.122851	
0.008730	2	24	96	174	206	0.201089	0.311567	0.207724	0.154793	0.124827	
0.008758	2	24	96	174	206	0.199506	0.308575	0.208113	0.157002	0.126803	
0.008786	2	24	96	174	206	0.197924	0.305582	0.208503	0.159212	0.128780	
0.008813	2	24	96	174	206	0.196341	0.302589	0.208892	0.161421	0.130756	
0.008841	2	24	96	174	206	0.194759	0.299597	0.209282	0.163630	0.132732	
0.008868	2	24	96	174	206	0.193176	0.296604	0.209671	0.165840	0.134709	
0.008896	2	24	96	174	206	0.191594	0.293611	0.210060	0.168049	0.136685	
0.008923	2	24	96	174	206	0.190012	0.290619	0.210450	0.170259	0.138661	
0.008951	2	24	96	174	206	0.188429	0.287626	0.210839	0.172468	0.140638	
0.008978	2	24	96	174	206	0.186847	0.284633	0.211229	0.174677	0.142614	
0.009006	2	24	96	174	206	0.185264	0.281641	0.211618	0.176887	0.144590	
0.009033	2	24	96	174	206	0.183682	0.278648	0.212007	0.179096	0.146567	
0.009061	2	24	96	174	206	0.182099	0.275655	0.212397	0.181305	0.148543	
0.009089	2	24	96	174	206	0.180517	0.272663	0.212786	0.183515	0.150520	
0.009116	2	24	96	174	206	0.178934	0.269670	0.213176	0.185724	0.152496	
0.009144	2	24	96	174	206	0.177352	0.266677	0.213565	0.187934	0.154472	
0.009171	2	24	96	174	206	0.175769	0.263685	0.213954	0.190143	0.156449	
0.009199	2	24	96	174	206	0.174187	0.260692	0.214344	0.192352	0.158425	
0.009226	2	24	96	174	206	0.172604	0.257699	0.214733	0.194562	0.160401	
0.009254	2	24	96	174	206	0.171022	0.254707	0.215123	0.196771	0.162378	
0.009281	2	24	40	174	206	0.255788	0.340357	0.057413	0.211107	0.135334	
0.009309	2	24	40	174	206	0.254448	0.337881	0.058279	0.212652	0.136740	
0.009337	2	24	40	174	206	0.253107	0.335405	0.059144	0.214196	0.138147	
0.009364	2	24	40	174	206	0.251767	0.332929	0.060009	0.215741	0.139553	
0.009392	2	24	40	174	206	0.250426	0.330453	0.060875	0.217286	0.140960	
0.009419	2	24	40	174	206	0.249086	0.327977	0.061740	0.218830	0.142366	
0.009447	2	24	40	174	206	0.247745	0.325501	0.062606	0.220375	0.143773	
0.009474	2	24	40	174	206	0.246405	0.323025	0.063471	0.221920	0.145179	
0.009502	2	24	40	174	206	0.245064	0.320549	0.064336	0.223464	0.146585	
0.009529	2	24	40	174	206	0.243724	0.318073	0.065202	0.225009	0.147992	
0.009557	2	24	40	174	206	0.242383	0.315597	0.066067	0.226554	0.149398	
0.009584	2	24	40	174	206	0.241043	0.313122	0.066933	0.228098	0.150805	
0.009612	2	24	40	174	206	0.239703	0.310646	0.067798	0.229643	0.152211	
0.009640	2	24	40	174	206	0.238362	0.308170	0.068663	0.231188	0.153617	
0.009667	2	24	40	174	206	0.237022	0.305694	0.069529	0.232732	0.155024	
0.009695	2	24	40	174	206	0.235681	0.303218	0.070394	0.234277	0.156430	
0.009722	2	24	40	174	206	0.234341	0.300742	0.071260	0.235821	0.157837	
0.009750	2	24	40	174	206	0.233000	0.298266	0.072125	0.237366	0.159243	
0.009777	2	24	40	174	206	0.231660	0.295790	0.072990	0.238911	0.160650	
0.009805	2	24	40	174	206	0.230319	0.293314	0.073856	0.240455	0.162056	
0.009832	2	24	40	174	206	0.228979	0.290838	0.074721	0.242000	0.163462	
0.009860	2	24	40	174	206	0.227638	0.288362	0.075586	0.243545	0.164869	
0.009888	2	24	40	174	206	0.226298	0.285886	0.076452	0.245089	0.166275	
0.009915	24	40	96	174	206	0.306848	0.063606	0.252552	0.199227	0.177767	
0.009943	24	40	96	174	206	0.303809	0.064522	0.251748	0.200844	0.179077	
0.009970	24	40	96	174	206	0.300771	0.065439	0.250945	0.202460	0.180386	
0.009998	24	40	96	174	206	0.297732	0.066355	0.250141	0.204076	0.181695	
0.010025	24	40	96	174	206	0.294694	0.067272	0.249338	0.205692	0.183005	
0.010053	24	40	96	174	206	0.291655	0.068188	0.248534	0.207308	0.184314	
0.010080	24	40	96	174	206	0.288617	0.069104	0.247731	0.208925	0.185623	
0.010108	24	40	96	174	206	0.285578	0.070021	0.246927	0.210541	0.186933	
0.010136	24	40	96	174	206	0.282540	0.070937	0.246124	0.212157	0.188242	
0.010163	24	40	96	174	206	0.279501	0.071854	0.245320	0.213773	0.189551	
0.010191	24	40	96	174	206	0.276463	0.072770	0.244517	0.215390	0.190861	
0.010218	24	40	96	174	206	0.273424	0.073687	0.243713	0.217006	0.192170	
0.010246	24	40	96	174	206	0.270386	0.074603	0.242910	0.218622	0.193479	
0.010273	24	40	96	174	206	0.267347	0.075519	0.242106	0.220238	0.194789	
0.010301	24	40	96	174	206	0.264309	0.076436	0.241303	0.221854	0.196098	
0.010328	24	40	96	174	206	0.261270	0.077352	0.240499	0.223471	0.197408	
0.010356	24	40	96	174	206	0.258232	0.078269	0.239696	0.225087	0.198717	
0.010383	24	40	96	174	206	0.255193	0.079185	0.238892	0.226703	0.200026	
0.010411	24	40	96	174	206	0.252155	0.080101	0.238089	0.228319	0.201336	
0.010439	24	40	96	174	206	0.249116	0.081018	0.237285	0.229936	0.202645	
0.010466	24	40	96	174	206	0.246078	0.081934	0.236482	0.231552	0.203954	
0.010494	24	40	96	174	206	0.243039	0.082851	0.235679	0.233168	0.205264	
0.010521	24	40	96	174	206	0.240001	0.083767	0.234875	0.234784	0.206573	
0.010549	24	40	96	174	206	0.236962	0.084683	0.234072	0.236400	0.207882	
0.010576	24	40	96	174	206	0.233924	0.085600	0.233268	0.238017	0.209192	
0.010604	24	40	96	174	206	0.230885	0.086516	0.232465	0.239633	0.210501	
0.010631	24	40	96	174	206	0.227847	0.087433	0.231661	0.241249	0.211810	
0.010659	24	40	96	174	206	0.224808	0.088349	0.230858	0.242865	0.213120	
0.010687	24	40	96	174	206	0.221770	0.089266	0.230054	0.244482	0.214429	
0.010714	24	40	96	174	206	0.218731	0.090182	0.229251	0.246098	0.215738	
0.010742	24	40	96	174	206	0.215693	0.091098	0.228447	0.247714	0.217048	
0.010769	24	40	96	174	206	0.212654	0.092015	0.227644	0.249330	0.218357	
0.010797	24	40	96	174	206	0.209616	0.092931	0.226840	0.250946	0.219666	
0.010824	24	40	96	174	206	0.206577	0.093848	0.226037	0.252563	0.220976	
0.010852	24	40	96	174	206	0.203539	0.094764	0.225233	0.254179	0.222285	
0.010879	24	40	96	174	206	0.200500	0.095680	0.224430	0.255795	0.223594	
0.010907	24	40	96	174	206	0.197462	0.096597	0.223626	0.257411	0.224904	
0.010935	24	40	96	174	206	0.194423	0.097513	0.222823	0.259028	0.226213	
0.010962	24	35	40	174	206	0.289418	0.181546	0.092024	0.267058	0.169955	
0.010990	24	35	40	174	206	0.285733	0.182368	0.092833	0.268159	0.170908	
0.011017	24	35	40	174	206	0.282048	0.183190	0.093641	0.269261	0.171861	
0.011045	24	35	40	174	206	0.278362	0.184012	0.094449	0.270362	0.172815	
0.011072	24	35	40	174	206	0.274677	0.184834	0.095258	0.271463	0.173768	
0.011100	24	35	40	174	206	0.270992	0.185656	0.096066	0.272565	0.174721	
0.011127	24	35	40	174	206	0.267307	0.186478	0.096874	0.273666	0.175675	
0.011155	24	35	40	174	206	0.263622	0.187300	0.097682	0.274768	0.176628	
0.011182	24	35	40	174	206	0.259937	0.188122	0.098491	0.275869	0.177581	
0.011210	24	35	40	174	206	0.256252	0.188944	0.099299	0.276971	0.178535	
0.011238	24	35	40	174	206	0.252567	0.189766	0.100107	0.278072	0.179488	
0.011265	24	35	40	174	206	0.248882	0.190588	0.100916	0.279173	0.180441	
0.011293	24	35	40	174	206	0.245197	0.191410	0.101724	0.280275	0.181394	
0.011320	24	35	40	174	206	0.241512	0.192232	0.102532	0.281376	0.182348	
0.011348	24	35	40	174	206	0.237827	0.193054	0.103341	0.282478	0.183301	
0.011375	24	35	40	174	206	0.234142	0.193876	0.104149	0.283579	0.184254	
0.011403	24	35	40	174	206	0.230457	0.194698	0.104957	0.284680	0.185208	
0.011430	24	35	40	174	206	0.226772	0.195520	0.105765	0.285782	0.186161	
0.011458	35	40	96	174	206	0.201676	0.077551	0.351303	0.208789	0.160680	
0.011486	35	40	96	174	206	0.201986	0.079002	0.345819	0.210917	0.162277	
0.011513	35	40	96	174	206	0.202296	0.080452	0.340334	0.213044	0.163874	
0.011541	35	40	96	174	206	0.202606	0.081903	0.334849	0.215171	0.165471	
0.011568	35	40	96	174	206	0.202916	0.083353	0.329364	0.217298	0.167068	
0.011596	35	40	96	174	206	0.203226	0.084804	0.323879	0.219426	0.168665	
0.011623	35	40	96	174	206	0.203536	0.086255	0.318395	0.221553	0.170262	
0.011651	35	40	96	174	206	0.203846	0.087705	0.312910	0.223680	0.171859	
0.011678	35	40	96	174	206	0.204156	0.089156	0.307425	0.225808	0.173456	
0.011706	35	40	96	174	206	0.204466	0.090606	0.301940	0.227935	0.175053	
0.011733	35	40	96	174	206	0.204775	0.092057	0.296455	0.230062	0.176650	
0.011761	35	40	96	174	206	0.205085	0.093508	0.290971	0.232189	0.178247	
0.011789	35	40	96	174	206	0.205395	0.094958	0.285486	0.234317	0.179844	
0.011816	35	40	96	174	206	0.205705	0.096409	0.280001	0.236444	0.181441	
0.011844	35	40	96	174	206	0.206015	0.097859	0.274516	0.238571	0.183038	
0.011871	35	40	96	174	206	0.206325	0.099310	0.269032	0.240698	0.184635	
0.011899	35	40	96	174	206	0.206635	0.100761	0.263547	0.242826	0.186232	
0.011926	35	40	96	174	206	0.206945	0.102211	0.258062	0.244953	0.187829	
0.011954	35	40	96	174	206	0.207255	0.103662	0.252577	0.247080	0.189426	
0.011981	35	40	96	174	206	0.207564	0.105112	0.247092	0.249207	0.191023	
0.012009	35	40	96	174	206	0.207874	0.106563	0.241608	0.251335	0.192620	
0.012037	35	40	96	174	206	0.208184	0.108013	0.236123	0.253462	0.194217	
0.012064	35	40	96	174	206	0.208494	0.109464	0.230638	0.255589	0.195814	
0.012092	35	40	96	174	206	0.208804	0.110915	0.225153	0.257716	0.197411	
0.012119	35	40	96	174	206	0.209114	0.112365	0.219669	0.259844	0.199009	
0.012147	35	40	96	174	206	0.209424	0.113816	0.214184	0.261971	0.200606	
0.012174	35	40	96	174	206	0.209734	0.115266	0.208699	0.264098	0.202203	
0.012202	35	40	96	174	206	0.210044	0.116717	0.203214	0.266225	0.203800	
0.012229	35	40	96	174	206	0.210354	0.118168	0.197729	0.268353	0.205397	
0.012257	35	40	96	174	206	0.210663	0.119618	0.192245	0.270480	0.206994	
0.012285	35	40	96	174	206	0.210973	0.121069	0.186760	0.272607	0.208591	
0.012312	35	40	96	174	206	0.211283	0.122519	0.181275	0.274735	0.210188	
0.012340	35	40	96	174	206	0.211593	0.123970	0.175790	0.276862	0.211785	
0.012367	35	40	96	174	206	0.211903	0.125421	0.170306	0.278989	0.213382	
0.012395	35	40	96	174	206	0.212213	0.126871	0.164821	0.281116	0.214979	
0.012422	35	40	96	174	206	0.212523	0.128322	0.159336	0.283244	0.216576	
0.012450	35	40	96	174	206	0.212833	0.129772	0.153851	0.285371	0.218173	
0.012477	35	40	96	174	206	0.213143	0.131223	0.148366	0.287498	0.219770	
0.012505	35	40	96	174	206	0.213452	0.132674	0.142882	0.289625	0.221367	
0.012532	35	40	96	174	206	0.213762	0.134124	0.137397	0.291753	0.222964	
0.012560	35	40	96	174	206	0.214072	0.135575	0.131912	0.293880	0.224561	
0.012588	35	40	68	174	206	0.226619	0.110514	0.194136	0.299331	0.169400	
0.012615	35	40	68	174	206	0.224149	0.113665	0.188509	0.299850	0.173826	
0.012643	35	40	68	174	206	0.221679	0.116816	0.182882	0.300370	0.178253	
0.012670	35	40	68	174	206	0.219208	0.119967	0.177255	0.300890	0.182680	
0.012698	35	40	68	174	206	0.216738	0.123118	0.171628	0.301410	0.187106	
0.012725	35	40	68	174	206	0.214268	0.126268	0.166001	0.301930	0.191533	
0.012753	35	40	68	174	206	0.211797	0.129419	0.160374	0.302450	0.195960	
0.012780	35	40	68	174	206	0.209327	0.132570	0.154747	0.302970	0.200386	
0.012808	35	40	68	174	206	0.206857	0.135721	0.149120	0.303490	0.204813	
0.012836	35	40	68	174	206	0.204386	0.138872	0.143493	0.304009	0.209239	
0.012863	35	40	68	174	206	0.201916	0.142023	0.137866	0.304529	0.213666	
0.012891	35	40	68	174	206	0.199446	0.145174	0.132239	0.305049	0.218093	
0.012918	35	40	68	174	206	0.196975	0.148325	0.126612	0.305569	0.222519	
0.012946	35	40	68	174	206	0.194505	0.151475	0.120985	0.306089	0.226946	
0.012973	35	40	68	174	206	0.192035	0.154626	0.115358	0.306609	0.231373	
0.013001	35	40	68	174	206	0.189564	0.157777	0.109731	0.307129	0.235799	
0.013028	35	40	68	174	206	0.187094	0.160928	0.104104	0.307649	0.240226	
0.013056	35	40	68	174	206	0.184624	0.164079	0.098476	0.308169	0.244652	
0.013083	35	40	68	174	206	0.182153	0.167230	0.092849	0.308688	0.249079	
0.013111	35	40	68	174	206	0.179683	0.170381	0.087222	0.309208	0.253506	
0.013139	35	40	68	174	206	0.177213	0.173531	0.081595	0.309728	0.257932	
0.013166	35	40	68	174	206	0.174742	0.176682	0.075968	0.310248	0.262359	
0.013194	35	40	68	174	206	0.172272	0.179833	0.070341	0.310768	0.266786	
0.013221	35	40	68	174	206	0.169801	0.182984	0.064714	0.311288	0.271212	
0.013249	35	40	68	174	206	0.167331	0.186135	0.059087	0.311808	0.275639	
0.013276	35	40	68	174	206	0.164861	0.189286	0.053460	0.312327	0.280066	
0.013304	35	40	68	174	206	0.162390	0.192437	0.047834	0.312847	0.284492	
0.013331	35	40	68	174	206	0.159920	0.195588	0.042207	0.313367	0.288919	
0.013359	35	40	68	174	206	0.157449	0.198739	0.036580	0.313887	0.293346	
0.013387	35	40	68	174	206	0.154979	0.201889	0.030953	0.314406	0.297772	
0.013414	35	40	68	174	206	0.152508	0.205040	0.025327	0.314926	0.302199	
0.013442	35	40	68	174	206	0.150036	0.208192	0.019702	0.315445	0.306626	
0.013469	35	40	68	174	206	0.147556	0.211345	0.014087	0.315958	0.311054	
0.013497	35	40	68	174	206	0.143728	0.214828	0.010147	0.315595	0.315702	
0.013524	35	40	174	206		0.144895	0.217089	0.318481	0.319535	
0.013552	35	40	174	206		0.137897	0.221348	0.316055	0.324701	
0.013579	35	40	174	206		0.130898	0.225606	0.313629	0.329867	
0.013607	35	40	174	206		0.123899	0.229864	0.311203	0.335033	
0.013635	35	40	174	206		0.116901	0.234123	0.308777	0.340199	
0.013662	35	40	174	206		0.109902	0.238381	0.306352	0.345365	
0.013690	35	40	174	206		0.102904	0.242639	0.303926	0.350531	
0.013717	35	40	174	206		0.095905	0.246898	0.301500	0.355697	
0.013745	35	40	174	206		0.088907	0.251156	0.299074	0.360863	
0.013772	35	40	174	206		0.081909	0.255415	0.296648	0.366029	
0.013800	35	40	174	206		0.074910	0.259673	0.294222	0.371195	
0.013827	35	40	174	206		0.067912	0.263931	0.291796	0.376360	
0.013855	35	40	174	206		0.060914	0.268190	0.289370	0.381526	
0.013882	35	40	174	206		0.053916	0.272448	0.286944	0.386692	
0.013910	35	40	174	206		0.046918	0.276707	0.284517	0.391858	
0.013938	35	40	174	206		0.039921	0.280965	0.282090	0.397023	
0.013965	35	40	174	206		0.032924	0.285224	0.279663	0.402189	
0.013993	35	40	174	206		0.025930	0.289483	0.277233	0.407354	
0.014020	35	40	174	206		0.018923	0.293740	0.274815	0.412522	
0.014048	35	40	174	206		0.011946	0.298002	0.272369	0.417682	
0.014075	40	174	206			0.301444	0.274380	0.424176	
0.014103	40	174	206			0.306857	0.265679	0.427463	
0.014130	40	174	206			0.312270	0.256979	0.430751	
0.014158	40	174	206			0.317683	0.248279	0.434038	
0.014186	40	174	206			0.323097	0.239578	0.437325	
0.014213	40	174	206			0.328510	0.230878	0.440612	
0.014241	40	174	206			0.333923	0.222178	0.443899	
0.014268	40	174	206			0.339336	0.213478	0.447187	
0.014296	40	174	206			0.344749	0.204777	0.450474	
0.014323	40	174	206			0.350162	0.196077	0.453761	
0.014351	40	174	206			0.355575	0.187377	0.457048	
0.014378	40	174	206			0.360988	0.178676	0.460335	
0.014406	40	174	206			0.366401	0.169976	0.463623	
0.014434	40	174	206			0.371814	0.161276	0.466910	
0.014461	40	174	206			0.377227	0.152576	0.470197	
0.014489	40	174	206			0.382641	0.143875	0.473484	
0.014516	40	174	206			0.388054	0.135175	0.476771	
0.014544	40	174	206			0.393467	0.126475	0.480058	
0.014571	40	174	206			0.398880	0.117775	0.483345	
0.014599	40	174	206			0.404293	0.109074	0.486633	
0.014626	40	174	206			0.409706	0.100374	0.489920	
0.014654	40	174	206			0.415119	0.091674	0.493207	
0.014681	40	174	206			0.420532	0.082974	0.496494	
0.014709	40	174	206			0.425946	0.074274	0.499781	
0.014737	40	174	206			0.431359	0.065574	0.503068	
0.014764	40	174	206			0.436772	0.056874	0.506354	
0.014792	40	174	206			0.442185	0.048174	0.509641	
0.014819	40	174	206			0.447599	0.039474	0.512927	
0.014847	40	174	206			0.453012	0.030776	0.516212	
0.014874	40	174	206			0.458427	0.022079	0.519494	
0.014902	40	174	206			0.463839	0.013376	0.522785	
0.014929	40	206				0.467370	0.532630	
0.014957	40	206				0.476285	0.523715	
0.014985	40	206				0.485199	0.514801	
0.015012	40	206				0.494113	0.505887	
0.015040	40	206				0.503027	0.496973	
0.015067	40	206				0.511942	0.488058	
0.015095	40	206				0.520856	0.479144	
0.015122	40	206				0.529770	0.470230	
0.015150	40	206				0.538685	0.461315	
0.015177	40	206				0.547599	0.452401	
0.015205	40	206				0.556513	0.443487	
0.015232	40	206				0.565427	0.434573	
0.015260	40	206				0.574342	0.425658	
0.015288	40	206				0.583256	0.416744	
0.015315	40	206				0.592170	0.407830	
0.015343	40	206				0.601084	0.398916	
0.015370	40	206				0.609999	0.390001	
0.015398	40	206				0.618913	0.381087	
0.015425	40	206				0.627827	0.372173	
0.015453	40	206				0.636742	0.363258	
0.015480	40	206				0.645656	0.354344	
0.015508	40	206				0.654570	0.345430	
0.015536	40	206				0.663484	0.336516	
0.015563	40	206				0.672399	0.327601	
0.015591	40	206				0.681313	0.318687	
0.015618	40	206				0.690227	0.309773	
0.015646	40	206				0.699142	0.300858	
0.015673	40	206				0.708056	0.291944	
0.015701	40	206				0.716970	0.283030	
0.015728	40	206				0.725884	0.274116	
0.015756	40	206				0.734799	0.265201	
0.015784	40	206				0.743713	0.256287	
0.015811	40	206				0.752627	0.247373	
0.015839	40	206				0.761541	0.238459	
0.015866	40	206				0.770456	0.229544	
0.015894	40	206				0.779370	0.220630	
0.015921	40	206				0.788284	0.211716	
0.015949	40	206				0.797199	0.202801	
0.015976	40	206				0.806113	0.193887	
0.016004	40	206				0.815027	0.184973	
0.016031	40	206				0.823941	0.176059	
0.016059	40	206				0.832856	0.167144	
0.016087	40	206				0.841770	0.158230	
0.016114	40	206				0.850684	0.149316	
0.016142	40	206				0.859599	0.140401	
0.016169	40	206				0.868513	0.131487	
0.016197	40	206				0.877427	0.122573	
0.016224	40	206				0.886341	0.113659	
0.016252	40	206				0.895256	0.104744	
0.016279	40	206				0.904170	0.095830	
0.016307	40	206				0.913084	0.086916	
0.016335	40	206				0.921998	0.078002	
0.016362	40	206				0.930913	0.069087	
0.016390	40	206				0.939827	0.060173	
0.016417	40	206				0.948741	0.051259	
0.016445	40	206				0.957656	0.042344	
0.016472	40	206				0.966570	0.033430	
0.016500	40	206				0.975484	0.024516	
0.016527	40	206				0.984398	0.015602	
0.016555						
