0.003469	2	10	17	24	26	31	33	44	67	71	0.115102	0.068996	0.084167	0.113531	0.063962	0.149651	0.115304	0.067501	0.159327	0.062461	
0.003506	2	10	17	24	26	31	33	44	67	71	0.113283	0.070862	0.080135	0.110514	0.065654	0.147689	0.115001	0.069640	0.161507	0.065715	
0.003543	2	10	17	24	26	31	33	44	67	71	0.111463	0.072728	0.076102	0.107497	0.067346	0.145727	0.114699	0.071779	0.163688	0.068970	
0.003580	2	10	17	24	26	31	33	44	67	71	0.109644	0.074595	0.072070	0.104480	0.069039	0.143765	0.114397	0.073918	0.165869	0.072225	
0.003617	2	10	17	24	26	31	33	44	67	71	0.107824	0.076461	0.068038	0.101463	0.070731	0.141803	0.114095	0.076057	0.168049	0.075479	
0.003654	2	10	17	24	26	31	33	44	67	71	0.106005	0.078327	0.064006	0.098446	0.072424	0.139841	0.113793	0.078196	0.170230	0.078734	
0.003691	2	10	17	24	26	31	33	44	67	71	0.104185	0.080194	0.059974	0.095428	0.074116	0.137879	0.113491	0.080335	0.172411	0.081988	
0.003729	2	10	17	24	26	31	33	44	67	71	0.102366	0.082060	0.055941	0.092411	0.075809	0.135917	0.113188	0.082474	0.174592	0.085243	
0.003766	2	10	17	24	26	31	33	44	67	71	0.100546	0.083926	0.051909	0.089394	0.077501	0.133955	0.112886	0.084613	0.176772	0.088497	
0.003803	2	10	17	24	26	31	33	44	67	71	0.098727	0.085792	0.047877	0.086377	0.079193	0.131993	0.112584	0.086752	0.178953	0.091752	
0.003840	2	10	17	24	26	31	33	44	67	71	0.096908	0.087659	0.043845	0.083360	0.080886	0.130030	0.112282	0.088891	0.181134	0.095006	
0.003877	2	10	17	24	26	31	33	44	67	71	0.095088	0.089525	0.039813	0.080343	0.082578	0.128068	0.111980	0.091030	0.183315	0.098261	
0.003914	2	17	24	25	26	31	33	44	67	71	0.093752	0.053649	0.093519	0.021166	0.083538	0.145429	0.159615	0.082393	0.171547	0.095392	
0.003951	2	10	21	24	26	31	33	44	67	71	0.112136	0.075799	0.044713	0.101481	0.076832	0.153189	0.123836	0.080216	0.156062	0.075736	
0.003988	2	10	21	24	26	31	33	44	67	71	0.107694	0.078421	0.045747	0.094602	0.078540	0.148363	0.123382	0.082892	0.159438	0.080921	
0.004025	2	10	21	24	26	31	33	44	67	71	0.103252	0.081044	0.046781	0.087722	0.080248	0.143537	0.122929	0.085567	0.162814	0.086106	
0.004062	2	10	21	24	26	31	33	44	67	71	0.098811	0.083666	0.047815	0.080843	0.081956	0.138711	0.122475	0.088243	0.166190	0.091291	
0.004099	2	10	24	25	26	31	33	44	67	71	0.110705	0.078437	0.107073	0.016299	0.087295	0.146200	0.121515	0.086306	0.159618	0.086551	
0.004136	2	10	24	25	26	31	33	44	67	71	0.107821	0.079525	0.103123	0.017851	0.088732	0.142990	0.121784	0.087799	0.160529	0.089846	
0.004173	2	10	24	25	26	31	33	44	67	71	0.104937	0.080613	0.099174	0.019402	0.090170	0.139781	0.122053	0.089292	0.161439	0.093140	
0.004210	2	10	24	25	26	31	33	44	67	71	0.102053	0.081701	0.095224	0.020953	0.091607	0.136571	0.122322	0.090786	0.162349	0.096434	
0.004247	2	10	24	25	26	31	33	44	67	71	0.099169	0.082789	0.091274	0.022504	0.093044	0.133362	0.122591	0.092279	0.163260	0.099728	
0.004285	2	10	24	25	26	31	33	44	67	71	0.096285	0.083877	0.087324	0.024056	0.094482	0.130152	0.122860	0.093772	0.164170	0.103022	
0.004322	2	13	24	25	26	31	33	44	67	71	0.102191	0.010000	0.105012	0.023323	0.090636	0.156636	0.170559	0.086119	0.152168	0.103356	
0.004359	2	13	24	25	26	31	33	44	67	71	0.099229	0.010000	0.101074	0.024927	0.092123	0.153612	0.171386	0.087635	0.153243	0.106771	
0.004396	2	13	24	25	26	31	33	44	67	71	0.096267	0.010000	0.097135	0.026532	0.093610	0.150588	0.172213	0.089151	0.154318	0.110187	
0.004433	2	13	24	25	26	31	33	44	67	71	0.093305	0.010000	0.093196	0.028136	0.095096	0.147564	0.173041	0.090668	0.155393	0.113602	
0.004470	2	13	24	25	26	31	33	44	67	71	0.090343	0.010000	0.089257	0.029740	0.096583	0.144540	0.173868	0.092184	0.156467	0.117017	
0.004507	2	13	24	25	26	31	33	44	67	71	0.087381	0.010000	0.085318	0.031345	0.098070	0.141516	0.174695	0.093700	0.157542	0.120432	
0.004544	2	13	21	25	26	31	33	44	67	71	0.094876	0.010000	0.053740	0.023994	0.088468	0.178022	0.199012	0.082683	0.153553	0.115651	
0.004581	2	13	21	25	26	31	33	44	67	71	0.091209	0.010000	0.053713	0.025896	0.090093	0.172938	0.198849	0.084428	0.153934	0.118940	
0.004618	2	13	21	25	26	31	33	44	67	71	0.087542	0.010000	0.053685	0.027799	0.091718	0.167853	0.198687	0.086173	0.154315	0.122228	
0.004655	2	13	21	25	26	31	33	44	67	71	0.083875	0.010000	0.053658	0.029701	0.093343	0.162768	0.198525	0.087918	0.154696	0.125517	
0.004692	2	13	21	25	26	31	33	44	67	71	0.080208	0.010000	0.053631	0.031603	0.094967	0.157683	0.198363	0.089663	0.155076	0.128805	
0.004729	2	13	21	25	26	31	33	44	67	71	0.076541	0.010000	0.053603	0.033505	0.096592	0.152598	0.198201	0.091408	0.155457	0.132094	
0.004766	13	24	25	26	31	33	44	58	67	71	0.010000	0.084752	0.029785	0.099219	0.150427	0.184349	0.098175	0.055606	0.156999	0.130687	
0.004804	13	24	25	26	31	33	44	58	67	71	0.010000	0.080967	0.031052	0.100861	0.145774	0.184594	0.098939	0.058334	0.156797	0.132682	
0.004841	13	24	25	26	31	33	44	58	67	71	0.010000	0.077183	0.032319	0.102503	0.141122	0.184838	0.099702	0.061062	0.156594	0.134677	
0.004878	13	21	25	26	31	33	44	58	67	71	0.010000	0.048575	0.027218	0.093852	0.176655	0.208007	0.092199	0.052073	0.156534	0.134888	
0.004915	10	13	25	26	31	33	44	58	67	71	0.074045	0.010000	0.026704	0.098741	0.165181	0.167775	0.098729	0.057606	0.162822	0.138397	
0.004952	10	13	25	26	31	33	44	58	67	71	0.075014	0.010000	0.028190	0.100516	0.158031	0.166460	0.099588	0.060628	0.161608	0.139967	
0.004989	10	13	25	26	31	33	44	58	67	71	0.075983	0.010000	0.029675	0.102290	0.150880	0.165145	0.100446	0.063649	0.160394	0.141536	
0.005026	10	13	25	26	31	33	44	58	67	71	0.076953	0.010000	0.031161	0.104064	0.143730	0.163831	0.101305	0.066671	0.159181	0.143105	
0.005063	10	13	25	26	31	33	44	58	67	71	0.077922	0.010000	0.032647	0.105838	0.136579	0.162516	0.102164	0.069693	0.157967	0.144675	
0.005100	10	13	25	26	31	33	44	58	67	71	0.078891	0.010000	0.034133	0.107612	0.129429	0.161201	0.103023	0.072714	0.156753	0.146244	
0.005137	10	13	25	26	31	33	44	58	67	71	0.079635	0.010129	0.035533	0.109253	0.122780	0.160159	0.103766	0.075630	0.155358	0.147757	
0.005174	10	13	25	26	31	33	44	58	67	71	0.080094	0.010420	0.036826	0.110723	0.116766	0.159462	0.104364	0.078412	0.153734	0.149198	
0.005211	10	13	25	26	31	33	44	58	67	71	0.080553	0.010712	0.038118	0.112194	0.110753	0.158765	0.104963	0.081194	0.152110	0.150639	
0.005248	10	13	25	26	31	33	44	58	67	71	0.081011	0.011003	0.039411	0.113664	0.104739	0.158069	0.105561	0.083976	0.150486	0.152080	
0.005285	10	13	25	26	31	33	44	58	67	71	0.081470	0.011295	0.040704	0.115135	0.098726	0.157372	0.106159	0.086758	0.148862	0.153521	
0.005322	10	13	25	26	31	33	44	58	67	71	0.081929	0.011586	0.041996	0.116605	0.092712	0.156675	0.106757	0.089540	0.147237	0.154962	
0.005360	10	13	25	26	31	33	44	58	67	71	0.082388	0.011878	0.043289	0.118076	0.086699	0.155978	0.107355	0.092322	0.145613	0.156403	
0.005397	10	13	25	26	31	33	44	58	67	71	0.082847	0.012170	0.044581	0.119547	0.080685	0.155281	0.107953	0.095104	0.143989	0.157844	
0.005434	10	13	25	26	31	33	44	58	67	71	0.083305	0.012461	0.045874	0.121017	0.074672	0.154584	0.108551	0.097886	0.142365	0.159285	
0.005471	10	13	25	26	33	44	58	64	67	71	0.101188	0.010000	0.038018	0.121749	0.153342	0.106388	0.089666	0.050224	0.167601	0.161823	
0.005508	10	13	25	26	33	44	58	64	67	71	0.100575	0.010051	0.040755	0.122935	0.151742	0.106146	0.093111	0.050208	0.162225	0.162251	
0.005545	10	13	25	26	33	44	58	64	67	71	0.099529	0.010575	0.042840	0.123826	0.151234	0.105861	0.096110	0.049845	0.157347	0.162834	
0.005582	10	13	25	26	33	44	58	64	67	71	0.098483	0.011099	0.044925	0.124718	0.150726	0.105575	0.099108	0.049481	0.152469	0.163417	
0.005619	10	13	25	26	33	44	58	64	67	71	0.097437	0.011623	0.047010	0.125610	0.150218	0.105289	0.102107	0.049117	0.147590	0.164000	
0.005656	10	13	25	26	33	44	58	64	67	71	0.096390	0.012146	0.049095	0.126501	0.149710	0.105003	0.105106	0.048753	0.142712	0.164583	
0.005693	10	13	25	26	33	34	44	58	67	71	0.095192	0.010707	0.042980	0.124779	0.153733	0.045176	0.118237	0.099963	0.138256	0.170976	
0.005730	10	13	25	26	33	34	44	58	67	71	0.094182	0.011083	0.044640	0.125055	0.153515	0.047718	0.117860	0.101966	0.132684	0.171298	
0.005767	10	13	25	26	33	34	44	58	67	71	0.093172	0.011458	0.046300	0.125330	0.153297	0.050260	0.117483	0.103969	0.127112	0.171619	
0.005804	10	13	25	26	33	34	44	58	67	71	0.092162	0.011833	0.047960	0.125606	0.153079	0.052802	0.117106	0.105972	0.121539	0.171940	
0.005841	10	13	25	26	33	34	44	58	67	71	0.091152	0.012209	0.049620	0.125881	0.152860	0.055345	0.116729	0.107975	0.115967	0.172261	
0.005879	10	13	25	26	33	34	44	58	67	71	0.090142	0.012584	0.051280	0.126157	0.152642	0.057887	0.116352	0.109979	0.110395	0.172583	
0.005916	5	10	13	25	26	33	44	58	67	71	0.017454	0.089426	0.013187	0.051542	0.120601	0.147717	0.117499	0.112936	0.146105	0.183532	
0.005953	5	10	13	25	26	33	44	58	67	71	0.018341	0.088438	0.013544	0.053042	0.120463	0.147319	0.117202	0.114794	0.142504	0.184354	
0.005990	5	13	25	26	33	34	44	58	67	71	0.015351	0.012181	0.049422	0.118238	0.199473	0.051843	0.119163	0.104426	0.139973	0.189930	
0.006027	5	13	25	26	33	34	44	58	67	71	0.016104	0.012450	0.050680	0.117774	0.198748	0.053736	0.118832	0.105730	0.135496	0.190450	
0.006064	5	13	25	26	33	34	44	58	67	71	0.016856	0.012719	0.051938	0.117310	0.198024	0.055629	0.118501	0.107034	0.131019	0.190970	
0.006101	5	13	25	26	33	34	44	58	67	71	0.017608	0.012987	0.053196	0.116847	0.197300	0.057521	0.118170	0.108339	0.126542	0.191491	
0.006138	5	13	25	26	33	34	44	58	67	71	0.018361	0.013256	0.054454	0.116383	0.196575	0.059414	0.117838	0.109643	0.122065	0.192011	
0.006175	5	13	25	26	33	34	44	58	67	71	0.019113	0.013525	0.055712	0.115919	0.195851	0.061307	0.117507	0.110947	0.117588	0.192531	
0.006212	5	13	25	26	33	34	44	58	67	71	0.019865	0.013793	0.056970	0.115455	0.195127	0.063199	0.117176	0.112252	0.113111	0.193052	
0.006249	5	13	25	26	33	34	44	58	67	71	0.020618	0.014062	0.058228	0.114992	0.194402	0.065092	0.116845	0.113556	0.108634	0.193572	
0.006286	5	13	25	26	33	34	44	58	67	71	0.021370	0.014330	0.059486	0.114528	0.193678	0.066984	0.116513	0.114860	0.104157	0.194092	
0.006323	5	13	25	26	33	34	44	58	67	71	0.022122	0.014599	0.060744	0.114064	0.192953	0.068877	0.116182	0.116165	0.099681	0.194613	
0.006360	5	13	25	26	33	34	44	58	67	71	0.022875	0.014868	0.062002	0.113600	0.192229	0.070770	0.115851	0.117469	0.095204	0.195133	
0.006397	5	10	13	25	26	33	34	44	58	71	0.020034	0.093728	0.014403	0.061449	0.119129	0.173580	0.081815	0.119386	0.122929	0.193547	
0.006435	5	10	13	25	26	33	34	44	58	71	0.020999	0.091797	0.014693	0.062765	0.118110	0.172021	0.083188	0.118734	0.123902	0.193792	
0.006472	5	10	13	25	26	33	34	44	58	71	0.021964	0.089865	0.014982	0.064081	0.117090	0.170462	0.084561	0.118082	0.124874	0.194038	
0.006509	5	10	13	25	26	33	34	44	58	71	0.022928	0.087934	0.015272	0.065397	0.116071	0.168903	0.085934	0.117431	0.125847	0.194283	
0.006546	5	10	13	25	26	33	34	44	58	71	0.023893	0.086003	0.015561	0.066713	0.115051	0.167344	0.087307	0.116779	0.126820	0.194528	
0.006583	5	10	13	25	26	33	34	44	58	71	0.024858	0.084071	0.015850	0.068029	0.114032	0.165785	0.088680	0.116128	0.127792	0.194774	
0.006620	5	10	13	25	26	33	34	44	58	71	0.025823	0.082140	0.016140	0.069345	0.113012	0.164226	0.090053	0.115476	0.128765	0.195019	
0.006657	5	10	13	25	26	33	34	44	58	71	0.026787	0.080209	0.016429	0.070661	0.111993	0.162668	0.091426	0.114825	0.129738	0.195265	
0.006694	5	10	13	25	26	33	34	44	58	71	0.027752	0.078277	0.016718	0.071977	0.110973	0.161109	0.092799	0.114173	0.130710	0.195510	
0.006731	5	10	13	25	26	33	34	44	58	71	0.028717	0.076346	0.017008	0.073294	0.109954	0.159550	0.094172	0.113521	0.131683	0.195755	
0.006768	5	10	13	25	26	33	34	44	58	71	0.029682	0.074415	0.017297	0.074610	0.108934	0.157991	0.095545	0.112870	0.132656	0.196001	
0.006805	5	10	13	25	26	33	34	44	58	71	0.030646	0.072483	0.017587	0.075926	0.107915	0.156432	0.096919	0.112218	0.133628	0.196246	
0.006842	5	10	13	25	26	33	34	44	58	71	0.031611	0.070552	0.017876	0.077242	0.106895	0.154873	0.098292	0.111567	0.134601	0.196492	
0.006879	5	10	13	25	26	33	34	44	58	71	0.032576	0.068620	0.018165	0.078558	0.105876	0.153314	0.099665	0.110915	0.135574	0.196737	
0.006916	5	10	13	25	26	33	34	44	58	71	0.033540	0.066689	0.018455	0.079874	0.104856	0.151755	0.101038	0.110263	0.136546	0.196982	
0.006953	5	13	22	25	26	33	34	44	58	71	0.032682	0.018164	0.035106	0.078281	0.107634	0.196673	0.097331	0.105243	0.135039	0.193848	
0.006991	5	13	22	25	26	33	34	44	58	71	0.033643	0.018415	0.036135	0.079467	0.106356	0.194032	0.098459	0.104279	0.135759	0.193455	
0.007028	5	13	22	25	26	33	34	44	58	71	0.034604	0.018665	0.037164	0.080654	0.105078	0.191392	0.099586	0.103315	0.136479	0.193063	
0.007065	5	13	22	25	26	33	34	44	58	71	0.035565	0.018916	0.038193	0.081840	0.103800	0.188751	0.100714	0.102351	0.137199	0.192671	
0.007102	5	13	22	25	26	33	34	44	58	71	0.036526	0.019166	0.039222	0.083026	0.102522	0.186111	0.101842	0.101387	0.137919	0.192278	
0.007139	5	13	22	25	26	33	34	44	58	71	0.037488	0.019417	0.040251	0.084212	0.101244	0.183470	0.102969	0.100424	0.138639	0.191886	
0.007176	5	13	22	25	26	33	34	44	58	71	0.038449	0.019667	0.041280	0.085399	0.099966	0.180830	0.104097	0.099460	0.139359	0.191494	
0.007213	5	13	22	25	26	33	34	44	58	71	0.039410	0.019918	0.042309	0.086585	0.098689	0.178190	0.105224	0.098496	0.140079	0.191101	
0.007250	5	13	22	25	26	33	34	44	58	71	0.040371	0.020168	0.043338	0.087771	0.097411	0.175549	0.106352	0.097532	0.140799	0.190709	
0.007287	5	13	22	25	26	33	34	44	58	71	0.041332	0.020419	0.044367	0.088957	0.096133	0.172909	0.107479	0.096568	0.141519	0.190317	
0.007324	5	13	22	25	26	33	34	44	58	71	0.042293	0.020669	0.045396	0.090144	0.094855	0.170268	0.108607	0.095604	0.142239	0.189924	
0.007361	5	13	22	25	26	33	34	44	58	71	0.043255	0.020920	0.046425	0.091330	0.093577	0.167628	0.109734	0.094641	0.142959	0.189532	
0.007398	5	13	22	25	26	33	34	44	58	71	0.044216	0.021170	0.047454	0.092516	0.092299	0.164987	0.110862	0.093677	0.143679	0.189140	
0.007435	5	13	22	25	26	33	34	44	58	71	0.045177	0.021420	0.048483	0.093703	0.091021	0.162347	0.111990	0.092713	0.144399	0.188747	
0.007472	5	13	22	25	26	33	34	44	58	71	0.046138	0.021671	0.049512	0.094889	0.089744	0.159706	0.113117	0.091749	0.145119	0.188355	
0.007510	5	13	22	25	26	33	34	44	58	71	0.047099	0.021921	0.050541	0.096075	0.088466	0.157066	0.114245	0.090785	0.145839	0.187963	
0.007547	5	13	22	25	26	33	34	44	58	71	0.048061	0.022172	0.051570	0.097261	0.087188	0.154426	0.115372	0.089821	0.146559	0.187570	
0.007584	5	13	22	25	26	33	34	44	58	71	0.049022	0.022422	0.052599	0.098448	0.085910	0.151785	0.116500	0.088857	0.147279	0.187178	
0.007621	5	13	22	25	26	33	34	44	58	71	0.049983	0.022673	0.053628	0.099634	0.084632	0.149145	0.117627	0.087894	0.147999	0.186786	
0.007658	5	13	22	25	26	33	34	44	58	71	0.050944	0.022923	0.054656	0.100820	0.083354	0.146504	0.118755	0.086930	0.148719	0.186394	
0.007695	5	13	22	25	26	33	34	44	58	71	0.051905	0.023174	0.055685	0.102007	0.082076	0.143864	0.119882	0.085966	0.149439	0.186001	
0.007732	5	13	22	25	26	33	34	44	58	71	0.052867	0.023424	0.056714	0.103193	0.080799	0.141223	0.121010	0.085002	0.150159	0.185609	
0.007769	5	13	22	25	26	33	34	44	58	71	0.053828	0.023675	0.057743	0.104379	0.079521	0.138583	0.122137	0.084038	0.150879	0.185217	
0.007806	5	13	22	25	26	33	34	44	58	71	0.054789	0.023925	0.058772	0.105565	0.078243	0.135942	0.123265	0.083074	0.151599	0.184824	
0.007843	5	13	22	25	26	33	34	44	58	71	0.055750	0.024176	0.059801	0.106752	0.076965	0.133302	0.124393	0.082111	0.152319	0.184432	
0.007880	5	13	22	25	26	33	34	44	58	71	0.056711	0.024426	0.060830	0.107938	0.075687	0.130662	0.125520	0.081147	0.153039	0.184040	
0.007917	5	13	22	25	26	33	34	44	58	71	0.057672	0.024677	0.061859	0.109124	0.074409	0.128021	0.126648	0.080183	0.153759	0.183647	
0.007954	5	13	22	25	26	33	34	44	58	71	0.058634	0.024927	0.062888	0.110310	0.073131	0.125381	0.127775	0.079219	0.154479	0.183255	
0.007991	5	13	22	25	26	33	34	44	58	71	0.059595	0.025178	0.063917	0.111497	0.071854	0.122740	0.128903	0.078255	0.155199	0.182863	
0.008028	5	13	22	25	26	33	34	44	58	71	0.060556	0.025428	0.064946	0.112683	0.070576	0.120100	0.130030	0.077291	0.155919	0.182470	
0.008066	5	13	22	25	26	33	34	44	58	71	0.061517	0.025679	0.065975	0.113869	0.069298	0.117459	0.131158	0.076327	0.156639	0.182078	
0.008103	5	13	22	25	26	33	34	44	58	71	0.062478	0.025929	0.067004	0.115056	0.068020	0.114819	0.132285	0.075364	0.157359	0.181686	
0.008140	5	13	22	25	26	33	34	44	58	71	0.063440	0.026180	0.068033	0.116242	0.066742	0.112178	0.133413	0.074400	0.158079	0.181293	
0.008177	5	13	22	25	26	33	34	44	58	71	0.064401	0.026430	0.069062	0.117428	0.065464	0.109538	0.134541	0.073436	0.158799	0.180901	
0.008214	5	13	22	25	26	33	34	44	58	71	0.065362	0.026680	0.070091	0.118614	0.064186	0.106898	0.135668	0.072472	0.159519	0.180509	
0.008251	5	13	22	25	26	33	34	44	58	71	0.066323	0.026931	0.071120	0.119801	0.062908	0.104257	0.136796	0.071508	0.160239	0.180116	
0.008288	5	13	22	25	26	33	34	44	58	71	0.067284	0.027181	0.072149	0.120987	0.061631	0.101617	0.137923	0.070544	0.160959	0.179724	
0.008325	5	13	22	25	26	33	34	44	58	71	0.068245	0.027432	0.073178	0.122173	0.060353	0.098976	0.139051	0.069580	0.161679	0.179332	
0.008362	5	13	22	25	26	33	34	44	58	71	0.069207	0.027682	0.074207	0.123360	0.059075	0.096336	0.140178	0.068617	0.162399	0.178940	
0.008399	5	13	22	25	26	33	34	44	58	71	0.070168	0.027933	0.075236	0.124546	0.057797	0.093695	0.141306	0.067653	0.163119	0.178547	
0.008436	5	13	22	25	26	33	34	44	58	71	0.071129	0.028183	0.076265	0.125732	0.056519	0.091055	0.142433	0.066689	0.163839	0.178155	
0.008473	5	13	22	25	26	33	34	44	58	71	0.072090	0.028434	0.077294	0.126918	0.055241	0.088415	0.143561	0.065725	0.164559	0.177763	
0.008510	5	13	22	25	26	33	34	44	58	71	0.073051	0.028684	0.078323	0.128105	0.053963	0.085774	0.144689	0.064761	0.165279	0.177370	
0.008547	5	13	22	25	26	33	34	44	58	71	0.074013	0.028935	0.079352	0.129291	0.052686	0.083134	0.145816	0.063797	0.165999	0.176978	
0.008584	5	13	22	25	33	34	41	44	58	71	0.075432	0.028869	0.079071	0.126150	0.093800	0.149014	0.033085	0.067816	0.161145	0.185617	
0.008622	5	11	13	22	25	33	34	44	58	71	0.076137	0.032692	0.029056	0.074104	0.128380	0.104059	0.150838	0.068198	0.158716	0.177821	
0.008659	5	11	13	22	25	33	34	44	58	71	0.077034	0.033257	0.029313	0.074932	0.129612	0.101140	0.151755	0.066800	0.159381	0.176777	
0.008696	5	11	13	22	25	33	34	44	58	71	0.077931	0.033821	0.029570	0.075761	0.130844	0.098220	0.152673	0.065401	0.160046	0.175732	
0.008733	5	11	13	22	25	33	34	44	58	71	0.078828	0.034386	0.029826	0.076589	0.132076	0.095301	0.153591	0.064003	0.160710	0.174688	
0.008770	5	11	13	22	25	33	34	44	58	71	0.079726	0.034951	0.030083	0.077418	0.133308	0.092382	0.154509	0.062604	0.161375	0.173644	
0.008807	5	11	13	22	25	33	34	44	58	71	0.080623	0.035515	0.030339	0.078247	0.134540	0.089463	0.155427	0.061206	0.162040	0.172600	
0.008844	5	11	13	22	25	33	34	44	58	71	0.081520	0.036080	0.030596	0.079075	0.135773	0.086544	0.156345	0.059807	0.162705	0.171556	
0.008881	5	11	13	22	25	33	34	44	58	71	0.082417	0.036645	0.030853	0.079904	0.137005	0.083624	0.157262	0.058409	0.163370	0.170511	
0.008918	5	11	13	22	25	33	34	44	58	71	0.083314	0.037209	0.031109	0.080732	0.138237	0.080705	0.158180	0.057010	0.164035	0.169467	
0.008955	5	11	13	22	25	33	34	44	58	71	0.084211	0.037774	0.031366	0.081561	0.139469	0.077786	0.159098	0.055612	0.164700	0.168423	
0.008992	5	11	13	22	25	33	34	44	58	71	0.085108	0.038338	0.031623	0.082389	0.140701	0.074867	0.160016	0.054214	0.165365	0.167379	
0.009029	5	11	13	22	25	33	34	44	58	71	0.086006	0.038903	0.031879	0.083218	0.141933	0.071948	0.160934	0.052815	0.166030	0.166335	
0.009066	5	11	13	22	25	33	34	44	58	71	0.086903	0.039468	0.032136	0.084047	0.143165	0.069028	0.161852	0.051417	0.166694	0.165291	
0.009103	5	11	13	22	25	33	34	44	58	71	0.087800	0.040032	0.032393	0.084875	0.144397	0.066109	0.162769	0.050018	0.167359	0.164246	
0.009141	5	11	13	22	25	33	34	44	58	71	0.088697	0.040597	0.032649	0.085704	0.145630	0.063190	0.163687	0.048620	0.168024	0.163202	
0.009178	5	11	13	22	25	33	34	44	58	71	0.089594	0.041161	0.032906	0.086532	0.146862	0.060271	0.164605	0.047221	0.168689	0.162158	
0.009215	5	11	13	22	25	33	34	41	58	71	0.089204	0.040859	0.033156	0.089169	0.146131	0.066278	0.163290	0.028514	0.170936	0.172462	
0.009252	5	11	13	22	25	33	34	41	58	71	0.090127	0.041376	0.033413	0.089903	0.147397	0.062963	0.164216	0.028162	0.171504	0.170941	
0.009289	5	11	13	22	25	33	34	41	58	71	0.091049	0.041893	0.033669	0.090636	0.148663	0.059647	0.165141	0.027810	0.172072	0.169419	
0.009326	5	11	13	22	25	33	34	41	58	71	0.091971	0.042409	0.033926	0.091370	0.149928	0.056332	0.166067	0.027459	0.172640	0.167898	
0.009363	5	11	13	22	25	33	34	41	58	71	0.092894	0.042926	0.034183	0.092103	0.151194	0.053016	0.166993	0.027107	0.173207	0.166376	
0.009400	5	11	13	22	25	33	34	41	58	71	0.093816	0.043442	0.034440	0.092837	0.152460	0.049701	0.167918	0.026756	0.173775	0.164855	
0.009437	5	11	13	22	25	33	34	41	58	71	0.094738	0.043959	0.034697	0.093570	0.153726	0.046385	0.168844	0.026404	0.174343	0.163334	
0.009474	5	11	13	22	25	33	34	41	58	71	0.095661	0.044475	0.034954	0.094304	0.154992	0.043070	0.169769	0.026052	0.174911	0.161812	
0.009511	5	11	13	22	25	33	34	41	58	71	0.096583	0.044992	0.035211	0.095037	0.156258	0.039755	0.170695	0.025701	0.175479	0.160291	
0.009548	5	11	13	22	25	34	41	44	58	71	0.096978	0.040369	0.034894	0.092435	0.155861	0.173979	0.025041	0.038786	0.177637	0.164020	
0.009585	5	11	13	22	25	34	41	44	58	71	0.097978	0.041332	0.035211	0.093388	0.157328	0.174633	0.024587	0.036325	0.177898	0.161320	
0.009622	5	11	13	22	25	34	41	44	58	71	0.098978	0.042295	0.035529	0.094341	0.158794	0.175287	0.024134	0.033863	0.178159	0.158620	
0.009659	5	11	13	22	25	34	41	50	58	71	0.098596	0.045078	0.035446	0.096290	0.159103	0.178315	0.027061	0.011216	0.172312	0.176583	
0.009697	5	11	13	22	25	34	41	44	58	71	0.100977	0.044220	0.036165	0.096248	0.161727	0.176595	0.023226	0.028940	0.178682	0.153220	
0.009734	5	11	13	22	25	34	41	44	58	71	0.101977	0.045183	0.036482	0.097201	0.163194	0.177249	0.022772	0.026478	0.178943	0.150520	
0.009771	5	11	13	22	25	34	41	44	58	71	0.102976	0.046146	0.036800	0.098154	0.164661	0.177902	0.022318	0.024017	0.179205	0.147820	
0.009808	5	11	13	22	25	34	41	44	58	71	0.103976	0.047109	0.037118	0.099108	0.166127	0.178556	0.021865	0.021555	0.179466	0.145121	
0.009845	5	11	13	22	25	34	41	44	58	71	0.104976	0.048072	0.037435	0.100061	0.167594	0.179210	0.021411	0.019094	0.179727	0.142421	
0.009882	5	11	13	22	25	34	41	44	58	71	0.105975	0.049035	0.037753	0.101014	0.169060	0.179864	0.020957	0.016632	0.179988	0.139721	
0.009919	5	11	13	22	25	34	41	58	71		0.106584	0.050279	0.037957	0.103078	0.169870	0.181276	0.022232	0.182398	0.146325	
0.009956	5	11	13	22	25	34	41	58	71		0.107652	0.051194	0.038294	0.103839	0.171451	0.181798	0.021478	0.182286	0.142009	
0.009993	5	11	13	22	25	34	41	58	71		0.108719	0.052108	0.038632	0.104599	0.173032	0.182320	0.020724	0.182174	0.137693	
0.010030	5	11	13	22	25	34	41	58	71		0.109787	0.053022	0.038969	0.105360	0.174612	0.182842	0.019969	0.182062	0.133377	
0.010067	5	11	13	22	25	34	41	58	71		0.110854	0.053936	0.039307	0.106120	0.176193	0.183364	0.019215	0.181950	0.129061	
0.010104	5	11	13	22	25	34	41	58	71		0.111922	0.054850	0.039644	0.106880	0.177773	0.183886	0.018461	0.181838	0.124745	
0.010141	5	11	13	22	25	34	41	50	58	71	0.112491	0.056923	0.039838	0.106222	0.179641	0.185080	0.017271	0.010851	0.171210	0.120474	
0.010178	5	11	13	22	25	34	41	50	58	71	0.113560	0.057834	0.040175	0.106986	0.181221	0.185600	0.016518	0.010823	0.171125	0.116157	
0.010215	5	11	13	22	25	34	41	50	58	71	0.114629	0.058745	0.040513	0.107750	0.182800	0.186121	0.015765	0.010795	0.171041	0.111841	
0.010253	5	11	13	22	25	34	41	50	58	71	0.115697	0.059656	0.040851	0.108514	0.184380	0.186641	0.015012	0.010766	0.170956	0.107525	
0.010290	5	11	13	22	25	34	41	50	58	71	0.116766	0.060567	0.041189	0.109278	0.185960	0.187161	0.014259	0.010738	0.170871	0.103209	
0.010327	5	11	13	22	25	34	41	50	58	71	0.117835	0.061478	0.041527	0.110043	0.187540	0.187682	0.013506	0.010710	0.170786	0.098893	
0.010364	5	11	13	22	25	34	41	50	58	71	0.118904	0.062389	0.041865	0.110807	0.189120	0.188202	0.012753	0.010682	0.170702	0.094577	
0.010401	5	11	13	22	25	34	41	50	58	71	0.119973	0.063301	0.042202	0.111571	0.190700	0.188722	0.012000	0.010654	0.170617	0.090261	
0.010438	5	11	13	22	25	34	41	50	58	71	0.121041	0.064212	0.042540	0.112335	0.192279	0.189243	0.011247	0.010626	0.170532	0.085945	
0.010475	5	11	13	22	25	34	41	50	58	71	0.122110	0.065123	0.042878	0.113099	0.193859	0.189763	0.010494	0.010598	0.170447	0.081628	
0.010512	5	11	13	22	25	34	58	71			0.123840	0.066111	0.043295	0.116030	0.195451	0.191153	0.182104	0.082016	
0.010549	5	11	13	22	25	34	58	71			0.124895	0.066935	0.043637	0.116732	0.197010	0.191562	0.181881	0.077348	
0.010586	5	11	13	22	25	34	58	71			0.125949	0.067760	0.043979	0.117434	0.198569	0.191971	0.181658	0.072680	
0.010623	5	11	13	22	25	34	58	71			0.127004	0.068585	0.044321	0.118136	0.200128	0.192380	0.181434	0.068012	
0.010660	5	11	13	22	25	34	58	71			0.128058	0.069410	0.044663	0.118838	0.201687	0.192789	0.181211	0.063343	
0.010697	5	11	13	22	25	34	58	71			0.129113	0.070234	0.045005	0.119540	0.203246	0.193198	0.180988	0.058675	
0.010734	5	11	13	22	25	34	58	71			0.130167	0.071059	0.045347	0.120243	0.204805	0.193607	0.180765	0.054007	
0.010772	5	11	13	22	25	34	58	71			0.131222	0.071884	0.045689	0.120945	0.206364	0.194016	0.180542	0.049339	
0.010809	5	11	13	22	25	34	58	71			0.132276	0.072708	0.046031	0.121647	0.207923	0.194425	0.180319	0.044670	
0.010846	5	11	13	22	25	34	58	71			0.133331	0.073533	0.046373	0.122349	0.209482	0.194835	0.180096	0.040002	
0.010883	5	11	13	22	25	34	58	71			0.134385	0.074358	0.046715	0.123051	0.211041	0.195244	0.179873	0.035334	
0.010920	5	11	13	22	25	34	58	71			0.135440	0.075183	0.047057	0.123753	0.212600	0.195653	0.179650	0.030666	
0.010957	5	11	13	22	25	34	58	71			0.136494	0.076007	0.047399	0.124455	0.214159	0.196062	0.179427	0.025997	
0.010994	5	11	13	22	25	34	50	58	71		0.137073	0.077873	0.047608	0.123791	0.215976	0.197041	0.010204	0.169254	0.021180	
0.011031	5	11	13	22	25	34	50	58	71		0.138129	0.078694	0.047951	0.124498	0.217534	0.197448	0.010167	0.169067	0.016512	
0.011068	5	11	13	22	25	34	50	58	71		0.139185	0.079515	0.048293	0.125205	0.219092	0.197855	0.010130	0.168880	0.011845	
0.011105	5	11	13	22	25	34	58				0.139974	0.080644	0.048495	0.129171	0.219481	0.199678	0.182557	
0.011142	5	11	13	22	25	34	58				0.141499	0.080616	0.049010	0.128657	0.221622	0.198825	0.179770	
0.011179	5	11	13	22	25	34	50	58			0.142571	0.081583	0.049401	0.126765	0.224035	0.198492	0.010014	0.167139	
0.011216	5	11	13	22	25	34	58				0.144549	0.080560	0.050041	0.127629	0.225905	0.197119	0.174197	
0.011253	5	11	13	22	25	34	58				0.146074	0.080532	0.050557	0.127115	0.228046	0.196266	0.171411	
0.011290	5	11	13	22	25	34	58				0.147599	0.080504	0.051072	0.126600	0.230187	0.195413	0.168625	
0.011328	5	11	13	22	25	34	58				0.149124	0.080475	0.051588	0.126086	0.232328	0.194560	0.165838	
0.011365	5	11	13	22	25	34	58				0.150649	0.080447	0.052104	0.125572	0.234469	0.193707	0.163052	
0.011402	5	11	13	22	25	34	58				0.152174	0.080419	0.052619	0.125058	0.236611	0.192854	0.160265	
0.011439	5	11	13	22	25	34	58				0.153699	0.080391	0.053135	0.124544	0.238752	0.192002	0.157479	
0.011476	5	11	13	22	25	34	58				0.155224	0.080363	0.053650	0.124029	0.240893	0.191149	0.154692	
0.011513	5	11	13	22	25	34	50	58			0.156297	0.081328	0.054041	0.122139	0.243305	0.190815	0.010000	0.142075	
0.011550	5	11	13	22	25	34	58				0.158274	0.080307	0.054681	0.123001	0.245175	0.189443	0.149120	
0.011587	5	11	13	22	25	34	58				0.159799	0.080278	0.055197	0.122487	0.247316	0.188590	0.146333	
0.011624	5	11	13	22	25	34	58				0.161324	0.080250	0.055713	0.121973	0.249458	0.187737	0.143547	
0.011661	5	11	13	22	25	34	58				0.162849	0.080222	0.056228	0.121458	0.251599	0.186884	0.140760	
0.011698	5	11	13	22	25	34	58				0.164374	0.080194	0.056744	0.120944	0.253740	0.186031	0.137974	
0.011735	5	11	13	22	25	34	58				0.165899	0.080166	0.057259	0.120430	0.255881	0.185178	0.135187	
0.011772	5	11	13	22	25	34	58				0.167424	0.080138	0.057775	0.119916	0.258022	0.184325	0.132401	
0.011809	5	11	13	22	25	34	58				0.168949	0.080110	0.058290	0.119402	0.260163	0.183472	0.129614	
0.011847	5	11	13	22	25	34	58				0.170474	0.080081	0.058806	0.118887	0.262304	0.182619	0.126828	
0.011884	5	11	13	22	25	34	58				0.171999	0.080053	0.059322	0.118373	0.264446	0.181766	0.124042	
0.011921	5	11	13	22	25	34	58				0.173524	0.080025	0.059837	0.117859	0.266587	0.180913	0.121255	
0.011958	5	11	13	22	25	34	58				0.175049	0.079997	0.060353	0.117345	0.268728	0.180060	0.118469	
0.011995	5	11	13	22	25	34	58				0.176574	0.079969	0.060868	0.116831	0.270869	0.179207	0.115682	
0.012032	5	11	13	22	25	34	58				0.178099	0.079941	0.061384	0.116316	0.273010	0.178354	0.112896	
0.012069	5	11	13	22	25	34	58				0.179624	0.079913	0.061899	0.115802	0.275151	0.177501	0.110109	
0.012106	5	11	13	22	25	34	58				0.181149	0.079885	0.062415	0.115288	0.277293	0.176648	0.107323	
0.012143	5	11	13	22	25	34	58				0.182674	0.079856	0.062931	0.114774	0.279434	0.175795	0.104537	
0.012180	5	11	13	22	25	34	58				0.184199	0.079828	0.063446	0.114260	0.281575	0.174942	0.101750	
0.012217	5	11	13	22	25	34	58				0.185724	0.079800	0.063962	0.113745	0.283716	0.174089	0.098964	
0.012254	5	11	13	22	25	34	58				0.187249	0.079772	0.064477	0.113231	0.285857	0.173236	0.096177	
0.012291	5	11	13	22	25	34	50	58			0.188322	0.080737	0.064868	0.111341	0.288269	0.172903	0.010000	0.083560	
0.012328	5	11	13	22	25	34	50	58			0.189847	0.080709	0.065384	0.110827	0.290410	0.172050	0.010000	0.080773	
0.012365	5	11	13	22	25	34	58				0.191824	0.079688	0.066024	0.111689	0.292281	0.170678	0.087818	
0.012403	5	11	13	22	25	34	58				0.193349	0.079659	0.066540	0.111174	0.294422	0.169825	0.085032	
0.012440	5	11	13	22	25	34	58				0.194874	0.079631	0.067055	0.110660	0.296563	0.168972	0.082245	
0.012477	5	11	13	22	25	34	58				0.196399	0.079603	0.067571	0.110146	0.298704	0.168119	0.079459	
0.012514	5	11	13	22	25	34	58				0.197924	0.079575	0.068086	0.109632	0.300845	0.167266	0.076672	
0.012551	5	11	13	22	25	34	58				0.199449	0.079547	0.068602	0.109118	0.302986	0.166413	0.073886	
0.012588	5	11	13	22	25	34	58				0.200974	0.079519	0.069117	0.108603	0.305128	0.165560	0.071099	
0.012625	5	11	13	22	25	34	58				0.202499	0.079491	0.069633	0.108089	0.307269	0.164707	0.068313	
0.012662	5	11	13	22	25	34	58				0.204024	0.079462	0.070149	0.107575	0.309410	0.163854	0.065527	
0.012699	5	11	13	22	25	34	58				0.205549	0.079434	0.070664	0.107061	0.311551	0.163001	0.062740	
0.012736	5	11	13	22	25	34	58				0.207074	0.079406	0.071180	0.106547	0.313692	0.162148	0.059954	
0.012773	5	11	13	22	25	34	58				0.208599	0.079378	0.071695	0.106032	0.315833	0.161295	0.057167	
0.012810	5	11	13	22	25	34	58				0.210124	0.079350	0.072211	0.105518	0.317974	0.160442	0.054381	
0.012847	5	11	13	22	25	34	58				0.211649	0.079322	0.072726	0.105004	0.320116	0.159589	0.051594	
0.012884	5	11	13	22	25	34	58				0.213174	0.079294	0.073242	0.104490	0.322257	0.158736	0.048808	
0.012921	5	11	13	22	25	34	58				0.214699	0.079265	0.073758	0.103976	0.324398	0.157883	0.046022	
0.012959	5	11	13	22	25	34	58				0.216224	0.079237	0.074273	0.103461	0.326539	0.157030	0.043235	
0.012996	5	11	13	22	25	34	58				0.217749	0.079209	0.074789	0.102947	0.328680	0.156177	0.040449	
0.013033	5	11	13	22	25	34	58				0.219274	0.079181	0.075304	0.102433	0.330821	0.155324	0.037662	
0.013070	5	11	13	22	25	34	58				0.220799	0.079153	0.075820	0.101919	0.332963	0.154471	0.034876	
0.013107	5	11	13	22	25	34	58				0.222324	0.079125	0.076335	0.101405	0.335104	0.153618	0.032089	
0.013144	5	11	13	22	25	34	58				0.223849	0.079097	0.076851	0.100890	0.337245	0.152765	0.029303	
0.013181	5	11	13	22	25	34	58				0.225374	0.079068	0.077367	0.100376	0.339386	0.151912	0.026516	
0.013218	5	11	13	22	25	34	58				0.226899	0.079040	0.077882	0.099862	0.341527	0.151059	0.023730	
0.013255	5	11	13	22	25	34					0.227866	0.084185	0.077385	0.105600	0.343238	0.161728	
0.013292	5	11	13	22	25	34					0.229465	0.083468	0.078035	0.104254	0.345436	0.159342	
0.013329	5	11	13	22	25	34					0.231064	0.082752	0.078686	0.102908	0.347635	0.156956	
0.013366	5	11	13	22	25	34					0.232663	0.082036	0.079336	0.101562	0.349833	0.154570	
0.013403	5	11	13	22	25	34					0.234263	0.081319	0.079986	0.100216	0.352031	0.152184	
0.013440	5	11	13	22	25	34					0.235862	0.080603	0.080637	0.098870	0.354230	0.149799	
0.013478	5	11	13	22	25	34					0.237461	0.079887	0.081287	0.097524	0.356428	0.147413	
0.013515	5	11	13	22	25	34					0.239061	0.079170	0.081937	0.096178	0.358627	0.145027	
0.013552	5	11	13	22	25	34					0.240660	0.078454	0.082588	0.094832	0.360825	0.142641	
0.013589	5	11	13	22	25	34					0.242259	0.077738	0.083238	0.093486	0.363024	0.140256	
0.013626	5	11	13	22	25	34					0.243858	0.077022	0.083888	0.092140	0.365222	0.137870	
0.013663	5	11	13	22	25	34					0.245458	0.076305	0.084539	0.090794	0.367421	0.135484	
0.013700	5	11	13	22	25	34					0.247057	0.075589	0.085189	0.089448	0.369619	0.133098	
0.013737	5	11	13	22	25	34					0.248656	0.074873	0.085839	0.088102	0.371817	0.130712	
0.013774	5	11	13	22	25	34					0.250256	0.074156	0.086490	0.086756	0.374016	0.128327	
0.013811	5	11	13	22	25	34					0.251855	0.073440	0.087140	0.085410	0.376214	0.125941	
0.013848	5	11	13	22	25	34					0.253454	0.072724	0.087790	0.084064	0.378413	0.123555	
0.013885	5	11	13	22	25	34					0.255053	0.072008	0.088440	0.082718	0.380611	0.121169	
0.013922	5	11	13	22	25	34					0.256653	0.071291	0.089091	0.081372	0.382810	0.118783	
0.013959	5	11	13	22	25	34					0.258252	0.070575	0.089741	0.080026	0.385008	0.116398	
0.013996	5	11	13	22	25	34					0.259851	0.069859	0.090391	0.078680	0.387207	0.114012	
0.014034	5	11	13	22	25	34					0.261450	0.069142	0.091042	0.077334	0.389405	0.111626	
0.014071	5	11	13	22	25	34					0.263050	0.068426	0.091692	0.075988	0.391603	0.109240	
0.014108	5	11	13	22	25	34					0.264649	0.067710	0.092342	0.074642	0.393802	0.106855	
0.014145	5	11	13	22	25	34					0.266248	0.066993	0.092993	0.073296	0.396000	0.104469	
0.014182	5	11	13	22	25	34					0.267848	0.066277	0.093643	0.071950	0.398199	0.102083	
0.014219	5	11	13	22	25	34					0.269447	0.065561	0.094293	0.070604	0.400397	0.099697	
0.014256	5	11	13	22	25	34					0.271046	0.064845	0.094944	0.069258	0.402596	0.097311	
0.014293	5	11	13	22	25	34					0.272645	0.064128	0.095594	0.067912	0.404794	0.094926	
0.014330	5	11	13	22	25	34					0.274245	0.063412	0.096244	0.066566	0.406993	0.092540	
0.014367	5	11	13	22	25	34					0.275844	0.062696	0.096895	0.065220	0.409191	0.090154	
0.014404	5	11	13	22	25	34					0.277443	0.061979	0.097545	0.063874	0.411389	0.087768	
0.014441	5	11	13	22	25	34					0.279043	0.061263	0.098195	0.062528	0.413588	0.085382	
0.014478	5	11	13	22	25	34					0.280642	0.060547	0.098846	0.061183	0.415786	0.082997	
0.014515	5	11	13	22	25	34					0.282241	0.059830	0.099496	0.059837	0.417985	0.080611	
0.014552	5	11	13	22	25	34					0.283840	0.059114	0.100146	0.058491	0.420183	0.078225	
0.014590	5	11	13	22	25	34					0.285440	0.058398	0.100797	0.057145	0.422382	0.075839	
0.014627	5	11	13	22	25	34					0.287039	0.057682	0.101447	0.055799	0.424580	0.073454	
0.014664	5	11	13	22	25	34					0.288638	0.056965	0.102097	0.054453	0.426779	0.071068	
0.014701	5	11	13	22	25	34					0.290238	0.056249	0.102748	0.053107	0.428977	0.068682	
0.014738	5	11	13	22	25	34					0.291837	0.055533	0.103398	0.051761	0.431175	0.066296	
0.014775	5	11	13	22	25	34					0.293436	0.054816	0.104048	0.050415	0.433374	0.063910	
0.014812	5	11	13	22	25	34					0.295035	0.054100	0.104699	0.049069	0.435572	0.061525	
0.014849	5	11	13	22	25	34					0.296635	0.053384	0.105349	0.047723	0.437771	0.059139	
0.014886	5	11	13	22	25	34					0.298234	0.052667	0.105999	0.046377	0.439969	0.056753	
0.014923	5	11	13	22	25	34					0.299833	0.051951	0.106650	0.045031	0.442168	0.054367	
0.014960	5	11	13	22	25	34					0.301433	0.051235	0.107300	0.043685	0.444366	0.051982	
0.014997	5	11	13	22	25	34					0.303032	0.050519	0.107950	0.042339	0.446565	0.049596	
0.015034	5	11	13	22	25	34					0.304631	0.049802	0.108601	0.040993	0.448763	0.047210	
0.015071	5	11	13	22	25	34					0.306230	0.049086	0.109251	0.039647	0.450961	0.044824	
0.015109	5	11	13	22	25	34					0.307830	0.048370	0.109901	0.038301	0.453160	0.042438	
0.015146	5	11	13	22	25	34					0.309429	0.047653	0.110552	0.036955	0.455358	0.040053	
0.015183	5	11	13	22	25	34					0.311028	0.046937	0.111202	0.035609	0.457557	0.037667	
0.015220	5	11	13	22	25	34					0.312628	0.046221	0.111852	0.034263	0.459755	0.035281	
0.015257	5	11	13	22	25	34					0.314227	0.045504	0.112503	0.032917	0.461954	0.032895	
0.015294	5	11	13	22	25	34					0.315826	0.044788	0.113153	0.031571	0.464152	0.030509	
0.015331	5	11	13	22	25	34					0.317425	0.044072	0.113803	0.030225	0.466351	0.028124	
0.015368	5	11	13	22	25	34					0.319025	0.043356	0.114454	0.028879	0.468549	0.025738	
0.015405	5	11	13	22	25	34					0.320624	0.042639	0.115104	0.027533	0.470747	0.023352	
0.015442	5	11	13	22	25	34					0.322223	0.041923	0.115754	0.026187	0.472946	0.020966	
0.015479	5	11	13	22	25	34					0.323823	0.041207	0.116405	0.024841	0.475144	0.018581	
0.015516	5	11	13	22	25	34					0.325422	0.040490	0.117055	0.023495	0.477343	0.016195	
0.015553	5	11	13	22	25	34					0.327021	0.039774	0.117705	0.022149	0.479541	0.013809	
0.015590	5	11	13	22	25	34					0.328620	0.039058	0.118356	0.020803	0.481740	0.011423	
0.015627	5	11	13	22	25						0.330271	0.041542	0.118999	0.024803	0.484384	
0.015665	5	11	13	22	25						0.331857	0.039981	0.119652	0.022046	0.486465	
0.015702	5	11	13	22	25						0.333443	0.038420	0.120304	0.019289	0.488545	
0.015739	5	11	13	25							0.334346	0.052348	0.120851	0.492455	
0.015776	5	11	13	22	25						0.336614	0.035297	0.121608	0.013774	0.492707	
0.015813	5	11	13	22	25						0.338199	0.033736	0.122260	0.011017	0.494788	
0.015850	5	11	13	25							0.339444	0.039914	0.122860	0.497782	
0.015887	5	11	13	25							0.341144	0.035769	0.123529	0.499558	
0.015924	5	11	13	25							0.342843	0.031625	0.124199	0.501334	
0.015961	5	11	13	25							0.344542	0.027480	0.124868	0.503109	
0.015998	5	11	13	25							0.346242	0.023335	0.125538	0.504885	
0.016035	5	11	13	25							0.347941	0.019191	0.126207	0.506661	
0.016072	5	11	13	25							0.349640	0.015046	0.126877	0.508437	
0.016109	5	11	13	25							0.351340	0.010902	0.127546	0.510213	
0.016146	5	11	13	25							0.354480	0.010000	0.130089	0.505431	
0.016184	5	13	25								0.353578	0.127376	0.519046	
0.016221	5	13	25								0.357119	0.130440	0.512442	
0.016258	5	13	25								0.360660	0.133503	0.505837	
0.016295	5	13	25								0.364201	0.136567	0.499232	
0.016332	5	13	25								0.367743	0.139630	0.492627	
0.016369	5	13	25								0.371284	0.142694	0.486023	
0.016406	5	13	25								0.374825	0.145757	0.479418	
0.016443	5	13	25								0.378366	0.148821	0.472813	
0.016480	5	13	25								0.381908	0.151884	0.466208	
0.016517	5	13	25								0.385449	0.154948	0.459603	
0.016554	5	13	25								0.388990	0.158011	0.452999	
0.016591	5	13	25								0.392531	0.161075	0.446394	
0.016628	5	13	25								0.396073	0.164138	0.439789	
0.016665	5	13	25								0.399614	0.167202	0.433184	
0.016702	5	13	25								0.403155	0.170265	0.426580	
0.016740	5	13	25								0.406696	0.173329	0.419975	
0.016777	5	13	25								0.410238	0.176392	0.413370	
0.016814	5	13	25								0.413779	0.179456	0.406765	
0.016851	5	13	25								0.417320	0.182519	0.400161	
0.016888	5	13	25								0.420861	0.185583	0.393556	
0.016925	5	13	25								0.424403	0.188646	0.386951	
0.016962	5	13	25								0.427944	0.191710	0.380346	
0.016999	5	13	25								0.431485	0.194773	0.373742	
0.017036	5	13	25								0.435027	0.197837	0.367137	
0.017073	5	13	25								0.438568	0.200900	0.360532	
0.017110	5	13	25								0.442109	0.203964	0.353927	
0.017147	5	13	25								0.445650	0.207027	0.347322	
0.017184	5	13	25								0.449192	0.210091	0.340718	
0.017221	5	13	25								0.452733	0.213154	0.334113	
0.017258	5	13	25								0.456274	0.216218	0.327508	
0.017296	5	13	25								0.459815	0.219281	0.320903	
0.017333	5	13	25								0.463357	0.222345	0.314299	
0.017370	5	13	25								0.466898	0.225408	0.307694	
0.017407	5	13	25								0.470439	0.228472	0.301089	
0.017444	5	13	25								0.473980	0.231535	0.294484	
0.017481	5	13	25								0.477522	0.234599	0.287880	
0.017518	5	13	25								0.481063	0.237662	0.281275	
0.017555	5	13	25								0.484604	0.240726	0.274670	
0.017592	5	13	25								0.488145	0.243789	0.268065	
0.017629	5	13	25								0.491687	0.246853	0.261460	
0.017666	5	13	25								0.495228	0.249916	0.254856	
0.017703	5	13	25								0.498769	0.252980	0.248251	
0.017740	5	13	25								0.502310	0.256043	0.241646	
0.017777	5	13	25								0.505852	0.259107	0.235041	
0.017815	5	13	25								0.509393	0.262170	0.228437	
0.017852	5	13	25								0.512934	0.265234	0.221832	
0.017889	5	13	25								0.516475	0.268297	0.215227	
0.017926	5	13	25								0.520017	0.271361	0.208622	
0.017963	5	13	25								0.523558	0.274425	0.202018	
0.018000	5	13	25								0.527099	0.277488	0.195413	
0.018037	5	13	25								0.530640	0.280552	0.188808	
0.018074	5	13	25								0.534182	0.283615	0.182203	
0.018111	5	13	25								0.537723	0.286679	0.175598	
0.018148	5	13	25								0.541264	0.289742	0.168994	
0.018185	5	13	25								0.544805	0.292806	0.162389	
0.018222	5	13	25								0.548347	0.295869	0.155784	
0.018259	5	13	25								0.551888	0.298933	0.149179	
0.018296	5	13	25								0.555429	0.301996	0.142575	
0.018333	5	13	25								0.558970	0.305060	0.135970	
0.018371	5	13	25								0.562512	0.308123	0.129365	
0.018408	5	13	25								0.566053	0.311187	0.122760	
0.018445	5	13	25								0.569594	0.314250	0.116156	
0.018482	5	13	25								0.573136	0.317314	0.109551	
0.018519	5	13	25								0.576677	0.320377	0.102946	
0.018556	5	13	25								0.580218	0.323441	0.096341	
0.018593	5	13	25								0.583759	0.326504	0.089737	
0.018630	5	13	25								0.587301	0.329568	0.083132	
0.018667	5	13	25								0.590842	0.332631	0.076527	
0.018704	5	13	25								0.594383	0.335695	0.069922	
0.018741	5	13	25								0.597924	0.338758	0.063317	
0.018778	5	13	25								0.601466	0.341822	0.056713	
0.018815	5	13	25								0.605007	0.344885	0.050108	
0.018852	5	13	25								0.608548	0.347949	0.043503	
0.018889	5	13	25								0.612089	0.351012	0.036898	
0.018927	5	13	25								0.615631	0.354076	0.030294	
0.018964	5	13	25								0.619172	0.357139	0.023689	
0.019001	5	13	25								0.622713	0.360203	0.017084	
0.019038	5	13	25								0.626254	0.363266	0.010479	
0.019075	5	13									0.636615	0.363385	
0.019112	5	13									0.628531	0.371469	
0.019149	5	13									0.620447	0.379553	
0.019186	5	13									0.612363	0.387637	
0.019223	5	13									0.604279	0.395721	
0.019260	5	13									0.596195	0.403805	
0.019297	5	13									0.588111	0.411889	
0.019334	5	13									0.580027	0.419973	
0.019371	5	13									0.571943	0.428057	
0.019408	5	13									0.563859	0.436141	
0.019446	5	13									0.555775	0.444225	
0.019483	5	13									0.547691	0.452309	
0.019520	5	13									0.539607	0.460393	
0.019557	5	13									0.531523	0.468477	
0.019594	5	13									0.523439	0.476561	
0.019631	5	13									0.515355	0.484645	
0.019668	5	13									0.507271	0.492729	
0.019705	5	13									0.499187	0.500813	
0.019742	5	13									0.491103	0.508897	
0.019779	5	13									0.483019	0.516981	
0.019816	5	13									0.474935	0.525065	
0.019853	5	13									0.466851	0.533149	
0.019890	5	13									0.458767	0.541233	
0.019927	5	13									0.450683	0.549317	
0.019964	5	13									0.442599	0.557401	
0.020002	5	13									0.434515	0.565485	
0.020039	5	13									0.426431	0.573569	
0.020076	5	13									0.418347	0.581653	
0.020113	5	13									0.410263	0.589737	
0.020150	5	13									0.402179	0.597821	
0.020187	5	13									0.394095	0.605905	
0.020224	5	13									0.386011	0.613989	
0.020261	5	13									0.377927	0.622073	
0.020298	5	13									0.369843	0.630157	
0.020335	5	13									0.361759	0.638241	
0.020372	5	13									0.353675	0.646325	
0.020409	5	13									0.345591	0.654409	
0.020446	5	13									0.337507	0.662493	
0.020483	5	13									0.329423	0.670577	
0.020520	5	13									0.321339	0.678661	
0.020558	5	13									0.313255	0.686745	
0.020595	5	13									0.305171	0.694829	
0.020632	5	13									0.297087	0.702913	
0.020669	5	13									0.289003	0.710997	
0.020706	5	13									0.280919	0.719081	
0.020743	5	13									0.272835	0.727165	
0.020780	5	13									0.264751	0.735249	
0.020817	5	13									0.256667	0.743333	
0.020854	5	13									0.248583	0.751417	
0.020891	5	13									0.240499	0.759501	
0.020928	5	13									0.232415	0.767585	
0.020965	5	13									0.224331	0.775669	
0.021002	5	13									0.216247	0.783753	
0.021039	5	13									0.208163	0.791837	
0.021077	5	13									0.200079	0.799921	
0.021114	5	13									0.191995	0.808005	
0.021151	5	13									0.183911	0.816089	
0.021188	5	13									0.175827	0.824173	
0.021225	5	13									0.167743	0.832257	
0.021262	5	13									0.159659	0.840341	
0.021299	5	13									0.151575	0.848425	
0.021336	5	13									0.143491	0.856509	
0.021373	5	13									0.135407	0.864593	
0.021410	5	13									0.127323	0.872677	
0.021447	5	13									0.119239	0.880761	
0.021484	5	13									0.111155	0.888845	
0.021521	5	13									0.103071	0.896929	
0.021558	5	13									0.094987	0.905013	
0.021595	5	13									0.086903	0.913097	
0.021633	5	13									0.078819	0.921181	
0.021670	5	13									0.070735	0.929265	
0.021707	5	13									0.062651	0.937349	
0.021744	5	13									0.054567	0.945433	
0.021781	5	13									0.046483	0.953517	
0.021818	5	13									0.038399	0.961601	
0.021855	5	13									0.030315	0.969685	
0.021892	5	13									0.022232	0.977768	
0.021929	5	13									0.014148	0.985852	
0.021966											
