0.003469059856	0.0002173	0.00016881	0.00015075	0.00013638	0.00013114	0.00012652	0.00012236	0.00011958	0.00011764	0.000109353032
0.0035061282	0.00021617	0.00016692	0.00015081	0.00013646	0.00013084	0.0001265	0.00012258	0.00011953	0.00011748	0.0001093614575
0.003543196544	0.00021566	0.00016564	0.00015138	0.00013662	0.00013062	0.00012654	0.00012288	0.00011954	0.00011738	0.0001093862118
0.003580264888	0.00021578	0.00016498	0.00015245	0.00013688	0.00013048	0.00012665	0.00012322	0.0001196	0.00011734	0.0001094279664
0.003617333232	0.00021652	0.00016494	0.00015403	0.00013722	0.00013041	0.00012676	0.00012314	0.00011973	0.00011735	0.0001094879598
0.003654401576	0.00021788	0.00016552	0.00015404	0.00013765	0.00013042	0.00012661	0.00012312	0.00011992	0.00011742	0.0001095671811
0.00369146992	0.00021987	0.00016671	0.00015239	0.00013818	0.00013051	0.00012662	0.00012317	0.00012016	0.00011754	0.0001096620092
0.003728538265	0.00022247	0.00016852	0.00015086	0.00013879	0.00013067	0.00012679	0.00012328	0.00012047	0.00011772	0.0001097759712
0.003765606609	0.00022571	0.00017095	0.00014958	0.00013949	0.00013091	0.0001271	0.00012346	0.00012067	0.00011796	0.0001099068096
0.003802674953	0.00022956	0.000174	0.00014857	0.00014028	0.00013123	0.0001273	0.00012371	0.00012079	0.00011826	0.0001100536857
0.003839743297	0.00023404	0.00017496	0.00014783	0.00014069	0.00013162	0.00012745	0.00012373	0.00012097	0.00011861	0.0001102159135
0.003876811641	0.00023914	0.00017611	0.00014735	0.00014114	0.00013209	0.00012767	0.00012385	0.0001212	0.00011901	0.0001103938496
0.003913879985	0.00024487	0.00017756	0.00014714	0.00014028	0.00013263	0.00012796	0.00012409	0.00012125	0.0001194	0.0001105873142
0.003950948329	0.00025122	0.00017933	0.0001472	0.0001395	0.00013325	0.00012832	0.00012443	0.0001214	0.0001195	0.0001108022449
0.003988016673	0.00025819	0.00017994	0.00014751	0.00013894	0.00013377	0.00012841	0.00012488	0.00012164	0.00011966	0.000111020915
0.004025085017	0.00026579	0.00017994	0.0001481	0.0001386	0.0001343	0.00012843	0.00012541	0.00012199	0.00011991	0.0001112650263
0.004062153361	0.00027213	0.0001802	0.00014895	0.00013847	0.00013414	0.00012861	0.00012546	0.00012243	0.00012027	0.0001115191055
0.004099221706	0.00027547	0.00018074	0.00015007	0.00013857	0.00013379	0.00012894	0.00012555	0.00012297	0.00012056	0.0001117898768
0.00413629005	0.00027912	0.00018154	0.00015145	0.00013888	0.00013363	0.00012942	0.00012576	0.00012321	0.00012073	0.0001120730328
0.004173358394	0.00028308	0.00018262	0.00015309	0.00013941	0.00013367	0.00013005	0.00012612	0.00012349	0.00012096	0.0001123726089
0.004210426738	0.00026916	0.00018397	0.00015501	0.00014015	0.00013391	0.00013031	0.00012662	0.00012385	0.00012124	0.0001126872231
0.004247495082	0.00026353	0.00018559	0.00015718	0.00014112	0.00013434	0.0001306	0.00012726	0.00012426	0.00012158	0.000113017668
0.004284563426	0.00026981	0.00018748	0.00015963	0.0001423	0.00013497	0.00013108	0.00012763	0.00012473	0.00012198	0.0001133658294
0.00432163177	0.000288	0.00018964	0.00016234	0.0001437	0.0001358	0.00013163	0.00012791	0.00012503	0.00012244	0.0001137318838
0.004358700114	0.00030759	0.00019207	0.00016477	0.00014532	0.00013682	0.00013205	0.00012825	0.0001253	0.00012295	0.0001141154092
0.004395768458	0.00030593	0.00019477	0.00016655	0.00014715	0.00013775	0.00013232	0.00012867	0.00012565	0.00012352	0.0001145166307
0.004432836802	0.00029675	0.00019775	0.00016859	0.0001492	0.00013876	0.00013253	0.00012915	0.00012606	0.00012401	0.0001149363022
0.004469905146	0.00027576	0.00019573	0.00017088	0.00015107	0.00013967	0.00013282	0.00012971	0.00012654	0.0001245	0.0001153751673
0.004506973491	0.00026948	0.00019269	0.00017214	0.00015209	0.00014034	0.00013319	0.00013034	0.00012709	0.00012493	0.0001158335561
0.004544041835	0.0002803	0.00019146	0.00017324	0.00015321	0.0001411	0.00013365	0.00013075	0.00012772	0.00012542	0.0001163113929
0.004581110179	0.00026948	0.00019205	0.00017029	0.00015443	0.00014194	0.00013418	0.00013119	0.00012841	0.00012599	0.0001168092187
0.004618178523	0.00025571	0.00019445	0.00016884	0.00015573	0.00014287	0.0001348	0.00013172	0.00012917	0.00012661	0.0001173279786
0.004655246867	0.00024565	0.00019867	0.00016888	0.00015677	0.00014389	0.00013549	0.00013232	0.00012997	0.00012718	0.0001178609385
0.004692315211	0.0002393	0.00019585	0.00017043	0.00015679	0.000145	0.00013627	0.00013301	0.0001304	0.00012802	0.0001184158523
0.004729383555	0.00023665	0.00019534	0.00017348	0.00015821	0.00014618	0.00013713	0.00013377	0.00013082	0.00012869	0.000118988211
0.004766451899	0.00023771	0.00019848	0.00017093	0.00015943	0.00014736	0.00013807	0.00013432	0.00013113	0.00012844	0.0001195777862
0.004803520243	0.00024248	0.00020159	0.00017126	0.000158	0.00014862	0.00013909	0.00013492	0.00013185	0.00012928	0.0001201851773
0.004840588587	0.00025096	0.00020252	0.00017456	0.00015942	0.00014997	0.00014019	0.00013559	0.00013245	0.00013018	0.0001208101944
0.004877656932	0.00026315	0.00020652	0.00018083	0.00016359	0.00015127	0.00014137	0.00013566	0.00013276	0.00012984	0.0001214516474
0.004914725276	0.00027904	0.00021358	0.00018384	0.00016426	0.0001518	0.00014264	0.00013652	0.00013363	0.00013049	0.0001221112612
0.00495179362	0.00029183	0.00021576	0.00018509	0.00016523	0.00015271	0.00014398	0.00013745	0.00013457	0.00013118	0.0001227886821
0.004988861964	0.0003054	0.00021623	0.00018722	0.00016634	0.00015317	0.00014541	0.00013845	0.00013543	0.00013139	0.0001234863883
0.005025930308	0.0003262	0.00021764	0.00018894	0.00016692	0.00015372	0.00014692	0.00013952	0.00013406	0.00013207	0.0001242075037
0.005062998652	0.00032699	0.00021998	0.00019047	0.00016795	0.00015473	0.0001485	0.00014065	0.00013475	0.00013279	0.0001249521097
0.005100066996	0.00032826	0.00022325	0.00019245	0.00016944	0.00015585	0.00014873	0.00014185	0.00013548	0.00013357	0.0001257207776
0.00513713534	0.00032999	0.00022728	0.00019379	0.00017134	0.00015675	0.00014899	0.00014308	0.00013627	0.00013384	0.0001265148544
0.005174203684	0.0003322	0.00022934	0.0001954	0.00017248	0.00015781	0.00014936	0.00014406	0.0001371	0.00013464	0.0001273350449
0.005211272028	0.00033488	0.00023187	0.00019748	0.00017377	0.00015901	0.00014986	0.00014461	0.00013799	0.0001355	0.0001281813726
0.005248340372	0.00033802	0.00023486	0.00020003	0.0001752	0.00016036	0.00015048	0.00014528	0.00013892	0.00013641	0.0001290537433
0.005285408717	0.00034164	0.00023833	0.00020235	0.00017679	0.00016186	0.00015123	0.00014607	0.0001399	0.00013736	0.0001299521209
0.005322477061	0.00034572	0.00024135	0.00020452	0.00017853	0.0001632	0.00015209	0.00014699	0.00014094	0.00013837	0.0001308765212
0.005359545405	0.00035028	0.00024323	0.00020683	0.00018042	0.00016414	0.00015308	0.00014803	0.00014202	0.00013942	0.0001318269709
0.005396613749	0.0003553	0.00024531	0.00020873	0.00018245	0.0001652	0.00015418	0.00014919	0.00014316	0.00014053	0.0001328035371
0.005433682093	0.0003608	0.00024757	0.00021042	0.00018464	0.00016639	0.00015542	0.00014877	0.00014434	0.00014168	0.0001338064999
0.005470750437	0.00036676	0.00024977	0.00021227	0.00018698	0.0001677	0.00015677	0.00014944	0.00014535	0.00014289	0.0001348366337
0.005507818781	0.00037027	0.00025212	0.00021427	0.00018947	0.00016913	0.00015824	0.0001502	0.00014619	0.00014354	0.0001358919616
0.005544887125	0.0003729	0.00025474	0.00021643	0.00019087	0.00017069	0.00015984	0.00015104	0.00014712	0.00014451	0.0001369725322
0.005581955469	0.00037623	0.00025763	0.00021874	0.00019145	0.00017236	0.00016155	0.00015198	0.00014814	0.00014556	0.0001380781952
0.005619023813	0.00038026	0.00025978	0.0002212	0.00019217	0.00017416	0.00016305	0.000153	0.00014924	0.00014671	0.0001392090091
0.005656092158	0.00038499	0.00026194	0.00022382	0.00019305	0.00017608	0.00016409	0.00015411	0.00015043	0.00014793	0.0001403622319
0.005693160502	0.00038887	0.00026444	0.0002266	0.00019408	0.00017812	0.00016522	0.00015531	0.00015171	0.00014913	0.0001415427556
0.005730228846	0.00038795	0.00026728	0.00022949	0.00019527	0.00018028	0.00016644	0.00015659	0.00015308	0.0001502	0.0001427477761
0.00576729719	0.00038815	0.00027046	0.00023029	0.00019661	0.00018257	0.00016774	0.00015797	0.00015453	0.00015134	0.0001439771296
0.005804365534	0.00038948	0.00027397	0.00023116	0.0001981	0.00018389	0.00016914	0.00015943	0.00015595	0.00015254	0.0001452311134
0.005841433878	0.00039194	0.00027783	0.00023216	0.00019974	0.0001845	0.00017062	0.00016098	0.00015716	0.00015383	0.0001465095316
0.005878502222	0.00039299	0.00028202	0.00023329	0.00020154	0.00018521	0.0001722	0.00016262	0.00015844	0.00015518	0.0001478139485
0.005915570566	0.00039148	0.00028655	0.00023455	0.00020349	0.00018604	0.00017373	0.00016435	0.00015979	0.00015658	0.0001491453867
0.00595263891	0.00039047	0.00029142	0.00023595	0.00020559	0.00018699	0.00017486	0.00016617	0.00016113	0.00015799	0.0001505049239
0.005989707254	0.00038998	0.00029663	0.00023748	0.00020784	0.00018806	0.0001761	0.00016808	0.00016253	0.00015935	0.000151890357
0.006026775598	0.00038999	0.00030218	0.00023913	0.00021025	0.00018924	0.00017746	0.00016975	0.000164	0.00016057	0.0001533044884
0.006063843943	0.00039051	0.00030806	0.00024092	0.00021281	0.00019053	0.00017894	0.00017081	0.00016553	0.00016186	0.0001547481449
0.006100912287	0.00039153	0.00031244	0.00024284	0.00021553	0.00019195	0.00018052	0.00017198	0.00016712	0.0001632	0.000156220251
0.006137980631	0.00039307	0.00031695	0.0002449	0.00021839	0.00019348	0.00018223	0.00017325	0.00016878	0.0001646	0.0001577250749
0.006175048975	0.00039511	0.00032164	0.00024708	0.00022083	0.00019512	0.00018404	0.00017462	0.0001705	0.00016605	0.0001592675251
0.006212117319	0.00039766	0.0003265	0.00024939	0.00022337	0.00019688	0.00018597	0.0001761	0.00017218	0.00016756	0.0001608572556
0.006249185663	0.00040071	0.00033153	0.00025184	0.00022605	0.00019876	0.00018802	0.00017768	0.00017396	0.00016912	0.0001624969348
0.006286254007	0.00040428	0.00033496	0.00025442	0.00022885	0.00020075	0.00018959	0.00017937	0.00017542	0.00017074	0.0001641865595
0.006323322351	0.00040835	0.00033651	0.00025713	0.00023147	0.00020286	0.00019121	0.00018116	0.00017671	0.00017242	0.0001659261041
0.006360390695	0.00041293	0.00033852	0.00025997	0.00023381	0.00020508	0.00019294	0.00018306	0.00017806	0.00017415	0.0001677155879
0.006397459039	0.00041802	0.000341	0.00026294	0.00023627	0.00020742	0.00019477	0.00018506	0.00017949	0.00017578	0.0001695550144
0.006434527384	0.00042361	0.00034394	0.00026605	0.00023885	0.00020988	0.0001967	0.00018716	0.00018099	0.00017743	0.0001714443784
0.006471595728	0.00042971	0.00034734	0.00026928	0.00024157	0.00021245	0.00019874	0.00018936	0.00018257	0.00017916	0.0001733836875
0.006508664072	0.00043632	0.0003512	0.00027265	0.00024441	0.00021514	0.00020089	0.00019168	0.00018421	0.00018095	0.0001753729447
0.006545732416	0.00044344	0.00035553	0.00027615	0.00024733	0.00021794	0.00020314	0.00019409	0.00018594	0.00018281	0.0001774143496
0.00658280076	0.00045107	0.00036032	0.00027978	0.00024932	0.00022086	0.0002055	0.00019661	0.00018773	0.00018474	0.0001795022855
0.006619869104	0.0004592	0.00036557	0.00028354	0.0002514	0.0002239	0.00020796	0.00019923	0.0001896	0.00018675	0.000181640445
0.006656937448	0.00046784	0.00037073	0.00028744	0.00025356	0.00022705	0.00021053	0.00020124	0.00019154	0.00018882	0.0001838295064
0.006694005792	0.00047699	0.0003718	0.00029146	0.00025581	0.00023032	0.0002132	0.00020314	0.00019355	0.00019096	0.0001860699702
0.006731074136	0.00048664	0.00037305	0.00029562	0.00025814	0.0002337	0.00021598	0.0002051	0.00019564	0.00019318	0.0001883577847
0.00676814248	0.00049681	0.00037449	0.0002999	0.00026056	0.0002372	0.00021886	0.00020714	0.0001978	0.00019546	0.0001906963438
0.006805210824	0.00050748	0.00037612	0.00030432	0.00026307	0.00024081	0.00022185	0.00020926	0.00020003	0.00019781	0.0001930870042
0.006842279169	0.00051865	0.00037793	0.00030888	0.00026566	0.00024396	0.00022447	0.00021145	0.00020234	0.00020024	0.0001955254242
0.006879347513	0.00052684	0.00037992	0.00031356	0.00026834	0.00024685	0.00022707	0.00021371	0.00020472	0.00020273	0.0001980146993
0.006916415857	0.00053227	0.0003821	0.00031837	0.0002711	0.00024947	0.00022974	0.00021604	0.00020717	0.00020529	0.0002005563136
0.006953484201	0.00053791	0.00038446	0.00032332	0.00027396	0.00025212	0.0002325	0.00021845	0.0002097	0.00020782	0.0002031503717
0.006990552545	0.00054377	0.00038701	0.00032839	0.00027689	0.00025485	0.00023533	0.00022094	0.0002123	0.0002103	0.0002058013135
0.007027620889	0.00054985	0.00038974	0.0003336	0.00027992	0.00025767	0.00023804	0.00022349	0.00021497	0.00021286	0.0002084989199
0.007064689233	0.00055615	0.00039266	0.00033894	0.00028302	0.00026057	0.00024037	0.00022613	0.00021771	0.00021549	0.0002112598063
0.007101757577	0.00056268	0.00039577	0.00034306	0.00028622	0.00026356	0.00024278	0.00022883	0.00022053	0.00021818	0.0002140863092
0.007138825921	0.00056942	0.00039906	0.00034605	0.0002895	0.00026663	0.00024527	0.00023161	0.00022342	0.00022095	0.0002169782245
0.007175894265	0.00057638	0.00040253	0.00034922	0.00029287	0.00026979	0.00024783	0.0002344	0.00022639	0.00022379	0.0002199354065
0.007212962609	0.00058357	0.00040619	0.00035257	0.00029632	0.00027303	0.00025048	0.00023726	0.00022943	0.0002267	0.0002229575788
0.007250030954	0.00059097	0.00041003	0.00035611	0.00029986	0.00027636	0.00025319	0.00024018	0.00023254	0.00022967	0.0002260438379
0.007287099298	0.0005986	0.00041406	0.00035983	0.00030349	0.00027958	0.00025599	0.00024318	0.00023572	0.00023272	0.000229193023
0.007324167642	0.00060644	0.00041827	0.00036373	0.0003072	0.00028284	0.00025886	0.00024626	0.00023898	0.00023584	0.000232404786
0.007361235986	0.00061451	0.00042267	0.00036782	0.000311	0.00028618	0.00026181	0.00024941	0.00024231	0.00023902	0.0002356790833
0.00739830433	0.00062279	0.00042725	0.00037209	0.00031488	0.0002896	0.00026484	0.00025264	0.00024572	0.00024228	0.0002390191043
0.007435372674	0.0006313	0.00043202	0.00037646	0.00031885	0.0002931	0.00026794	0.00025595	0.00024919	0.00024561	0.000242417842
0.007472441018	0.00064002	0.00043697	0.00037864	0.00032291	0.00029669	0.00027112	0.00025933	0.00025274	0.000249	0.0002458781404
0.007509509362	0.00064897	0.00044211	0.00038093	0.00032705	0.00030035	0.00027438	0.00026278	0.00025637	0.00025247	0.0002494017118
0.007546577706	0.00065814	0.00044743	0.00038335	0.00033128	0.00030409	0.00027772	0.00026631	0.00026006	0.000256	0.0002529884545
0.00758364605	0.00066752	0.00045294	0.00038588	0.00033559	0.00030791	0.00028113	0.00026991	0.00026383	0.00025961	0.0002566378169
0.007620714395	0.00067713	0.00045863	0.00038852	0.00033999	0.00031181	0.00028462	0.00027359	0.00026768	0.00026329	0.0002603497296
0.007657782739	0.00068696	0.00046451	0.00039128	0.00034448	0.0003158	0.00028818	0.00027735	0.00027159	0.00026703	0.0002641243459
0.007694851083	0.000697	0.00047057	0.00039417	0.00034905	0.00031986	0.00029182	0.00028118	0.00027558	0.00027085	0.0002679622049
0.007731919427	0.00070727	0.00047682	0.00039716	0.00035371	0.000324	0.00029554	0.00028509	0.00027961	0.00027473	0.0002718641797
0.007768987771	0.00071776	0.00048325	0.00040028	0.00035846	0.00032823	0.00029934	0.00028907	0.00028346	0.00027869	0.0002758309114
0.007806056115	0.00072847	0.00048986	0.00040351	0.00036246	0.00033253	0.00030321	0.00029313	0.00028734	0.00028272	0.0002798626677
0.007843124459	0.0007394	0.00049666	0.00040686	0.00036588	0.00033692	0.00030717	0.00029726	0.00029129	0.00028681	0.0002839595138
0.007880192803	0.00075055	0.00050365	0.00041033	0.00036941	0.00034138	0.00031119	0.00030147	0.00029531	0.00029098	0.0002881215317
0.007917261147	0.00076192	0.00051082	0.00041391	0.00037306	0.00034592	0.0003153	0.00030575	0.0002994	0.00029521	0.0002923486213
0.007954329491	0.00077351	0.00051818	0.00041761	0.00037683	0.00035041	0.00031948	0.00031011	0.00030356	0.00029952	0.0002966407636
0.007991397835	0.00078532	0.00052572	0.00042143	0.00038072	0.00035451	0.00032374	0.00031447	0.0003078	0.00030389	0.0003009979319
0.00802846618	0.00079735	0.00053345	0.00042537	0.00038472	0.00035761	0.00032807	0.0003186	0.00031211	0.00030834	0.0003054201353
0.008065534524	0.0008096	0.00054136	0.00042942	0.00038884	0.00036082	0.00033249	0.0003228	0.00031649	0.00031285	0.0003099073892
0.008102602868	0.00082207	0.00054945	0.00043359	0.00039307	0.00036413	0.00033698	0.00032709	0.00032094	0.00031744	0.0003144598308
0.008139671212	0.00083476	0.00055773	0.00043788	0.00039743	0.00036754	0.00034154	0.00033144	0.00032546	0.0003221	0.000319078104
0.008176739556	0.00084767	0.00056486	0.00044229	0.0004019	0.00037105	0.00034619	0.00033587	0.00033006	0.00032682	0.00032376342
0.0082138079	0.0008608	0.0005705	0.00044681	0.00040649	0.00037467	0.00035091	0.00034038	0.00033473	0.00033162	0.000328516718
0.008250876244	0.00087415	0.00057626	0.00045145	0.00041119	0.00037839	0.00035571	0.00034495	0.00033947	0.00033648	0.0003333382691
0.008287944588	0.00088773	0.00058214	0.00045621	0.00041601	0.00038221	0.00036058	0.00034961	0.00034429	0.00034142	0.0003382280268
0.008325012932	0.00090152	0.00058815	0.00046108	0.00042095	0.00038613	0.00036553	0.00035434	0.00034917	0.00034642	0.0003431859444
0.008362081276	0.00091448	0.00059428	0.00046607	0.00042601	0.00039016	0.00037056	0.00035914	0.00035413	0.0003515	0.000348211973
0.008399149621	0.00091928	0.00060053	0.00047118	0.00043118	0.00039428	0.00037567	0.00036402	0.00035917	0.00035664	0.0003533061761
0.008436217965	0.00092442	0.0006069	0.00047641	0.00043648	0.00039851	0.00038085	0.00036897	0.00036427	0.00036185	0.0003584685464
0.008473286309	0.00092992	0.0006134	0.00048175	0.00044188	0.00040284	0.00038611	0.000374	0.00036945	0.00036714	0.0003636990924
0.008510354653	0.00093576	0.00062001	0.00048721	0.00044741	0.00040728	0.00039145	0.00037911	0.0003747	0.00037249	0.0003689977098
0.008547422997	0.00094194	0.00062675	0.00049279	0.00045305	0.00041181	0.00039686	0.00038428	0.00038002	0.00037792	0.0003743644681
0.008584491341	0.00094848	0.00063361	0.00049848	0.00045881	0.00041645	0.00040236	0.00038954	0.00038541	0.00038337	0.0003797994604
0.008621559685	0.00095536	0.0006406	0.00050429	0.00046469	0.00042119	0.00040775	0.00039486	0.00039088	0.00038878	0.0003853030601
0.008658628029	0.00096259	0.0006477	0.00051022	0.00047068	0.00042603	0.00041308	0.00040027	0.00039642	0.00039425	0.0003908745548
0.008695696373	0.00097016	0.00065493	0.00051627	0.0004768	0.00043097	0.0004184	0.00040574	0.00040203	0.00039979	0.0003965143607
0.008732764717	0.00097808	0.00066228	0.00052243	0.00048303	0.00043602	0.00042318	0.00041129	0.00040771	0.0004054	0.0004022223952
0.008769833061	0.00098635	0.00066976	0.00052872	0.00048858	0.00044117	0.00042805	0.00041692	0.00041347	0.00041107	0.0004079983741
0.008806901406	0.00099497	0.00067735	0.00053511	0.00049387	0.00044642	0.00043303	0.00042262	0.00041929	0.00041682	0.0004138423741
0.00884396975	0.0010039	0.00068507	0.00054163	0.00049926	0.00045177	0.0004381	0.0004284	0.00042517	0.00042265	0.0004197543937
0.008881038094	0.0010132	0.00069291	0.00054826	0.00050476	0.00045722	0.00044327	0.00043425	0.00043095	0.00042854	0.0004257344591
0.008918106438	0.0010229	0.00070087	0.00055501	0.00051035	0.00046278	0.00044855	0.00044017	0.0004368	0.0004345	0.0004317826102
0.008955174782	0.0010329	0.00070896	0.00056188	0.00051605	0.00046844	0.00045392	0.00044618	0.00044272	0.00044054	0.0004378988529
0.008992243126	0.0010432	0.00071717	0.00056887	0.00052185	0.0004742	0.00045939	0.00045225	0.00044872	0.00044664	0.0004440832007
0.00902931147	0.0010539	0.0007255	0.00057597	0.00052775	0.00048006	0.00046496	0.0004584	0.00045479	0.00045282	0.0004503356806
0.009066379814	0.001065	0.00073395	0.00058319	0.00053376	0.00048603	0.00047063	0.00046463	0.00046094	0.00045907	0.0004566563107
0.009103448158	0.0010764	0.00074252	0.00059052	0.00053986	0.0004921	0.0004764	0.00047092	0.00046716	0.00046539	0.000463045079
0.009140516502	0.0010881	0.00075122	0.00059798	0.00054607	0.00049827	0.00048227	0.0004773	0.00047345	0.00047178	0.0004695019941
0.009177584847	0.0010987	0.00076004	0.00060555	0.00055238	0.00050454	0.00048824	0.00048363	0.00047982	0.00047824	0.0004760270653
0.009214653191	0.0010999	0.00076898	0.00061324	0.0005588	0.00051091	0.0004943	0.00049	0.00048626	0.00048474	0.0004826203047
0.009251721535	0.0011017	0.00077804	0.00062104	0.00056531	0.00051739	0.00050047	0.00049647	0.00049277	0.00049129	0.0004892817205
0.009288789879	0.0011039	0.00078723	0.00062897	0.00057193	0.00052396	0.00050674	0.00050301	0.00049936	0.00049792	0.0004960113223
0.009325858223	0.0011067	0.00079654	0.00063701	0.00057865	0.00053064	0.0005131	0.00050965	0.00050603	0.00050462	0.0005028091213
0.009362926567	0.00111	0.00080597	0.00064516	0.00058547	0.00053743	0.00051957	0.00051623	0.00051276	0.00051139	0.0005096751295
0.009399994911	0.0011139	0.00081552	0.00065344	0.00059239	0.00054431	0.00052613	0.00052265	0.00051957	0.00051824	0.0005166093588
0.009437063255	0.0011182	0.0008252	0.00066183	0.00059942	0.0005513	0.00053279	0.00052918	0.00052646	0.00052516	0.0005236118191
0.009474131599	0.0011231	0.00083499	0.00067034	0.00060655	0.00055839	0.00053955	0.0005358	0.00053342	0.00053215	0.0005306830629
0.009511199943	0.0011285	0.00084491	0.00067897	0.00061378	0.00056558	0.00054642	0.00054251	0.00054045	0.00053922	0.0005378248931
0.009548268287	0.0011345	0.00085496	0.00068771	0.00062111	0.00057287	0.00055338	0.00054932	0.00054756	0.00054636	0.0005450326755
0.009585336632	0.0011409	0.00086512	0.00069657	0.00062855	0.00058026	0.00056044	0.00055623	0.00055461	0.00055356	0.0005523074457
0.009622404976	0.0011479	0.00087541	0.00070555	0.00063608	0.00058776	0.00056759	0.00056324	0.0005617	0.00056079	0.0005596505558
0.00965947332	0.0011554	0.00088582	0.00071464	0.00064372	0.00059536	0.00057485	0.00057034	0.00056888	0.00056805	0.0005670618367
0.009696541664	0.0011634	0.00089635	0.00072386	0.00065146	0.00060306	0.00058221	0.00057754	0.00057616	0.00057533	0.0005745417803
0.009733610008	0.001172	0.000907	0.00073319	0.00065931	0.00061086	0.00058967	0.00058483	0.00058353	0.00058271	0.0005820914894
0.009770678352	0.0011811	0.00091778	0.00074263	0.00066725	0.00061877	0.00059722	0.00059222	0.000591	0.00059018	0.0005897113549
0.009807746696	0.0011907	0.00092868	0.0007522	0.0006753	0.00062678	0.00060488	0.00059971	0.00059856	0.00059774	0.0005974036313
0.00984481504	0.0012008	0.0009397	0.00076188	0.00068345	0.00063489	0.00061263	0.0006073	0.00060621	0.0006054	0.0006051681721
0.009881883384	0.0012114	0.00095084	0.00077168	0.0006917	0.0006431	0.00062049	0.00061498	0.00061396	0.00061315	0.0006130014991
0.009918951728	0.0012226	0.0009621	0.0007816	0.00070005	0.00065141	0.00062844	0.00062276	0.0006218	0.000621	0.0006209074471
0.009956020073	0.0012343	0.00097349	0.00079163	0.00070851	0.00065983	0.00063649	0.00063063	0.00062974	0.00062894	0.0006288974536
0.009993088417	0.0012465	0.000985	0.00080178	0.00071707	0.00066835	0.00064465	0.0006386	0.00063777	0.00063698	0.0006369701188
0.01003015676	0.0012593	0.00099663	0.00081205	0.00072573	0.00067697	0.0006529	0.00064667	0.00064584	0.00064511	0.0006451294847
0.0100672251	0.0012725	0.0010084	0.00082119	0.00073449	0.00068569	0.00066125	0.00065483	0.00065401	0.00065333	0.0006533726356
0.01010429345	0.0012863	0.0010203	0.00082976	0.00074336	0.00069452	0.0006697	0.00066309	0.00066227	0.00066165	0.0006617008421
0.01014136179	0.0013006	0.0010323	0.0008385	0.00075232	0.00070344	0.00067825	0.00067145	0.00067064	0.00067006	0.0006701166707
0.01017843014	0.0013155	0.0010444	0.00084742	0.00076139	0.00071114	0.00068689	0.0006799	0.00067909	0.00067857	0.0006786244219
0.01021549848	0.0013308	0.0010566	0.00085652	0.00077056	0.00071843	0.00069564	0.00068845	0.00068765	0.00068717	0.000687226475
0.01025256683	0.0013467	0.001069	0.00086579	0.00077984	0.00072587	0.00070449	0.0006971	0.0006963	0.00069587	0.0006959231872
0.01028963517	0.0013631	0.001079	0.00087523	0.00078921	0.00073345	0.00071344	0.00070584	0.00070505	0.00070466	0.0007047144052
0.01032670351	0.00138	0.0010833	0.00088485	0.00079728	0.00074117	0.00072248	0.00071468	0.00071389	0.00071354	0.0007136000886
0.01036377186	0.0013975	0.0010878	0.00089351	0.00080481	0.00074904	0.00073163	0.00072361	0.00072283	0.00072252	0.0007225801072
0.0104008402	0.0014154	0.0010925	0.00090117	0.00081249	0.00075706	0.00074087	0.00073264	0.00073187	0.00073159	0.0007316545075
0.01043790855	0.0014339	0.0010975	0.00090905	0.00082031	0.00076521	0.00075021	0.00074177	0.000741	0.00074076	0.0007408233473
0.01047497689	0.001453	0.0011027	0.00091715	0.00082828	0.00077351	0.00075927	0.000751	0.00075023	0.00075002	0.0007500869389
0.01051204523	0.0014725	0.0011082	0.00092548	0.00083639	0.00078196	0.00076772	0.00076032	0.00075956	0.00075956	0.0007594448884
0.01054911358	0.0014926	0.0011139	0.00093403	0.00084464	0.00079055	0.00077632	0.00076974	0.00076899	0.00076899	0.0007688970485
0.01058618192	0.0015132	0.0011198	0.0009428	0.00085305	0.00079929	0.00078507	0.00077925	0.00077851	0.00077851	0.0007784433849
0.01062325027	0.0015343	0.001126	0.0009518	0.00086159	0.00080816	0.00079396	0.00078886	0.00078812	0.00078812	0.0007880838759
0.01066031861	0.0015559	0.0011325	0.00096102	0.00087029	0.00081719	0.00080299	0.00079857	0.00079783	0.00079783	0.0007978185162
0.01069738695	0.0015781	0.0011392	0.00097047	0.00087913	0.00082636	0.00081217	0.00080838	0.00080764	0.00080764	0.000807648792
0.0107344553	0.0016008	0.0011461	0.00098014	0.00088811	0.00083567	0.00082149	0.00081828	0.00081755	0.00081755	0.0008175696923
0.01077152364	0.001624	0.0011533	0.00099003	0.00089724	0.00084513	0.00083096	0.00082827	0.00082755	0.00082755	0.0008275903173
0.01080859199	0.0016477	0.0011608	0.0010002	0.00090651	0.00085473	0.00084057	0.00083837	0.00083765	0.00083765	0.0008376991345
0.01084566033	0.001672	0.0011685	0.0010105	0.00091593	0.00086447	0.00085032	0.00084856	0.00084785	0.00084785	0.0008479055662
0.01088272867	0.0016967	0.0011764	0.0010211	0.0009255	0.00087436	0.00086022	0.00085884	0.00085814	0.00085814	0.0008582063212
0.01091979702	0.001722	0.0011846	0.0010319	0.00093521	0.0008844	0.00087027	0.00086923	0.00086853	0.00086853	0.0008686014033
0.01095686536	0.0017479	0.001193	0.0010429	0.00094507	0.00089457	0.00088045	0.00087971	0.00087901	0.00087901	0.0008790908294
0.01099393371	0.0017742	0.0012017	0.0010541	0.00095507	0.0009049	0.00089079	0.00089009	0.00088959	0.00088959	0.0008896785843
0.01103100205	0.0018011	0.0012106	0.0010656	0.00096522	0.00091537	0.00090126	0.00090057	0.00090027	0.00090027	0.0009003575204
0.0110680704	0.0018285	0.0012197	0.0010773	0.00097551	0.00092598	0.00091189	0.0009112	0.00091104	0.00091104	0.0009111320398
0.01110513874	0.0018564	0.0012291	0.0010892	0.00098595	0.00093673	0.00092265	0.00092197	0.00092197	0.00092197	0.0009220020281
0.01114220708	0.0018849	0.0012388	0.0011013	0.00099653	0.00094763	0.00093356	0.00093289	0.00093289	0.00093289	0.000932973691
0.01117927543	0.0019138	0.0012487	0.0011137	0.0010073	0.00095868	0.00094462	0.00094395	0.00094395	0.00094395	0.0009440437619
0.01121634377	0.0019433	0.0012588	0.0011262	0.0010181	0.00096987	0.00095582	0.00095582	0.00095582	0.00095582	0.0009552504265
0.01125341212	0.0019733	0.0012692	0.001139	0.0010292	0.0009812	0.00096716	0.00096716	0.00096716	0.00096716	0.000966602309
0.01129048046	0.0020039	0.0012799	0.0011521	0.0010403	0.00099268	0.00097865	0.00097865	0.00097865	0.00097865	0.0009780988255
0.0113275488	0.0020349	0.0012908	0.0011653	0.0010516	0.0010043	0.00099028	0.00099028	0.00099028	0.00099028	0.0009897391541
0.01136461715	0.0020665	0.0013019	0.0011788	0.0010631	0.0010161	0.0010021	0.0010021	0.0010021	0.0010021	0.001001525493
0.01140168549	0.0020986	0.0013133	0.0011925	0.0010747	0.001028	0.001014	0.001014	0.001014	0.001014	0.001013455449
0.01143875384	0.0021313	0.0013249	0.0012036	0.0010864	0.00104	0.001026	0.001026	0.001026	0.001026	0.001025529642
0.01147582218	0.0021644	0.0013368	0.0012145	0.0010983	0.0010522	0.0010383	0.0010383	0.0010383	0.0010383	0.001037748194
0.01151289052	0.0021981	0.0013489	0.0012256	0.0011104	0.0010646	0.0010506	0.0010506	0.0010506	0.0010506	0.00105011112
0.01154995887	0.0022323	0.0013612	0.0012369	0.0011225	0.0010771	0.0010631	0.0010631	0.0010631	0.0010631	0.001062618458
0.01158702721	0.0022644	0.0013738	0.0012483	0.0011349	0.0010897	0.0010757	0.0010757	0.0010757	0.0010757	0.001075270168
0.01162409556	0.0022939	0.0013867	0.0012599	0.0011473	0.0011025	0.0010885	0.0010885	0.0010885	0.0010885	0.001088066252
0.0116611639	0.0023238	0.0013998	0.0012716	0.00116	0.0011154	0.0011015	0.0011015	0.0011015	0.0011015	0.001101006364
0.01169823224	0.0023541	0.0014131	0.0012835	0.0011722	0.0011285	0.0011145	0.0011145	0.0011145	0.0011145	0.001114092162
0.01173530059	0.0023848	0.0014267	0.0012955	0.001184	0.0011417	0.0011278	0.0011278	0.0011278	0.0011278	0.001127319565
0.01177236893	0.0024159	0.0014406	0.0013076	0.001196	0.001155	0.0011411	0.0011411	0.0011411	0.0011411	0.001140693288
0.01180943728	0.0024474	0.0014547	0.0013199	0.0012081	0.0011685	0.0011546	0.0011546	0.0011546	0.0011546	0.00115421133
0.01184650562	0.0024792	0.001469	0.0013324	0.0012203	0.0011822	0.0011683	0.0011683	0.0011683	0.0011683	0.001167873718
0.01188357397	0.0025115	0.0014836	0.001345	0.0012328	0.001196	0.0011821	0.0011821	0.0011821	0.0011821	0.001181680472
0.01192064231	0.0025442	0.0014984	0.0013578	0.0012454	0.0012099	0.001196	0.001196	0.001196	0.001196	0.001195631597
0.01195771065	0.0025773	0.0015135	0.0013707	0.0012582	0.001224	0.0012101	0.0012101	0.0012101	0.0012101	0.00120972709
0.011994779	0.0026108	0.0015288	0.0013837	0.0012711	0.0012382	0.0012244	0.0012244	0.0012244	0.0012244	0.001223966944
0.01203184734	0.0026447	0.0015443	0.0013953	0.0012843	0.0012526	0.0012387	0.0012387	0.0012387	0.0012387	0.001238351162
0.01206891569	0.002679	0.0015601	0.0014068	0.0012976	0.0012671	0.0012532	0.0012532	0.0012532	0.0012532	0.001252879749
0.01210598403	0.0027137	0.0015762	0.0014184	0.001311	0.0012817	0.0012679	0.0012679	0.0012679	0.0012679	0.001267552743
0.01214305237	0.0027488	0.0015925	0.0014302	0.0013246	0.0012965	0.0012827	0.0012827	0.0012827	0.0012827	0.001282370146
0.01218012072	0.0027842	0.001609	0.0014423	0.0013384	0.0013115	0.0012977	0.0012977	0.0012977	0.0012977	0.001297331916
0.01221718906	0.0028201	0.0016258	0.0014544	0.0013524	0.0013264	0.0013128	0.0013128	0.0013128	0.0013128	0.001312438062
0.01225425741	0.0028564	0.0016429	0.0014668	0.0013665	0.0013409	0.001328	0.001328	0.001328	0.001328	0.001327688615
0.01229132575	0.0028931	0.0016602	0.0014794	0.0013808	0.0013555	0.0013434	0.0013434	0.0013434	0.0013434	0.001343083545
0.01232839409	0.0029302	0.0016777	0.0014921	0.0013953	0.0013703	0.0013589	0.0013589	0.0013589	0.0013589	0.001358622852
0.01236546244	0.0029677	0.0016955	0.0015051	0.0014099	0.0013853	0.0013746	0.0013746	0.0013746	0.0013746	0.001374306534
0.01240253078	0.0030056	0.0017135	0.0015182	0.0014247	0.0014005	0.0013904	0.0013904	0.0013904	0.0013904	0.001390134587
0.01243959913	0.0030439	0.0017318	0.0015315	0.0014397	0.0014158	0.0014064	0.0014064	0.0014064	0.0014064	0.001406107008
0.01247666747	0.0030826	0.0017503	0.0015449	0.0014548	0.0014313	0.0014225	0.0014225	0.0014225	0.0014225	0.001422223791
0.01251373582	0.0031216	0.001769	0.0015586	0.0014701	0.0014469	0.0014387	0.0014387	0.0014387	0.0014387	0.001438484974
0.01255080416	0.0031611	0.001788	0.0015724	0.0014856	0.0014627	0.0014551	0.0014551	0.0014551	0.0014551	0.001454890578
0.0125878725	0.003201	0.0018073	0.0015865	0.0015013	0.0014787	0.0014717	0.0014717	0.0014717	0.0014717	0.001471440572
0.01262494085	0.0032413	0.0018268	0.0016007	0.0015171	0.0014949	0.0014884	0.0014884	0.0014884	0.0014884	0.001488134937
0.01266200919	0.003282	0.0018466	0.0016151	0.0015331	0.0015112	0.0015052	0.0015052	0.0015052	0.0015052	0.001504973671
0.01269907754	0.0033231	0.0018665	0.0016297	0.0015492	0.0015277	0.0015222	0.0015222	0.0015222	0.0015222	0.00152195677
0.01273614588	0.0033646	0.0018868	0.0016444	0.0015655	0.0015443	0.0015393	0.0015393	0.0015393	0.0015393	0.001539084251
0.01277321422	0.0034065	0.0019073	0.0016594	0.001582	0.0015611	0.0015566	0.0015566	0.0015566	0.0015566	0.001556355204
0.01281028257	0.0034488	0.001928	0.0016745	0.0015987	0.0015781	0.001574	0.001574	0.001574	0.001574	0.001573771218
0.01284735091	0.0034915	0.001949	0.0016898	0.0016155	0.0015952	0.0015915	0.0015915	0.0015915	0.0015915	0.001591333913
0.01288441926	0.0035346	0.0019702	0.0017053	0.0016325	0.0016125	0.0016092	0.0016092	0.0016092	0.0016092	0.001609039083
0.0129214876	0.003578	0.0019917	0.001721	0.0016497	0.00163	0.0016271	0.0016271	0.0016271	0.0016271	0.001626889416
0.01295855594	0.0036219	0.0020134	0.0017369	0.001667	0.0016476	0.001645	0.001645	0.001645	0.001645	0.001644882314
0.01299562429	0.0036662	0.0020354	0.0017529	0.0016845	0.0016654	0.0016632	0.0016632	0.0016632	0.0016632	0.001663020218
0.01303269263	0.0037109	0.0020576	0.0017691	0.0017022	0.0016834	0.0016814	0.0016814	0.0016814	0.0016814	0.001681303171
0.01306976098	0.003756	0.00208	0.0017855	0.00172	0.0017016	0.0016999	0.0016999	0.0016999	0.0016999	0.001699727525
0.01310682932	0.0038015	0.0021027	0.0018021	0.001738	0.0017199	0.0017184	0.0017184	0.0017184	0.0017184	0.001718298926
0.01314389766	0.0038474	0.0021257	0.0018189	0.0017562	0.0017383	0.0017371	0.0017371	0.0017371	0.0017371	0.001737014593
0.01318096601	0.0038937	0.0021489	0.0018359	0.0017745	0.001757	0.001756	0.001756	0.001756	0.001756	0.001755874564
0.01321803435	0.0039404	0.0021723	0.001853	0.001793	0.0017758	0.0017749	0.0017749	0.0017749	0.0017749	0.00177487907
0.0132551027	0.0039875	0.002196	0.0018704	0.0018117	0.0017947	0.0017941	0.0017941	0.0017941	0.0017941	0.001794027751
0.01329217104	0.004035	0.0022199	0.0018879	0.0018305	0.0018139	0.0018134	0.0018134	0.0018134	0.0018134	0.001813320827
0.01332923939	0.0040829	0.0022441	0.0019056	0.0018496	0.0018332	0.0018328	0.0018328	0.0018328	0.0018328	0.001832757672
0.01336630773	0.0041311	0.0022685	0.0019235	0.0018687	0.0018526	0.0018524	0.0018524	0.0018524	0.0018524	0.00185233953
0.01340337607	0.0041798	0.0022932	0.0019415	0.0018881	0.0018723	0.0018723	0.0018723	0.0018723	0.0018723	0.001872066443
0.01344044442	0.0042289	0.0023181	0.0019598	0.0019076	0.001892	0.001892	0.001892	0.001892	0.001892	0.001891937841
0.01347751276	0.0042784	0.0023433	0.0019782	0.0019273	0.001912	0.001912	0.001912	0.001912	0.001912	0.001911962225
0.01351458111	0.0043283	0.0023687	0.0019968	0.0019471	0.0019321	0.0019321	0.0019321	0.0019321	0.0019321	0.001932148029
0.01355164945	0.0043786	0.0023943	0.0020156	0.0019672	0.0019524	0.0019524	0.0019524	0.0019524	0.0019524	0.001952494943
0.01358871779	0.0044293	0.0024202	0.0020346	0.0019874	0.0019729	0.0019729	0.0019729	0.0019729	0.0019729	0.001973002912
0.01362578614	0.0044804	0.0024464	0.0020538	0.0020077	0.0019935	0.0019935	0.0019935	0.0019935	0.0019935	0.001993672181
0.01366285448	0.0045319	0.0024728	0.0020732	0.0020283	0.0020143	0.0020143	0.0020143	0.0020143	0.0020143	0.002014503305
0.01369992283	0.0045838	0.0024994	0.0020927	0.0020489	0.0020353	0.0020353	0.0020353	0.0020353	0.0020353	0.002035497073
0.01373699117	0.0046361	0.0025263	0.0021124	0.0020698	0.0020564	0.0020564	0.0020564	0.0020564	0.0020564	0.002056652797
0.01377405951	0.0046888	0.0025534	0.0021323	0.0020908	0.0020777	0.0020777	0.0020777	0.0020777	0.0020777	0.002077970373
0.01381112786	0.0047419	0.0025808	0.0021524	0.0021121	0.0020991	0.0020991	0.0020991	0.0020991	0.0020991	0.002099449832
0.0138481962	0.0047953	0.0026084	0.0021727	0.0021334	0.0021208	0.0021208	0.0021208	0.0021208	0.0021208	0.002121087325
0.01388526455	0.0048492	0.0026363	0.0021931	0.0021549	0.0021425	0.0021425	0.0021425	0.0021425	0.0021425	0.002142889512
0.01392233289	0.0049035	0.0026644	0.0022138	0.0021764	0.0021645	0.0021645	0.0021645	0.0021645	0.0021645	0.002164853443
0.01395940123	0.0049582	0.0026928	0.0022346	0.0021982	0.0021866	0.0021866	0.0021866	0.0021866	0.0021866	0.00218697966
0.01399646958	0.0050133	0.0027214	0.0022556	0.0022201	0.0022089	0.0022089	0.0022089	0.0022089	0.0022089	0.002209270121
0.01403353792	0.0050688	0.0027503	0.0022768	0.0022421	0.0022314	0.0022314	0.0022314	0.0022314	0.0022314	0.002231726447
0.01407060627	0.0050776	0.0027794	0.0022982	0.0022644	0.002254	0.002254	0.002254	0.002254	0.002254	0.002254348886
0.01410767461	0.0049799	0.0028087	0.0023197	0.0022868	0.0022768	0.0022768	0.0022768	0.0022768	0.0022768	0.002277137356
0.01414474296	0.004886	0.0028383	0.0023414	0.0023094	0.0022997	0.0022997	0.0022997	0.0022997	0.0022997	0.002300091813
0.0141818113	0.0047959	0.0028681	0.0023634	0.0023321	0.0023228	0.0023228	0.0023228	0.0023228	0.0023228	0.002323212245
0.01421887964	0.0047097	0.0028982	0.0023855	0.0023551	0.0023461	0.0023461	0.0023461	0.0023461	0.0023461	0.002346498649
0.01425594799	0.0046274	0.0029286	0.0024078	0.0023782	0.0023695	0.0023695	0.0023695	0.0023695	0.0023695	0.002369951025
0.01429301633	0.0045489	0.0029591	0.0024302	0.0024015	0.0023932	0.0023932	0.0023932	0.0023932	0.0023932	0.002393569371
0.01433008468	0.0044744	0.00299	0.0024529	0.0024249	0.0024169	0.0024169	0.0024169	0.0024169	0.0024169	0.002417353687
0.01436715302	0.0044036	0.003021	0.0024757	0.0024485	0.0024409	0.0024409	0.0024409	0.0024409	0.0024409	0.002441303972
0.01440422136	0.0043367	0.0030523	0.0024988	0.0024723	0.002465	0.002465	0.002465	0.002465	0.002465	0.002465420227
0.01444128971	0.0042737	0.0030839	0.002522	0.0024963	0.0024893	0.0024893	0.0024893	0.0024893	0.0024893	0.002489702449
0.01447835805	0.0042146	0.0031157	0.0025454	0.0025205	0.0025137	0.0025137	0.0025137	0.0025137	0.0025137	0.00251415064
0.0145154264	0.0041593	0.0031478	0.0025689	0.0025448	0.0025383	0.0025383	0.0025383	0.0025383	0.0025383	0.002538764796
0.01455249474	0.0041079	0.0031801	0.0025927	0.0025693	0.0025631	0.0025631	0.0025631	0.0025631	0.0025631	0.00256354491
0.01458956308	0.0040603	0.0032126	0.0026166	0.0025939	0.002588	0.002588	0.002588	0.002588	0.002588	0.002588490986
0.01462663143	0.0040166	0.0032454	0.0026408	0.0026188	0.0026131	0.0026131	0.0026131	0.0026131	0.0026131	0.002613603047
0.01466369977	0.0039768	0.0032785	0.0026651	0.0026438	0.0026384	0.0026384	0.0026384	0.0026384	0.0026384	0.002638881078
0.01470076812	0.0039408	0.0033117	0.0026896	0.0026689	0.0026638	0.0026638	0.0026638	0.0026638	0.0026638	0.002664325067
0.01473783646	0.0039087	0.0033453	0.0027142	0.0026943	0.0026895	0.0026895	0.0026895	0.0026895	0.0026895	0.002689935027
0.0147749048	0.0038805	0.0033791	0.0027391	0.0027198	0.0027152	0.0027152	0.0027152	0.0027152	0.0027152	0.002715710975
0.01481197315	0.0038561	0.0034131	0.0027641	0.0027455	0.0027412	0.0027412	0.0027412	0.0027412	0.0027412	0.002741652782
0.01484904149	0.0038356	0.0034474	0.0027894	0.0027714	0.0027673	0.0027673	0.0027673	0.0027673	0.0027673	0.002767760507
0.01488610984	0.0038189	0.0034819	0.0028148	0.0027974	0.0027935	0.0027935	0.0027935	0.0027935	0.0027935	0.002794034183
0.01492317818	0.0038061	0.0035166	0.0028401	0.0028236	0.00282	0.00282	0.00282	0.00282	0.00282	0.002820473814
0.01496024653	0.0037972	0.0035517	0.0028656	0.00285	0.0028466	0.0028466	0.0028466	0.0028466	0.0028466	0.002847079406
0.01499731487	0.0037921	0.0035869	0.0028913	0.0028766	0.0028733	0.0028733	0.0028733	0.0028733	0.0028733	0.002873850966
0.01503438321	0.0037909	0.0036224	0.0029172	0.0029033	0.0029003	0.0029003	0.0029003	0.0029003	0.0029003	0.002900788501
0.01507145156	0.0037935	0.0036491	0.0029429	0.0029302	0.0029274	0.0029274	0.0029274	0.0029274	0.0029274	0.002927892009
0.0151085199	0.0038	0.0036297	0.0029689	0.0029573	0.0029546	0.0029546	0.0029546	0.0029546	0.0029546	0.002955161491
0.01514558825	0.0038104	0.0036121	0.002995	0.0029845	0.002982	0.002982	0.002982	0.002982	0.002982	0.002982596947
0.01518265659	0.0038247	0.0035961	0.0030214	0.0030119	0.0030096	0.0030096	0.0030096	0.0030096	0.0030096	0.003010198377
0.01521972493	0.0038428	0.0035819	0.0030479	0.0030395	0.0030374	0.0030374	0.0030374	0.0030374	0.0030374	0.00303796578
0.01525679328	0.0038647	0.0035695	0.0030748	0.0030673	0.0030653	0.0030653	0.0030653	0.0030653	0.0030653	0.003065899157
0.01529386162	0.0038905	0.0035587	0.0031018	0.0030952	0.0030934	0.0030934	0.0030934	0.0030934	0.0030934	0.003093998506
0.01533092997	0.0039202	0.0035497	0.0031291	0.0031232	0.0031217	0.0031217	0.0031217	0.0031217	0.0031217	0.003122263828
0.01536799831	0.0039538	0.0035425	0.0031566	0.0031514	0.0031501	0.0031501	0.0031501	0.0031501	0.0031501	0.003150695128
0.01540506665	0.0039912	0.0035369	0.0031843	0.0031798	0.0031787	0.0031787	0.0031787	0.0031787	0.0031787	0.003179292415
0.015442135	0.0040325	0.0035331	0.0032123	0.0032083	0.0032075	0.0032075	0.0032075	0.0032075	0.0032075	0.003208058164
0.01547920334	0.0040776	0.003531	0.0032405	0.0032371	0.0032364	0.0032364	0.0032364	0.0032364	0.0032364	0.003236986878
0.01551627169	0.0041266	0.0035307	0.0032689	0.003266	0.0032655	0.0032655	0.0032655	0.0032655	0.0032655	0.003266081594
0.01555334003	0.0041795	0.003532	0.0032975	0.0032951	0.0032947	0.0032947	0.0032947	0.0032947	0.0032947	0.003295342344
0.01559040837	0.0042362	0.0035351	0.0033264	0.0033244	0.0033241	0.0033241	0.0033241	0.0033241	0.0033241	0.003324769193
0.01562747672	0.0042968	0.00354	0.0033555	0.0033539	0.0033539	0.0033539	0.0033539	0.0033539	0.0033539	0.003354362591
0.01566454506	0.0043612	0.0035465	0.0033849	0.0033836	0.0033836	0.0033836	0.0033836	0.0033836	0.0033836	0.003384120693
0.01570161341	0.0044295	0.0035548	0.0034144	0.0034134	0.0034134	0.0034134	0.0034134	0.0034134	0.0034134	0.003414046675
0.01573868175	0.0045017	0.0035648	0.0034442	0.0034435	0.0034435	0.0034435	0.0034435	0.0034435	0.0034435	0.003444137338
0.0157757501	0.0045777	0.0035766	0.0034742	0.0034737	0.0034737	0.0034737	0.0034737	0.0034737	0.0034737	0.003474394737
0.01581281844	0.0046576	0.00359	0.0035045	0.0035042	0.0035042	0.0035042	0.0035042	0.0035042	0.0035042	0.003504833282
0.01584988678	0.0047414	0.0036052	0.003535	0.003535	0.003535	0.003535	0.003535	0.003535	0.003535	0.003535460442
0.01588695513	0.004829	0.0036222	0.0035657	0.0035657	0.0035657	0.0035657	0.0035657	0.0035657	0.0035657	0.003566275473
0.01592402347	0.0049205	0.0036408	0.0035966	0.0035966	0.0035966	0.0035966	0.0035966	0.0035966	0.0035966	0.003597280237
0.01596109182	0.0050158	0.0036612	0.0036278	0.0036278	0.0036278	0.0036278	0.0036278	0.0036278	0.0036278	0.003628471954
0.01599816016	0.0051151	0.0036833	0.0036591	0.0036591	0.0036591	0.0036591	0.0036591	0.0036591	0.0036591	0.0036598718
0.0160352285	0.0052181	0.0037072	0.0036908	0.0036908	0.0036908	0.0036908	0.0036908	0.0036908	0.0036908	0.00369150029
0.01607229685	0.0053251	0.0037328	0.0037226	0.0037226	0.0037226	0.0037226	0.0037226	0.0037226	0.0037226	0.00372335749
0.01610936519	0.0054359	0.0037601	0.0037547	0.0037547	0.0037547	0.0037547	0.0037547	0.0037547	0.0037547	0.003755445051
0.01614643354	0.0055505	0.0037891	0.0037891	0.0037891	0.0037891	0.0037891	0.0037891	0.0037891	0.0037891	0.003787758438
0.01618350188	0.005669	0.0038199	0.0038199	0.0038199	0.0038199	0.0038199	0.0038199	0.0038199	0.0038199	0.003820301782
0.01622057022	0.0057914	0.0038524	0.0038524	0.0038524	0.0038524	0.0038524	0.0038524	0.0038524	0.0038524	0.003853175935
0.01625763857	0.0059177	0.0038866	0.0038866	0.0038866	0.0038866	0.0038866	0.0038866	0.0038866	0.0038866	0.003887490128
0.01629470691	0.0060478	0.0039225	0.0039225	0.0039225	0.0039225	0.0039225	0.0039225	0.0039225	0.0039225	0.003923531507
0.01633177526	0.0061817	0.0039602	0.0039602	0.0039602	0.0039602	0.0039602	0.0039602	0.0039602	0.0039602	0.003961306544
0.0163688436	0.0063196	0.0039996	0.0039996	0.0039996	0.0039996	0.0039996	0.0039996	0.0039996	0.0039996	0.004000815175
0.01640591195	0.0064613	0.0040408	0.0040408	0.0040408	0.0040408	0.0040408	0.0040408	0.0040408	0.0040408	0.004042057514
0.01644298029	0.0066068	0.0040836	0.0040836	0.0040836	0.0040836	0.0040836	0.0040836	0.0040836	0.0040836	0.004085033489
0.01648004863	0.0067562	0.0041282	0.0041282	0.0041282	0.0041282	0.0041282	0.0041282	0.0041282	0.0041282	0.004129743135
0.01651711698	0.0069095	0.0041746	0.0041746	0.0041746	0.0041746	0.0041746	0.0041746	0.0041746	0.0041746	0.004176186285
0.01655418532	0.0070667	0.0042226	0.0042226	0.0042226	0.0042226	0.0042226	0.0042226	0.0042226	0.0042226	0.004224362912
0.01659125367	0.0072277	0.0042724	0.0042724	0.0042724	0.0042724	0.0042724	0.0042724	0.0042724	0.0042724	0.004274273017
0.01662832201	0.0073925	0.0043239	0.0043239	0.0043239	0.0043239	0.0043239	0.0043239	0.0043239	0.0043239	0.004325916579
0.01666539035	0.0075613	0.0043772	0.0043772	0.0043772	0.0043772	0.0043772	0.0043772	0.0043772	0.0043772	0.004379293586
0.0167024587	0.0077339	0.0044321	0.0044321	0.0044321	0.0044321	0.0044321	0.0044321	0.0044321	0.0044321	0.004434404036
0.01673952704	0.0079103	0.0044888	0.0044888	0.0044888	0.0044888	0.0044888	0.0044888	0.0044888	0.0044888	0.00449124793
0.01677659539	0.0080906	0.0045473	0.0045473	0.0045473	0.0045473	0.0045473	0.0045473	0.0045473	0.0045473	0.004549825269
0.01681366373	0.0082578	0.0046074	0.0046074	0.0046074	0.0046074	0.0046074	0.0046074	0.0046074	0.0046074	0.004610136052
0.01685073207	0.0083824	0.0046693	0.0046693	0.0046693	0.0046693	0.0046693	0.0046693	0.0046693	0.0046693	0.004672180281
0.01688780042	0.0085092	0.0047329	0.0047329	0.0047329	0.0047329	0.0047329	0.0047329	0.0047329	0.0047329	0.004735957955
0.01692486876	0.0086382	0.0047983	0.0047983	0.0047983	0.0047983	0.0047983	0.0047983	0.0047983	0.0047983	0.004801469075
0.01696193711	0.0087695	0.0048653	0.0048653	0.0048653	0.0048653	0.0048653	0.0048653	0.0048653	0.0048653	0.004868713646
0.01699900545	0.0089031	0.0049341	0.0049341	0.0049341	0.0049341	0.0049341	0.0049341	0.0049341	0.0049341	0.004937691662
0.01703607379	0.0090389	0.0050047	0.0050047	0.0050047	0.0050047	0.0050047	0.0050047	0.0050047	0.0050047	0.005008403122
0.01707314214	0.009177	0.0050769	0.0050769	0.0050769	0.0050769	0.0050769	0.0050769	0.0050769	0.0050769	0.005080848026
0.01711021048	0.0093174	0.0051509	0.0051509	0.0051509	0.0051509	0.0051509	0.0051509	0.0051509	0.0051509	0.005155026372
0.01714727883	0.00946	0.0052267	0.0052267	0.0052267	0.0052267	0.0052267	0.0052267	0.0052267	0.0052267	0.005230938161
0.01718434717	0.0096049	0.0053041	0.0053041	0.0053041	0.0053041	0.0053041	0.0053041	0.0053041	0.0053041	0.005308583393
0.01722141552	0.0097521	0.0053833	0.0053833	0.0053833	0.0053833	0.0053833	0.0053833	0.0053833	0.0053833	0.005387962043
0.01725848386	0.0099015	0.0054642	0.0054642	0.0054642	0.0054642	0.0054642	0.0054642	0.0054642	0.0054642	0.005469074117
0.0172955522	0.010053	0.0055468	0.0055468	0.0055468	0.0055468	0.0055468	0.0055468	0.0055468	0.0055468	0.005551919749
0.01733262055	0.010207	0.0056312	0.0056312	0.0056312	0.0056312	0.0056312	0.0056312	0.0056312	0.0056312	0.005636498647
0.01736968889	0.010363	0.0057173	0.0057173	0.0057173	0.0057173	0.0057173	0.0057173	0.0057173	0.0057173	0.005722811201
0.01740675724	0.010522	0.0058051	0.0058051	0.0058051	0.0058051	0.0058051	0.0058051	0.0058051	0.0058051	0.005810857173
0.01744382558	0.010682	0.0058947	0.0058947	0.0058947	0.0058947	0.0058947	0.0058947	0.0058947	0.0058947	0.005900636544
0.01748089392	0.010845	0.005986	0.005986	0.005986	0.005986	0.005986	0.005986	0.005986	0.005986	0.005992149323
0.01751796227	0.011011	0.006079	0.006079	0.006079	0.006079	0.006079	0.006079	0.006079	0.006079	0.00608539549
0.01755503061	0.01116	0.0061737	0.0061737	0.0061737	0.0061737	0.0061737	0.0061737	0.0061737	0.0061737	0.006180375087
0.01759209896	0.011021	0.0062702	0.0062702	0.0062702	0.0062702	0.0062702	0.0062702	0.0062702	0.0062702	0.006277088205
0.0176291673	0.010889	0.0063684	0.0063684	0.0063684	0.0063684	0.0063684	0.0063684	0.0063684	0.0063684	0.006375535026
0.01766623564	0.010765	0.0064683	0.0064683	0.0064683	0.0064683	0.0064683	0.0064683	0.0064683	0.0064683	0.006475715603
0.01770330399	0.010648	0.00657	0.00657	0.00657	0.00657	0.00657	0.00657	0.00657	0.00657	0.006577629575
0.01774037233	0.010539	0.0066733	0.0066733	0.0066733	0.0066733	0.0066733	0.0066733	0.0066733	0.0066733	0.006681276706
0.01777744068	0.010437	0.0067785	0.0067785	0.0067785	0.0067785	0.0067785	0.0067785	0.0067785	0.0067785	0.006786658072
0.01781450902	0.010343	0.0068853	0.0068853	0.0068853	0.0068853	0.0068853	0.0068853	0.0068853	0.0068853	0.006893769259
0.01785157736	0.010255	0.0069939	0.0069939	0.0069939	0.0069939	0.0069939	0.0069939	0.0069939	0.0069939	0.007002616523
0.01788864571	0.010176	0.0071042	0.0071042	0.0071042	0.0071042	0.0071042	0.0071042	0.0071042	0.0071042	0.007113197222
0.01792571405	0.010104	0.0072162	0.0072162	0.0072162	0.0072162	0.0072162	0.0072162	0.0072162	0.0072162	0.007225511347
0.0179627824	0.010039	0.00733	0.00733	0.00733	0.00733	0.00733	0.00733	0.00733	0.00733	0.007339558914
0.01799985074	0.0099814	0.0074455	0.0074455	0.0074455	0.0074455	0.0074455	0.0074455	0.0074455	0.0074455	0.00745533991
0.01803691909	0.0099314	0.0075627	0.0075627	0.0075627	0.0075627	0.0075627	0.0075627	0.0075627	0.0075627	0.007572854387
0.01807398743	0.0098889	0.0076816	0.0076816	0.0076816	0.0076816	0.0076816	0.0076816	0.0076816	0.0076816	0.007692102183
0.01811105577	0.0098538	0.0078023	0.0078023	0.0078023	0.0078023	0.0078023	0.0078023	0.0078023	0.0078023	0.00781308367
0.01814812412	0.0098261	0.0079247	0.0079247	0.0079247	0.0079247	0.0079247	0.0079247	0.0079247	0.0079247	0.007935798546
0.01818519246	0.0098059	0.0080488	0.0080488	0.0080488	0.0080488	0.0080488	0.0080488	0.0080488	0.0080488	0.008060246761
0.01822226081	0.0097931	0.0081747	0.0081747	0.0081747	0.0081747	0.0081747	0.0081747	0.0081747	0.0081747	0.008186428409
0.01825932915	0.0097877	0.0083023	0.0083023	0.0083023	0.0083023	0.0083023	0.0083023	0.0083023	0.0083023	0.008314343499
0.01829639749	0.0097898	0.0084316	0.0084316	0.0084316	0.0084316	0.0084316	0.0084316	0.0084316	0.0084316	0.008443992033
0.01833346584	0.0097992	0.0085627	0.0085627	0.0085627	0.0085627	0.0085627	0.0085627	0.0085627	0.0085627	0.008575374011
0.01837053418	0.0098162	0.0086954	0.0086954	0.0086954	0.0086954	0.0086954	0.0086954	0.0086954	0.0086954	0.008708489439
0.01840760253	0.0098405	0.00883	0.00883	0.00883	0.00883	0.00883	0.00883	0.00883	0.00883	0.008843338328
0.01844467087	0.0098722	0.0089662	0.0089662	0.0089662	0.0089662	0.0089662	0.0089662	0.0089662	0.0089662	0.008979920661
0.01848173921	0.0099114	0.0091042	0.0091042	0.0091042	0.0091042	0.0091042	0.0091042	0.0091042	0.0091042	0.009118236438
0.01851880756	0.0099581	0.0092439	0.0092439	0.0092439	0.0092439	0.0092439	0.0092439	0.0092439	0.0092439	0.009258285658
0.0185558759	0.010012	0.0093853	0.0093853	0.0093853	0.0093853	0.0093853	0.0093853	0.0093853	0.0093853	0.009400068321
0.01859294425	0.010074	0.0095284	0.0095284	0.0095284	0.0095284	0.0095284	0.0095284	0.0095284	0.0095284	0.009543584428
0.01863001259	0.010142	0.0096733	0.0096733	0.0096733	0.0096733	0.0096733	0.0096733	0.0096733	0.0096733	0.009688833976
0.01866708093	0.010219	0.0098199	0.0098199	0.0098199	0.0098199	0.0098199	0.0098199	0.0098199	0.0098199	0.009835816966
0.01870414928	0.010303	0.0099683	0.0099683	0.0099683	0.0099683	0.0099683	0.0099683	0.0099683	0.0099683	0.009984533396
0.01874121762	0.010394	0.010118	0.010118	0.010118	0.010118	0.010118	0.010118	0.010118	0.010118	0.01013498305
0.01877828597	0.010492	0.01027	0.01027	0.01027	0.01027	0.01027	0.01027	0.01027	0.01027	0.01028716681
0.01881535431	0.010598	0.010424	0.010424	0.010424	0.010424	0.010424	0.010424	0.010424	0.010424	0.01044108431
0.01885242266	0.010712	0.010579	0.010579	0.010579	0.010579	0.010579	0.010579	0.010579	0.010579	0.01059673331
0.018889491	0.010833	0.010736	0.010736	0.010736	0.010736	0.010736	0.010736	0.010736	0.010736	0.01075411703
0.01892655934	0.010961	0.010895	0.010895	0.010895	0.010895	0.010895	0.010895	0.010895	0.010895	0.0109132342
0.01896362769	0.011097	0.011055	0.011055	0.011055	0.011055	0.011055	0.011055	0.011055	0.011055	0.01107408475
0.01900069603	0.01124	0.011217	0.011217	0.011217	0.011217	0.011217	0.011217	0.011217	0.011217	0.01123666871
0.01903776438	0.011391	0.011381	0.011381	0.011381	0.011381	0.011381	0.011381	0.011381	0.011381	0.01140098601
0.01907483272	0.011549	0.011549	0.011549	0.011549	0.011549	0.011549	0.011549	0.011549	0.011549	0.01156703683
0.01911190106	0.011714	0.011714	0.011714	0.011714	0.011714	0.011714	0.011714	0.011714	0.011714	0.01173531719
0.01914896941	0.011887	0.011887	0.011887	0.011887	0.011887	0.011887	0.011887	0.011887	0.011887	0.01191011098
0.01918603775	0.012067	0.012067	0.012067	0.012067	0.012067	0.012067	0.012067	0.012067	0.012067	0.01209241368
0.0192231061	0.012255	0.012255	0.012255	0.012255	0.012255	0.012255	0.012255	0.012255	0.012255	0.01228222605
0.01926017444	0.01245	0.01245	0.01245	0.01245	0.01245	0.01245	0.01245	0.01245	0.01245	0.01247954811
0.01929724278	0.012653	0.012653	0.012653	0.012653	0.012653	0.012653	0.012653	0.012653	0.012653	0.01268437986
0.01933431113	0.012863	0.012863	0.012863	0.012863	0.012863	0.012863	0.012863	0.012863	0.012863	0.01289672141
0.01937137947	0.01308	0.01308	0.01308	0.01308	0.01308	0.01308	0.01308	0.01308	0.01308	0.01311657261
0.01940844782	0.013305	0.013305	0.013305	0.013305	0.013305	0.013305	0.013305	0.013305	0.013305	0.01334393342
0.01944551616	0.013538	0.013538	0.013538	0.013538	0.013538	0.013538	0.013538	0.013538	0.013538	0.01357880386
0.0194825845	0.013777	0.013777	0.013777	0.013777	0.013777	0.013777	0.013777	0.013777	0.013777	0.01382118393
0.01951965285	0.014025	0.014025	0.014025	0.014025	0.014025	0.014025	0.014025	0.014025	0.014025	0.01407107364
0.01955672119	0.014279	0.014279	0.014279	0.014279	0.014279	0.014279	0.014279	0.014279	0.014279	0.01432847299
0.01959378954	0.014541	0.014541	0.014541	0.014541	0.014541	0.014541	0.014541	0.014541	0.014541	0.01459338197
0.01963085788	0.014811	0.014811	0.014811	0.014811	0.014811	0.014811	0.014811	0.014811	0.014811	0.0148658006
0.01966792623	0.015088	0.015088	0.015088	0.015088	0.015088	0.015088	0.015088	0.015088	0.015088	0.01514572885
0.01970499457	0.015372	0.015372	0.015372	0.015372	0.015372	0.015372	0.015372	0.015372	0.015372	0.01543316674
0.01974206291	0.015664	0.015664	0.015664	0.015664	0.015664	0.015664	0.015664	0.015664	0.015664	0.01572811427
0.01977913126	0.015963	0.015963	0.015963	0.015963	0.015963	0.015963	0.015963	0.015963	0.015963	0.01603057143
0.0198161996	0.016269	0.016269	0.016269	0.016269	0.016269	0.016269	0.016269	0.016269	0.016269	0.01634053821
0.01985326795	0.016584	0.016584	0.016584	0.016584	0.016584	0.016584	0.016584	0.016584	0.016584	0.01665801463
0.01989033629	0.016905	0.016905	0.016905	0.016905	0.016905	0.016905	0.016905	0.016905	0.016905	0.01698300069
0.01992740463	0.017234	0.017234	0.017234	0.017234	0.017234	0.017234	0.017234	0.017234	0.017234	0.01731549637
0.01996447298	0.01757	0.01757	0.01757	0.01757	0.01757	0.01757	0.01757	0.01757	0.01757	0.01765550168
0.02000154132	0.017914	0.017914	0.017914	0.017914	0.017914	0.017914	0.017914	0.017914	0.017914	0.01800302176
0.02003860967	0.018265	0.018265	0.018265	0.018265	0.018265	0.018265	0.018265	0.018265	0.018265	0.01835804525
0.02007567801	0.018624	0.018624	0.018624	0.018624	0.018624	0.018624	0.018624	0.018624	0.018624	0.01872057854
0.02011274635	0.01899	0.01899	0.01899	0.01899	0.01899	0.01899	0.01899	0.01899	0.01899	0.01909062261
0.0201498147	0.019363	0.019363	0.019363	0.019363	0.019363	0.019363	0.019363	0.019363	0.019363	0.01946817606
0.02018688304	0.019744	0.019744	0.019744	0.019744	0.019744	0.019744	0.019744	0.019744	0.019744	0.01985323953
0.02022395139	0.020132	0.020132	0.020132	0.020132	0.020132	0.020132	0.020132	0.020132	0.020132	0.0202458124
0.02026101973	0.020528	0.020528	0.020528	0.020528	0.020528	0.020528	0.020528	0.020528	0.020528	0.02064589474
0.02029808808	0.020931	0.020931	0.020931	0.020931	0.020931	0.020931	0.020931	0.020931	0.020931	0.02105348659
0.02033515642	0.021342	0.021342	0.021342	0.021342	0.021342	0.021342	0.021342	0.021342	0.021342	0.02146858797
0.02037222476	0.02176	0.02176	0.02176	0.02176	0.02176	0.02176	0.02176	0.02176	0.02176	0.0218911989
0.02040929311	0.022185	0.022185	0.022185	0.022185	0.022185	0.022185	0.022185	0.022185	0.022185	0.02232131939
0.02044636145	0.022618	0.022618	0.022618	0.022618	0.022618	0.022618	0.022618	0.022618	0.022618	0.02275894946
0.0204834298	0.023059	0.023059	0.023059	0.023059	0.023059	0.023059	0.023059	0.023059	0.023059	0.02320408912
0.02052049814	0.023506	0.023506	0.023506	0.023506	0.023506	0.023506	0.023506	0.023506	0.023506	0.0236567384
0.02055756648	0.023962	0.023962	0.023962	0.023962	0.023962	0.023962	0.023962	0.023962	0.023962	0.02411689748
0.02059463483	0.024424	0.024424	0.024424	0.024424	0.024424	0.024424	0.024424	0.024424	0.024424	0.02458456658
0.02063170317	0.024894	0.024894	0.024894	0.024894	0.024894	0.024894	0.024894	0.024894	0.024894	0.02505974529
0.02066877152	0.025372	0.025372	0.025372	0.025372	0.025372	0.025372	0.025372	0.025372	0.025372	0.02554243356
0.02070583986	0.025857	0.025857	0.025857	0.025857	0.025857	0.025857	0.025857	0.025857	0.025857	0.0260326318
0.0207429082	0.026349	0.026349	0.026349	0.026349	0.026349	0.026349	0.026349	0.026349	0.026349	0.02653033961
0.02077997655	0.026849	0.026849	0.026849	0.026849	0.026849	0.026849	0.026849	0.026849	0.026849	0.02703555681
0.02081704489	0.027356	0.027356	0.027356	0.027356	0.027356	0.027356	0.027356	0.027356	0.027356	0.02754828335
0.02085411324	0.02787	0.02787	0.02787	0.02787	0.02787	0.02787	0.02787	0.02787	0.02787	0.02806851921
0.02089118158	0.028392	0.028392	0.028392	0.028392	0.028392	0.028392	0.028392	0.028392	0.028392	0.02859626442
0.02092824992	0.028922	0.028922	0.028922	0.028922	0.028922	0.028922	0.028922	0.028922	0.028922	0.02913151906
0.02096531827	0.029459	0.029459	0.029459	0.029459	0.029459	0.029459	0.029459	0.029459	0.029459	0.02967428372
0.02100238661	0.030003	0.030003	0.030003	0.030003	0.030003	0.030003	0.030003	0.030003	0.030003	0.03022455857
0.02103945496	0.030555	0.030555	0.030555	0.030555	0.030555	0.030555	0.030555	0.030555	0.030555	0.03078234307
0.0210765233	0.031114	0.031114	0.031114	0.031114	0.031114	0.031114	0.031114	0.031114	0.031114	0.03134763716
0.02111359165	0.03168	0.03168	0.03168	0.03168	0.03168	0.03168	0.03168	0.03168	0.03168	0.03192044086
0.02115065999	0.032255	0.032255	0.032255	0.032255	0.032255	0.032255	0.032255	0.032255	0.032255	0.03250075417
0.02118772833	0.032836	0.032836	0.032836	0.032836	0.032836	0.032836	0.032836	0.032836	0.032836	0.03308857709
0.02122479668	0.033425	0.033425	0.033425	0.033425	0.033425	0.033425	0.033425	0.033425	0.033425	0.03368390968
0.02126186502	0.034021	0.034021	0.034021	0.034021	0.034021	0.034021	0.034021	0.034021	0.034021	0.03428675192
0.02129893337	0.034625	0.034625	0.034625	0.034625	0.034625	0.034625	0.034625	0.034625	0.034625	0.03489710378
0.02133600171	0.035236	0.035236	0.035236	0.035236	0.035236	0.035236	0.035236	0.035236	0.035236	0.03551496526
0.02137307005	0.035855	0.035855	0.035855	0.035855	0.035855	0.035855	0.035855	0.035855	0.035855	0.03614033634
0.0214101384	0.036481	0.036481	0.036481	0.036481	0.036481	0.036481	0.036481	0.036481	0.036481	0.03677321706
0.02144720674	0.037114	0.037114	0.037114	0.037114	0.037114	0.037114	0.037114	0.037114	0.037114	0.0374136074
0.02148427509	0.037755	0.037755	0.037755	0.037755	0.037755	0.037755	0.037755	0.037755	0.037755	0.03806150736
0.02152134343	0.038403	0.038403	0.038403	0.038403	0.038403	0.038403	0.038403	0.038403	0.038403	0.03871691693
0.02155841177	0.039059	0.039059	0.039059	0.039059	0.039059	0.039059	0.039059	0.039059	0.039059	0.03937983612
0.02159548012	0.039722	0.039722	0.039722	0.039722	0.039722	0.039722	0.039722	0.039722	0.039722	0.04005026493
0.02163254846	0.040393	0.040393	0.040393	0.040393	0.040393	0.040393	0.040393	0.040393	0.040393	0.04072820337
0.02166961681	0.041071	0.041071	0.041071	0.041071	0.041071	0.041071	0.041071	0.041071	0.041071	0.04141365142
0.02170668515	0.041756	0.041756	0.041756	0.041756	0.041756	0.041756	0.041756	0.041756	0.041756	0.04210660911
0.02174375349	0.042449	0.042449	0.042449	0.042449	0.042449	0.042449	0.042449	0.042449	0.042449	0.04280707644
0.02178082184	0.043149	0.043149	0.043149	0.043149	0.043149	0.043149	0.043149	0.043149	0.043149	0.04351505342
0.02181789018	0.043857	0.043857	0.043857	0.043857	0.043857	0.043857	0.043857	0.043857	0.043857	0.04423054014
0.02185495853	0.044572	0.044572	0.044572	0.044572	0.044572	0.044572	0.044572	0.044572	0.044572	0.04495353829
0.02189202687	0.045295	0.045295	0.045295	0.045295	0.045295	0.045295	0.045295	0.045295	0.045295	0.0456840415
0.02192909522	0.046025	0.046025	0.046025	0.046025	0.046025	0.046025	0.046025	0.046025	0.046025	0.04642205712
0.02196616356	0.046762	0.046762	0.046762	0.046762	0.046762	0.046762	0.046762	0.046762	0.046762	0.04716758235
