-0.004967688276
0.004322126094
0.0008273440889
0.003070413027
0.01202477101
0.00689238967
0.01244838363
0.009153725939
0.004079432491
0.002100296391
0.001443821476
0.002203455373
0.001062083564
0.006423155121
0.001191159507
0.003205879686
0.005281542838
0.00466979598
0.0019175131
0.003447255417
0.001431510327
0.003476178317
0.002053387129
0.003056171675
0.003540682685
0.01360263492
0.007921913779
0.002281649505
-0.0002261999676
0.002846989621
0.002425792302
0.004653278257
0.01208690615
-0.002257687189
7.773046848e-005
0.006207665874
-0.000622923217
0.001814584004
0.008968498452
-0.003614478516
0.005330359143
0.0004801070486
0.006787947767
0.008527168918
-0.001422570649
0.005571103464
-0.002036867802
0.007943184593
0.002495863718
0.008787524393
0.008708441514
0.00457141454
0.005336045334
0.004111668238
0.009691676852
0.01062436479
0.0003521770225
0.003027612671
0.001428050009
0.01138144442
0.004103761547
0.0005219740199
0.006589039955
-0.005820803765
-0.005406143365
0.005241815874
-0.001337619295
0.003934313808
0.007022599062
0.007233264177
0.008038222354
0.01699498596
0.0114168308
0.002751567521
0.004705346041
0.01191381436
0.0089495897
0.003800574243
0.00574701714
0.003306365853
-0.00168137948
0.0002538977144
0.001648807854
0.00766604185
0.001962508012
-0.00263157139
0.01022375066
0.001250226082
0.009763111466
0.002367738046
0.006761070308
0.00674880247
0.004833130047
0.01245386531
0.002098617171
0.0002385498756
0.0008502916218
-0.001435231586
0.0108221412
0.005721804905
0.002293578312
1.521880875e-005
0.001319381227
0.008407816399
0.004864260692
0.004415850367
0.004520070429
0.0002952544389
0.005286793413
0.01127819727
0.007599860918
0.003567575859
0.01126534422
0.003122995264
-0.001593969397
-0.0007563332551
0.006159140674
0.001769348409
0.005218841647
0.0008183476647
0.00696340848
0.003846486372
0.003088264804
0.002591634942
0.008748147985
0.002888254063
0.009340873173
0.003261533266
0.01001524575
0.001529432397
0.003499704456
-0.002860695913
0.00694027545
0.01045305619
0.005924724811
0.00325951535
0.007793047199
0.002335587822
0.001347234997
0.00457676292
-0.000260233956
-4.513891989e-005
0.003665890701
-0.0003279531257
0.001886499157
-0.002688193869
0.002859131149
0.001052563921
0.005811185224
0.009255211486
0.004581247409
0.00850085455
0.006695991662
0.005585868958
0.002399430996
0.0008216668601
0.005912421861
0.005095824548
0.005275913487
0.005412799277
0.004261521648
0.004746136058
0.00236155444
0.003472144219
-0.003513598372
0.01082969861
0.002464173116
0.0002830602456
0.009520702835
0.008178145218
0.008326886113
0.005305359544
0.003463062052
0.0009038283193
0.003249008845
0.003682911217
0.006303135332
0.006358079254
0.00110454902
0.008244208976
0.007695362354
0.006699323193
-0.00110773392
0.00421038189
0.0007472982858
0.003537349222
-0.008759683926
0.002188117403
0.005396075426
0.0009557869007
0.003169197085
0.004384603578
0.002037850855
0.002633914372
0.00580263011
0.006930194722
0.009758770907
0.006870785349
0.007784244844
0.007982667794
0.004580978029
0.007651841869
0.003949506308
0.005147372918
-0.001529432397
0.001880373316
0.02037290336
-4.871879225e-005
0.003561891227
0.003146758897
-0.0003558476774
-0.006135717866
0.003457728819
6.551468e-005
0.001339324291
0.005424484026
0.008501192193
0.005477618277
0.008160892402
0.009297211448
0.003836544973
0.00508187869
0.00346211875
0.003821623707
0.001137877134
-0.0004690516922
0.005659421853
-0.0002652816902
0.01118372092
0.002591808568
0.007701390446
0.005483879559
0.009445454018
0.001272369856
0.009558522854
0.01034142431
0.006470175805
0.00940218795
0.004134902452
0.01345283356
0.006973242379
0.003946211774
0.003330251489
0.001870048288
0.0006668441188
0.005017599455
0.001524655707
-0.0001850033639
0.005025007997
0.003965958393
0.002901819052
0.002076637692
0.002072557546
-0.003100806639
0.002480412101
0.007129906217
-0.004306635173
0.006306112754
0.00197380624
-0.007694458805
0.003205846916
0.00415101734
0.001222210849
-0.002674903158
0.0009589651931
0.00949705253
0.003560594126
0.00214647278
0.001481726042
0.004860203718
0.004890869253
0.003374517875
0.002628988865
0.003731611786
0.003244670394
0.00240826542
0.0113294342
0.0003303236055
0.01282964462
0.01648139542
0.008989281565
-0.002719572644
0.001356990908
0.005158489372
0.003371081826
0.004912518277
0.0004736733384
-0.007293546399
-0.01791912409
0.003748961444
0.00571405594
-0.0008915228281
0.0008151444129
0.005733232101
0.003041384888
0.008163546119
0.01233471593
0.002167891006
0.002917246641
0.0004602845676
0.003448250365
0.00235137646
0.002755507302
0.008499102854
-5.965547972e-005
0.002028094944
0.002650794194
0.002746045763
0.009226099113
0.0003461440846
0.003093306764
0.003487121638
0.004890268325
0.007369731527
0.004450074897
0.008863946105
-5.002101351e-006
-0.0005949952396
0.001531880869
0.007730884106
0.009656226656
0.002711199756
0.0009701364188
0.003893964601
0.01200105296
0.003101509448
0.004012366172
0.001779568897
0.004849814282
0.004103960916
0.00342888683
0.01349420419
0.005808213065
0.003972560187
0.001835241973
0.001800114448
0.002930929738
0.003159218401
0.003055477548
0.002647618158
0.001244621244
-0.004743027668
0.002874458477
-0.004001714107
0.002686331149
0.005290226644
0.001108460336
0.001649945952
0.002107579944
0.002177603327
0.004940060971
-0.0008539036492
0.0001922603689
0.004878704648
0.003475609057
0.002841912728
0.007640286055
-0.00276255314
-0.006253159148
0.003373734016
0.0008161281327
0.007673985028
0.009270342152
0.001160105973
0.006128153219
-0.002822231499
0.01022779012
0.008345691573
0.003209270305
0.009226350665
0.002084926431
0.005806432737
0.0008894491402
0.01332174219
0.003949085055
-0.001213241496
0.002510790413
0.002470304527
0.002246588763
0.002367548957
0.00301052558
0.00171292681
-1.10442128e-005
0.002144355475
0.001441977504
0.0104379712
0.001001034229
0.005773179214
0.005078913101
0.006114047373
0.001990486742
0.005540400996
-0.0001972948818
0.006275000433
0.006251818906
0.007291816549
0.004151467336
0.005507144228
0.005833785977
0.006793980566
0.0001874879471
-0.001318014373
0.005384209657
0.001877551832
0.001069864893
0.002467451076
0.002635986363
0.0006540595315
0.01330543455
0.003337279725
0.008635258894
0.008128984904
0.007185967159
0.00469897947
-0.0008146825363
0.006328992712
-0.002068419633
0.007160677541
0.002999947013
0.006347279818
0.004662486893
0.01244627736
0.001529121932
0.001616308174
0.004716403057
-0.000903264664
-0.002077287062
-0.00330505505
0.007201569713
0.0008728204868
0.009656493307
-0.000812236769
0.001411139816
0.0001500521072
0.00725723283
0.003595000246
-0.002516916075
0.003207042221
0.006904093672
0.0008632063812
0.006321249899
-0.0009122942888
0.002177144221
0.002506608592
0.002646989536
0.003835455527
-0.001350983654
0.01640209203
0.002331927515
0.00179944879
0.0007313673566
0.004888537641
0.00276187036
-0.0002238188666
-0.001090149627
0.003396378306
0.002834397661
0.005469683908
0.003030709399
0.001881968508
0.002339150819
0.005502469313
0.001567386063
0.006234276369
0.001511907696
0.006065206749
0.001210942674
0.004754046818
-0.00373626004
0.004611665174
0.005473921615
-0.003077575657
0.0003045794201
0.01253359593
0.00568487996
-5.727968077e-006
0.004702472629
0.003801215415
0.0007879909654
-0.006597721137
-0.0004801070486
0.002969015878
0.002611535948
0.006473151505
0.001362511074
0.003408694062
0.005993132743
0.001656880687
0.003923509682
0.01264856846
0.00869771674
0.00908001892
-0.0005052385649
0.001092892856
0.003097224909
0.003133984489
0.003656633225
0.004632841551
0.004009567158
0.004836231206
0.005833218179
0.003410286703
0.005887412111
0.0006556783154
0.003163888815
0.004637032936
0.01194515654
0.0164929602
-0.0002427278173
0.002437528113
0.002668406764
-0.006875427629
-0.002089378308
0.009572084461
0.0004339534676
0.004770598036
0.001000476935
0.0009607711215
0.00320249496
0.003387986329
0.002813231762
0.002915219576
0.002629034051
-0.001529300691
-0.00363835406
0.007978475225
0.005521262491
0.002611513725
0.005957721847
0.003828469032
0.00409198381
0.001534267847
0.01090330404
-0.0002246606084
0.005322949301
0.006477578518
0.008092443907
0.0002000977164
0.008704819577
0.01375325267
0.002105482623
0.005244610922
-0.001495980961
0.01102760958
0.002674388456
-0.000302745653
0.0007076943846
0.001337619295
0.001270438367
0.005129429189
0.005794298734
-0.003838562115
0.004220644099
0.01056765464
0.008054320175
0.004518667554
0.00559153426
0.008740462696
0.001489872403
0.00307959095
0.0001911518086
0.006070682061
0.008170968593
0.001864274108
0.001104277623
0.01333904246
-0.0006660533484
0.009905947306
0.001477431012
-0.001542656351
-0.001559548428
0.006639781496
0.001451827929
0.005293717141
0.006728586806
-0.001032667014
0.01471234449
0.005281704018
-0.0006448634224
0.009718185276
0.002087738239
0.004310881795
0.005444919319
0.002725246723
-0.004537550796
0.003409780004
0.003559433773
-0.0003721734149
0.005281674834
0.003432317865
0.003934532687
0.008872597184
0.003208697055
0.008114625025
0.0005926092009
0.008580651478
-0.007526468973
0.00578615196
-0.0007271258482
0.002033526126
0.002641394174
0.001966852429
0.0008283363481
0.001221649449
0.004153697349
0.008533061805
0.006713522124
0.003798864015
0.003502958669
0.009297439316
0.01708977778
0.005634850224
0.004231412122
-0.01098198415
0.00204545276
0.002388259167
0.01087591717
0.002423679725
0.01541760102
0.004370102062
0.00912800968
0.00900664064
0.00908020502
-0.002569467809
0.007719049596
0.006304471026
0.003896322934
-0.006234697358
0.004356937921
0.003569520204
-0.0005728119868
0.006900322096
0.001732986605
0.005208708049
0.00259400165
0.003086132747
0.008139198508
0.003137916945
0.0062026867
0.00368326774
0.001889373951
0.001723866856
0.0004652659841
0.007661607742
0.003742187885
0.004774365118
0.00552823174
0.01143335264
0.002409554829
0.001221380468
0.01148716106
0.004393416838
-0.00119784874
-0.0005772392128
0.002472870963
0.005095897377
-0.001260394062
0.004856695364
0.006372016731
0.007145976741
0.002409554829
0.001943913447
0.008275212422
0.004680791748
0.0006817910038
0.001439643505
0.01127924852
-0.001817078611
0.004794217879
0.008414247624
0.003243668341
0.004900602743
0.007584944904
0.01132880993
0.009645383684
0.000497369238
-0.002419400924
0.001528865418
0.01562359758
0.001948716891
0.008695492873
0.002259922609
0.002926423402
-0.0002883497189
0.002318743831
0.001843709003
-0.003117388294
0.005302734318
0.004213911144
0.0009862250505
0.009432243153
0.004757076104
0.003098016681
0.005380244736
-0.007502405201
0.007859211754
0.0006277575395
0.0004487116913
0.0006676423219
0.003782843319
0.002822329694
0.00177795845
0.0003358831761
-0.005858701662
0.004140838235
0.002852018334
0.004794618966
0.004280380095
0.004906610974
0.0002051184525
0.00521063492
0.01202888815
0.004469256341
-0.001100005223
0.01140989196
0.00437961758
0.0007142026042
8.895811197e-005
0.001849988279
0.00103871081
0.00251162641
0.001677767932
0.000523200938
0.00210403347
0.00344349188
0.0003461720894
0.002055626261
0.001718574607
0.008760587321
0.009333772727
0.004496751057
0.003725948448
0.00385264687
0.001412850044
0.003951049976
-0.001331625488
0.002392802322
0.002075241907
0.004137424607
0.001306074657
0.003289098471
0.0005329884243
0.003263437548
0.002151245499
0.00149229821
0.005388405327
0.001425359979
0.001286675493
0.002074137947
0.00346105045
0.007799951792
0.0004167075754
0.001612922384
0.001798092157
0.001139381976
0.002967950454
-5.519806872e-005
0.002638141637
-0.0007604511331
0.005304750322
0.0003891471276
0.006841383103
0.001129723955
0.001618064326
0.005608223103
0.00806620511
0.006015862266
0.0009580260627
0.0004633476022
0.001060328501
0.002150314809
0.001308353718
0.001194903215
0.001037073001
-0.0008605020711
0.006208204596
0.00134521905
0.001961403364
-0.003400103315
0.006731680923
-0.006112171479
0.003951549101
0.003887087804
0.003835021027
0.003936485492
0.0017788202
0.008171883849
0.002639697113
0.00408720712
-0.0004703979931
0.008102810413
0.001063442692
0.01046592989
0.001417685768
0.003871678866
0.0008159555897
0.002466817822
0.003589138916
0.006847746068
0.007628450117
0.004938910624
0.004232535815
0.009528240168
-0.003691933113
0.002915962934
0.001457310312
0.001311895142
0.001219544224
0.005006088495
0.004680378892
0.003754116267
-0.0008797282234
0.006023000075
0.002831802931
0.004738445065
0.003774684205
0.001883522566
0.005039069572
0.00599826157
0.006748126685
0.001858039084
0.003089155549
0.006948882235
0.006845348619
0.003578955274
0.001029356095
0.002467255624
0.007188430211
0.001950242735
0.002169591007
0.01434732199
0.008488984192
0.006721415454
0.001827578314
0.004129569516
0.001774792402
0.006459845485
0.001720533065
0.002361339951
0.00702564731
0.006899986991
0.0150293513
0.001710094639
0.004288553133
-0.005805585197
0.001550873691
0.001603540099
-0.00578615196
0.006726739088
0.007755299389
0.007489419087
0.007370970523
0.006710521408
0.001875348073
0.00544028646
0.008761384148
-0.001502140241
0.005922883932
0.001817318241
0.01453064877
0.002386326595
0.01182897056
0.004049338788
0.0008794703052
0.007416965287
-0.000441160651
0.003252124145
0.00352667546
0.001385665653
0.00676033295
0.004970357318
0.006268362478
0.001489998713
0.004185031127
0.003673865117
0.006105245148
0.02041306816
0.0008600073434
0.00288368199
0.00705687235
0.001390959495
0.003565568918
0.00203651379
0.002038073828
0.004316833053
0.001381094083
0.008308631744
0.006269914233
-0.0009539474835
0.002839095608
0.004612358122
-0.00352361486
0.001320566162
0.001849361191
0.001302991651
0.00217121639
0.02520720697
0.002193958282
0.006760365729
0.001176572654
0.001006613198
0.005314085569
-0.0007510652924
-0.002651504331
0.0006913031703
0.009924833321
0.005016939627
0.002048571425
0.003209009593
0.004124082807
0.009618715295
0.0006726470423
0.003141876691
0.007689396777
0.01258453967
0.00566177514
-0.001257139849
0.0007624592055
0.0002067964367
0.008884750087
0.003461565406
0.004539037005
0.006743520246
0.003384616197
0.005715825211
0.01136358013
0.004942343876
0.0001938193222
-0.0002315117079
0.002811490065
0.002970302265
-0.002392019563
0.01403258894
0.01571904674
0.01193019278
0.008392538306
0.002082626352
0.003331146264
0.003024970844
-0.006874482466
0.01216172307
1.251022718e-006
0.003909194774
0.01009776832
0.004672713849
0.001495289142
-0.005697224437
0.003201242799
0.002294262025
0.002416232237
0.003306655269
0.004854958306
0.002888612377
0.005649681766
0.007860399703
0.01510313434
0.002550915253
0.001814917574
0.003853901282
0.005379696541
0.006887818807
0.001271736477
0.008723410098
0.004275307038
0.002916064902
0.004195709169
0.009146928293
-0.004050054813
-0.0008292275857
0.00847249493
0.00274990077
0.007505820785
0.004958537971
0.01808519558
0.006306713736
0.005732719637
0.006238182383
0.005601375369
0.01232131922
0.005750331286
0.0007710050589
0.004501348134
0.003585162951
0.007523307937
0.009101024513
0.002855699369
0.003957346832
0.005604832299
0.00640239068
0.001368685218
0.003823353422
0.002512794623
0.003585476557
0.0007088783163
-0.01084806837
-0.003595000246
0.006194958841
0.003131494331
0.00760408507
0.007234803536
-0.00210652526
0.005036984104
0.00576154902
0.003170253639
0.003856310749
0.00239973329
0.00222587867
0.001065868155
0.004659424162
0.001907344692
0.0006436776057
0.006454638842
-0.006107203621
0.008283457727
0.003548022227
0.006387106997
0.005913794844
0.005064767086
0.0005343671905
0.01287339228
0.001757902289
0.007524541493
0.003790429237
0.0004654317335
0.001495517351
-0.001439747085
0.002793322222
0.003802299961
0.003890493055
0.00645145053
-0.004235267046
0.01261623733
0.00953780709
0.008704246397
0.003666923563
0.001649922553
0.001179842635
0.004053270346
0.001327752015
-0.002323944836
0.007056782288
0.0009794309659
0.00392216325
0.009406013197
0.006008047841
0.003440860643
0.003551342557
0.00259609542
0.001466693088
0.01023603036
0.004195553474
0.003002563923
0.004906102271
0.007017930696
3.702838918e-005
7.490259752e-005
0.003375566209
0.007411399526
0.004970238685
0.001472419486
-0.001903270609
0.00498923865
0.003775362527
0.00375377988
-0.00455020721
0.006339261107
0.003155405404
0.01073294152
0.01887228532
0.004008578577
0.0002554797546
0.004605325431
0.002623640929
0.001175789362
0.002490818833
0.001385395383
0.002017630867
0.001816508182
0.008883370651
0.001931942878
0.007954712045
-0.003523597086
0.002244276562
0.003325992201
0.008636216443
0.009530226463
0.01553108897
0.002430220716
0.002594558193
-0.001605042021
0.0006225196423
0.001237316522
0.005899447569
0.003951079071
0.005996344487
0.004977650225
0.007365712637
-0.007214128324
-0.0003132756741
0.005803030024
0.006467748992
0.004238637523
0.003797693717
0.001217853846
0.002084116756
0.002387258477
0.002403184833
0.007391367109
-0.0001284582569
0.001904064534
0.01389954173
0.003510922015
-0.000409764171
-0.0003325881515
0.006375513222
0.00946556996
0.005852634096
-0.008388993662
0.003876247917
0.003755466504
0.004021865972
-0.002533693076
0.01137358131
0.00521112765
-0.01420693952
0.003445599163
0.003829778383
0.001522516001
0.006898805626
-0.0001155236793
0.003321397652
0.0004636550438
0.01007696144
-0.002965135186
0.005837607561
-0.0005751094572
0.00115737566
0.004860030098
0.0009349907736
0.007635132254
0.007057996492
0.0068163192
0.002846863311
0.006338371447
0.006339614229
-0.004955069118
0.007927834587
0.002600980224
0.0107313629
0.007010402226
0.00644247364
0.00207812956
0.001743464832
-0.0008398061085
0.005757888444
-0.0004027172342
0.003637305293
0.001235255606
0.008080242813
0.001321042048
0.007973617806
0.003036366736
0.0001855231701
0.004219419492
-0.0006161329359
0.004122481639
0.004065739298
0.0007199517311
0.009573365315
0.001530383785
0.004243023718
0.001465282051
0.001313777068
-0.0002321026556
0.006849758829
0.002887606706
-0.002604913809
0.002277456821
0.002453639086
0.002366030921
-2.234216673e-005
-0.004745375009
0.002198862283
0.0006567170171
0.00200852904
0.001260848051
0.002239694275
0.00276750931
0.0001960364609
0.004649090061
-8.043768105e-005
-0.002942387041
0.00243528054
0.008735846932
0.0007642934469
0.007361545982
0.003604599137
0.006134617937
0.001432828251
0.0007879909654
0.003086432733
0.001543457128
0.01203590041
0.006718739951
0.006741454159
0.01462057645
-0.0005256583101
0.01041471635
-0.001144956059
-0.0001131718243
0.007153392627
0.003542914631
0.004622956449
0.004161227226
0.004951991153
0.00248863917
0.00420152807
0.002097692224
0.0085277776
0.003692849517
0.0009546081302
-0.008830039168
0.01124262825
2.521775592e-006
0.001455793446
0.002298465098
0.003949280776
0.008537984256
0.005269027652
0.003675574478
0.01975169946
0.01201653446
0.01229943063
0.006235578132
0.006872870289
0.006190796654
-0.004038617018
0.003682682467
0.008183347264
-0.001272551236
0.005500722505
0.003795301609
0.002283906907
0.0050288278
0.0008728037574
0.005341506067
0.004562024288
0.004621784668
0.002148016507
0.008064723511
0.003811638423
0.004114426706
0.003591746033
-0.004175662132
0.001466393346
0.00164022716
0.001245997995
0.009894608404
0.008954160849
0.00177968977
-0.003676591118
-0.001236822165
0.002076942639
0.002720331233
0.005302471115
0.005701314601
0.005872920881
0.007129969888
0.00204653105
0.0008685332944
0.00157907686
0.001484578702
0.01012142746
0.002907699354
0.008119917257
0.003489656896
0.0006687967438
0.009824016336
0.002932008958
0.003834662172
0.00845937174
0.006640467333
0.006201543899
0.002264405496
0.007266250193
0.003846234609
0.01130355308
-0.0004867180954
0.003112160563
0.002076215878
0.003980467728
0.002900123956
0.006301557128
-0.0001658314009
0.0006260378941
0.009736670139
0.003940032772
0.003574927955
0.003663221042
-0.0005581116052
0.005014080712
0.002654177767
-0.009032167745
0.006685448372
0.0008454599729
0.003247987
0.007302958403
0.004017699107
-6.856078434e-006
-0.005593822155
0.001990435313
0.0001611547806
0.006553310765
0.006309058436
0.003428694248
0.00207893041
0.004223821066
-0.007630374913
-0.002252960162
0.01304343686
0.00540285118
0.001588285924
-0.003222859007
0.005426085478
-0.001142988054
0.003087911914
-0.002824556888
0.004990797452
0.005786378733
0.006907430765
0.0003837058465
0.002984155297
0.009159449845
0.003928816618
0.007000550256
0.01463925598
0.005741065113
0.001843888592
0.005067949801
0.007653551201
-0.00249610737
0.007436420271
0.00030089499
0.007051548123
0.002123051484
0.008949308902
0.004856695364
0.006591246214
0.003432963361
0.0116476861
0.007613576849
0.00349009561
0.005605649021
0.002808908788
0.001453650002
0.002216998251
-0.007524421798
0.003338761181
0.002594558193
0.004603343351
0.004252460232
0.002456413915
0.001979957855
-0.001059451702
2.657461188e-005
0.004416190624
0.005649543355
0.001766229821
0.0005393428843
0.0005808145538
0.00617629192
0.004387731896
-0.004554889651
0.00902192292
-0.005324221925
0.01945582597
0.003631215908
0.003467950584
0.009974211611
0.006237779346
0.007825572701
0.003686105651
0.003309755803
0.002320672339
-0.002699161077
0.007211670923
0.006416243792
0.001039876105
0.000881860297
0.001461511384
0.01414259035
0.002797769488
0.00422281756
0.005550228653
0.003079543263
0.005909259285
0.00257182571
0.002146388038
0.001785077527
0.0008030853179
0.003723822684
0.00301452811
0.002383030029
-0.0003555382031
0.008113605814
0.006020252198
-0.0004779046664
0.002954175518
0.004971011264
-0.0002159044791
0.00399543882
3.337500574e-005
-0.003633145864
0.009657801256
0.007913425295
0.01188149033
0.002549847137
-0.0006293323984
0.008871751164
0.001566669033
0.0003401098769
0.004575098662
0.005940696416
0.004996827208
0.001613066224
0.002688832777
-0.0003080175101
0.0009158302568
0.005338728104
0.003481756021
0.003327730752
0.005406794046
0.006668364789
0.005494113638
0.002331287871
0.007614867581
0.00464654637
-0.003827579616
0.002130247529
-0.003565012979
0.004098795336
0.002304872483
0.0005494103349
0.0005509650888
0.0004934195438
0.002347670905
0.0031836162
0.002316397775
0.004666724142
0.002046172331
0.009342797206
-0.005889686721
0.001709544136
0.005474260596
0.01111539777
0.003601721987
0.007448809883
0.003576718104
0.003598110172
0.002611075903
0.006836355325
0.007675789791
-0.003536912819
0.003616483829
0.003850034308
0.006764197331
-0.005040012015
0.002399075555
0.006368030067
0.002024441673
0.001761937524
0.007166007224
3.813263396e-005
0.003269562172
0.002304058841
0.003555950968
0.006560064365
0.002421383933
-0.0009499290641
0.003529331685
0.001834279324
0.003661437698
0.009061612484
0.001430220492
-0.0009882891491
0.006550902082
0.002149696497
0.003339444653
0.002329463647
0.004353982334
-0.0005068827939
0.005256625166
-0.001946629038
0.004312669161
0.001184916518
0.002892264978
0.00461453966
0.007566182017
0.0027400622
0.004129274622
0.0005679836802
0.01040583424
0.005410621182
0.008095310792
0.006659821279
0.002704365809
0.003553022879
0.001089879321
0.001837976244
0.0004552333648
0.003239517605
0.004461554406
0.001392061561
0.01211456726
0.008180752658
-0.0005166787126
0.0001909696117
-3.300423758e-005
0.006780001684
0.0005124237783
0.0114911155
-0.001367266542
0.005968718985
0.003269562172
-0.005533253538
0.00799054387
0.001117574013
0.001715042486
0.001811451495
0.003875270324
0.008587284901
0.005807754699
0.004129076906
0.00977387469
-0.002120119988
0.004742230499
-0.002267110267
0.002871524334
0.005339709046
0.0008569942605
0.002920475561
0.001239586397
0.005881036042
0.001894181451
0.001452073254
0.005787943044
0.01227565757
0.00211055066
0.003995982361
0.00724311635
0.002222454563
0.003711317953
0.009357340998
-0.003899427232
-0.001038601461
0.00541039682
0.007183289111
0.0006726016462
0.003899427232
0.02057888624
0.008806922829
0.00265610402
-0.0001745528113
0.004249426665
0.002811242604
0.00304778065
0.006374322216
0.01462832614
0.002253672883
0.003212458804
-0.007568525212
0.004133141633
0.000666764709
0.002166715415
0.003347164082
0.0006421328978
0.001855395036
0.004530360328
0.02252317434
0.004418813354
0.005486560424
0.007754283127
0.0008196663914
0.001274954386
-9.008667152e-005
0.005498177509
0.0008292490901
0.00229324594
0.01238215076
0.00139487851
0.001636340798
0.006811571676
0.001983718634
0.007912024142
0.01108774322
-0.0004241365474
0.002629825506
0.003779107611
0.004612150073
0.001434872035
0.001692191294
1.227398686e-018
0.005461103886
0.002729666657
0.000729875473
0.001269185208
-0.007266250193
0.004354324042
0.001989584912
0.004330003047
-0.001807977597
0.00434516184
0.001437413518
0.006492188822
0.0003254380731
0.004954345132
0.0006570419033
-0.0002643711556
-0.0002976448414
-0.001623499433
0.0004249498669
0.002673886192
0.009790490605
0.006165835097
-0.004084244709
0.004935114638
-0.001153323954
0.0008503808479
0.001224109413
0.006029743977
0.002811108529
0.006073173663
0.01103021872
0.005683093502
0.004342520401
0.002904270069
0.001070059017
0.001871207927
0.01125593193
0.001602668477
0.002507102967
0.004325435095
0.004917581715
0.004583078292
0.003934210536
0.003770871259
0.01032314211
0.001737657704
0.00549946767
0.009817183033
0.002722725064
0.0009303457372
0.002665369877
0.0009873599998
0.005701107629
0.005338613502
0.0005786947664
0.009302363599
0.004493352212
0.0002089898666
0.003241842321
-0.002056832696
0.003414162132
-0.0004820327401
0.003304561856
0.008386115868
0.002918135157
0.005093760722
0.01457624396
0.001885846088
0.001584842561
-0.0006901033304
0.002160950756
0.008003828031
0.002627648623
0.004407119044
0.009864509431
0.001380517047
-0.002602111407
0.001962130253
0.003548022227
-0.001105949888
0.00328224792
0.007566905471
-0.00354139761
-0.003254958504
-0.003203383643
0.002613061365
0.004447919712
0.003443317011
-0.0003785378585
0.01045905869
0.005637180836
0.008661128703
0.008559728954
0.004743027668
0.004495596491
0.00152960504
-0.0008054751622
0.002991523102
0.00407035977
0.009086025394
0.007445473229
0.003592378972
0.005841787643
0.004175923745
0.003746583874
0.005399348935
0.005466800085
0.003283485382
-0.001228664132
-0.0006445014547
0.006258825192
0.0008392511344
0.002290131207
0.003242643813
0.01800408802
0.002647731489
0.001890833986
0.003499704456
0.00185907805
0.002006584354
-0.00133630884
0.002523168487
0.004752563516
0.002277190235
0.0012718174
0.007713162304
0.00341683469
0.004573140767
0.005766355599
0.001323655213
0.0005650999991
-0.003372109279
0.002070057189
0.001968000588
0.001039968504
-0.009071205053
0.01145031483
0.005127964879
0.004679852869
0.003077495696
0.004966177573
0.0003538199104
0.0009394826419
0.004217870576
0.002161993213
0.002412904958
0.006442008069
0.001603150121
0.002903432523
0.004703446011
0.001822794061
0.005412275721
0.003800638676
0.003859954356
0.008895815285
-0.005701314601
0.001278812133
0.002392308078
0.005447817034
0.003560052672
0.003216076423
0.009481080216
0.008114100362
0.004779786359
0.006245422998
0.003365771291
0.002388065128
0.004577615661
0.006568513731
0.003829401655
0.008971486864
0.0176563636
0.008135607354
0.001895261223
0.0081198061
0.006725113597
0.009047987708
0.005106059213
0.005244610922
0.005056618773
0.0003909795274
0.007710968076
0.00959529602
-0.00176438166
0.006028682908
0.001712013869
0.001171293819
0.009086869596
0.002501811982
0.001286534316
0.006870491999
0.003960275156
0.0170656621
0.005420140864
-0.0003603013591
0.006614330243
0.004972770839
0.01161367695
-0.003162259637
0.00153119345
0.002213801381
0.005469843403
0.007744921545
0.008830594272
0.005907586894
0.001171849214
0.009750358857
0.004350343413
0.004174925453
0.005462539434
0.003823980282
0.01041167412
0.004952305608
0.004035337617
0.004025711332
0.0010427471
0.003453363911
0.007487632992
0.001502140241
-0.002673837053
0.003585429093
0.006372856595
-0.004518819628
0.002088379731
0.004283931706
-0.004722235491
0.008317129177
0.006788943916
0.003810355743
0.00607754043
-0.004032649932
0.001060484966
0.00555781298
0.007685762233
0.004773793738
0.005802674554
0.01122640426
-0.001227750464
0.00377048182
0.003898931169
0.001064042762
0.007517773944
0.008111514399
-0.0006596187049
0.002999111187
0.009904368929
0.003279139802
0.01131082676
0.008119196186
0.0008412111611
0.001802613345
0.002168427316
0.005529638176
0.005223956216
0.002089605792
0.00391013548
2.306596837e-005
0.003227845074
0.005813131161
0.004260865737
0.009618250407
0.003495982605
0.003793246046
0.006668830894
0.004974470852
0.004134656706
0.0002994381112
0.01215107708
0.009260470691
0.006349374659
-0.0003628177568
0.007711448804
0.004801024491
-5.891513692e-018
0.0005781821305
0.01839599257
0.002812723371
0.003595000246
0.004180119793
0.0009665555951
0.001213373154
0.004669674589
0.007276726558
0.00934730298
0.009769213642
0.007633966229
-0.0005710503581
0.00287025611
-0.006061046542
0.00205108318
0.007760169788
0.002183309267
0.003672765687
0.004731407615
0.006832009659
0.009014461655
0.001691076061
0.001571111532
0.003249360938
0.00453242754
-0.000592576477
0.003696085786
-0.003141026123
0.003863806526
0.001515806058
0.01505588279
0.01101822432
0.00665117192
0.002871484664
0.00339509825
0.001445714172
-0.002347077344
0.00323899187
0.004978570303
0.002951197097
0.005269044807
0.00318726541
0.002283056433
0.004655832322
-0.006501501165
-0.0063638865
-0.003435985824
0.007012578908
0.003901712038
0.007546797185
0.003505688777
0.001028089983
0.002384160522
0.004616012336
0.010118718
-0.0003799002947
0.02249179425
0.001498962753
0.001093750533
0.01451521372
0.001820643702
0.003989922089
0.00675219007
0.001254009729
0.003524596235
0.003566613112
-0.0008060984008
0.002338125678
0.01147142035
0.007179432139
0.009969017651
0.009001716766
0.0006436807177
0.002562817954
0.002417502567
0.008059098184
0.0004695228928
0.00618796114
0.001339744157
0.005336802413
-0.003741653958
0.003840532367
0.001107483654
0.002583686301
0.002084116756
0.002710034315
-0.0007435327557
0.00231614621
0.001617047845
0.007720824639
0.006904278167
0.003820241769
0.009146841802
0.0100842676
0.0008641651058
0.01348568793
0.008601746734
0.007442918921
0.01420823642
0.001315870178
-0.008655209175
0.005909259285
0.006368738565
0.0007463396472
0.001185802912
0.003397733751
-0.004665648462
0.007587804379
0.005609414117
-0.001315431334
0.001375810464
0.001486689912
-0.009203410468
-0.004448340477
0.0008965603917
0.003777830386
0.00973343769
0.00179042614
0.004980208473
-0.003761826396
0.003983521282
0.003742901672
0.002231071801
-3.483519857e-005
0.005551114448
0.001010634924
0.001106827244
0.009400488384
0.00379616581
0.009079938766
0.001982453745
0.005007410457
0.006111335506
0.008631892507
0.009908513672
0.008163546119
0.0007076943846
0.003269562172
0.003940623836
0.001496824477
0.002640639473
0.001657316333
0.002776675433
0.00367600218
0.001683717597
0.005075000801
0.006523981535
0.004435361172
0.005397067252
0.006227144144
0.01435085645
-0.0001497580109
0.004744483751
0.001706956
0.008983024082
0.003519526937
0.002151432979
0.004799707529
0.004709381918
0.002867370419
0.002564422185
0.00241670719
0.002530591371
0.01117577104
0.003681649149
0.0104494947
-0.003393256489
0.00205798383
0.002528284727
0.003400858394
0.01007857239
0.007762823762
0.001025532437
0.005346337322
0.0008316728905
0.005777791089
0.005073429243
0.003495857174
-0.003393109217
0.001161510589
0.004692948025
0.002039771492
0.00323085852
0.01144206499
0.003395037087
0.005350484224
0.009979630315
0.01409662191
0.001269119116
0.003272339318
-0.01624128905
-0.006873606534
0.003635718597
0.002404739126
0.004171076846
-0.001932266413
0.000615010696
0.007399131688
-0.001094617523
0.001589729219
0.001539061024
-0.0003576360215
0.002976234374
0.008600107258
0.006485720514
0.0072332902
-0.001722234965
0.005184338149
-0.006061046542
0.002587944754
0.01034785997
-0.005433619563
0.0004296874029
0.00565165633
-0.004838928936
0.004678425736
0.00523392149
0.001588417773
0.0003630237789
0.006259946789
0.006920526415
-0.009398255494
0.003661057076
0.005935569492
0.01406839996
0.005746140201
0.0003896604874
0.001232972077
0.002491914801
0.001248027241
0.0025067217
0.00318684055
0.002037623744
-0.0004495763198
0.001781316799
0.0043252697
0.005489433753
0.003873655457
0.002676085987
-4.931914672e-005
0.0009820624757
0.002984748441
0.003264031219
0.0003454444722
-0.001280741206
0.002932937238
0.001848918966
0.002743934591
0.0006548888908
0.006351460279
-0.01495247947
0.007351207543
0.01133027825
0.002726889635
0.005302287186
0.002850281276
0.007013087577
0.002653429237
0.003219502086
-0.004446264341
0.000705589051
0.008753392071
0.00161429846
0.007483808145
0.004718069483
0.007272157497
-0.001778175247
0.004644302795
0.001912571265
0.001678327456
0.006956829049
0.003341589888
-0.001454445385
0.004933179638
0.01047970488
-0.001400266268
0.0006144584662
0.0006133663329
0.002269774413
0.002241233522
-0.000353679254
0.004591000405
0.00104615159
0.007152582497
0.006896450866
-0.001167827319
0.009281569036
0.002193666063
0.001695574315
0.009842259479
0.0007343323704
0.001391057019
0.004954077851
-0.0009167902611
0.00307266814
0.002242564607
0.006363908051
0.002815377175
0.001641042134
-0.005043213561
0.0009235591317
0.005471208887
0.002727651931
0.002681516162
-0.001141846987
0.0016091752
0.01100573045
0.003120372598
-0.001152366872
0.005584803405
0.003547111701
0.003608140172
-0.004081548007
0.001490428713
0.01339809552
0.0113710345
0.004101408351
0.001957123956
0.001088434673
