0.002807	4	24	26	80	107	108	183	190	199	221	0.127292	0.078315	0.102644	0.121972	0.108719	0.021684	0.079527	0.112100	0.164057	0.083690	
0.002834	4	24	26	80	107	108	183	190	199	221	0.124866	0.080420	0.103927	0.122653	0.107173	0.020968	0.080168	0.111585	0.165460	0.082780	
0.002862	4	24	26	80	107	108	183	190	199	221	0.122441	0.082526	0.105210	0.123334	0.105627	0.020251	0.080808	0.111069	0.166863	0.081869	
0.002890	4	24	26	80	107	108	183	190	199	221	0.120016	0.084632	0.106493	0.124015	0.104081	0.019535	0.081449	0.110553	0.168266	0.080959	
0.002917	4	24	26	80	107	108	183	190	199	221	0.117590	0.086738	0.107777	0.124696	0.102535	0.018819	0.082090	0.110038	0.169669	0.080049	
0.002945	4	24	26	80	107	108	183	190	199	221	0.115165	0.088844	0.109060	0.125377	0.100988	0.018103	0.082730	0.109522	0.171072	0.079139	
0.002972	4	24	26	80	107	108	183	190	199	221	0.112739	0.090950	0.110343	0.126059	0.099442	0.017387	0.083371	0.109006	0.172475	0.078229	
0.003000	4	24	26	80	107	108	183	190	199	221	0.110314	0.093056	0.111626	0.126740	0.097896	0.016670	0.084012	0.108490	0.173878	0.077319	
0.003027	4	24	26	80	107	108	183	190	199	221	0.107888	0.095161	0.112909	0.127421	0.096350	0.015954	0.084652	0.107975	0.175281	0.076408	
0.003055	4	24	26	80	107	130	183	190	199	221	0.115427	0.083583	0.091587	0.138759	0.107632	0.034590	0.078081	0.109929	0.163140	0.077271	
0.003082	4	24	26	80	107	130	183	190	199	221	0.112214	0.086253	0.093580	0.139494	0.105475	0.034083	0.078913	0.109200	0.164704	0.076084	
0.003110	4	24	26	75	80	107	183	190	199	221	0.115803	0.085934	0.102590	0.047711	0.100910	0.107607	0.084359	0.106804	0.173576	0.074706	
0.003138	4	24	26	44	80	107	183	190	199	221	0.122566	0.077175	0.091746	0.065330	0.112414	0.100208	0.077376	0.104620	0.163367	0.085197	
0.003165	4	24	26	44	80	107	183	190	199	221	0.119432	0.079296	0.093084	0.067323	0.113030	0.098010	0.077911	0.103663	0.164152	0.084098	
0.003193	4	24	26	44	80	107	183	190	199	221	0.116299	0.081418	0.094421	0.069315	0.113646	0.095812	0.078446	0.102707	0.164937	0.082999	
0.003220	4	24	26	44	80	107	183	190	199	221	0.113165	0.083540	0.095759	0.071308	0.114262	0.093613	0.078981	0.101750	0.165723	0.081900	
0.003248	4	24	26	44	80	107	183	190	199	221	0.110031	0.085661	0.097096	0.073301	0.114878	0.091415	0.079516	0.100793	0.166508	0.080800	
0.003275	4	24	26	44	80	107	183	190	199	221	0.106898	0.087783	0.098434	0.075293	0.115494	0.089217	0.080051	0.099836	0.167293	0.079701	
0.003303	4	24	26	44	80	107	183	190	199	221	0.103764	0.089905	0.099771	0.077286	0.116110	0.087018	0.080586	0.098879	0.168078	0.078602	
0.003330	4	24	26	44	80	107	183	190	199	221	0.100630	0.092026	0.101109	0.079279	0.116726	0.084820	0.081121	0.097923	0.168863	0.077503	
0.003358	4	24	26	44	80	107	183	190	199	221	0.097497	0.094148	0.102446	0.081271	0.117342	0.082622	0.081656	0.096966	0.169649	0.076404	
0.003385	4	24	26	44	80	107	183	190	199	221	0.094363	0.096269	0.103784	0.083264	0.117958	0.080423	0.082191	0.096009	0.170434	0.075305	
0.003413	4	24	26	44	80	107	183	190	199	221	0.091229	0.098391	0.105121	0.085257	0.118574	0.078225	0.082726	0.095052	0.171219	0.074206	
0.003441	4	24	26	44	57	75	107	183	190	199	0.110413	0.086264	0.108851	0.082109	0.074073	0.066403	0.101080	0.088407	0.091317	0.191083	
0.003468	4	24	26	44	57	75	107	183	190	199	0.107028	0.088255	0.109874	0.084276	0.075203	0.066587	0.098659	0.088744	0.089937	0.191437	
0.003496	4	24	26	44	57	75	107	183	190	199	0.103643	0.090247	0.110897	0.086442	0.076333	0.066771	0.096237	0.089081	0.088556	0.191791	
0.003523	4	24	26	44	57	75	107	183	190	199	0.100258	0.092238	0.111920	0.088609	0.077464	0.066955	0.093816	0.089419	0.087176	0.192146	
0.003551	4	24	26	44	57	75	107	183	190	199	0.096873	0.094230	0.112942	0.090775	0.078594	0.067139	0.091394	0.089756	0.085796	0.192500	
0.003578	4	24	26	44	57	75	107	183	190	199	0.093488	0.096221	0.113965	0.092942	0.079725	0.067323	0.088973	0.090093	0.084416	0.192854	
0.003606	4	24	26	44	57	75	107	183	190	199	0.090103	0.098212	0.114988	0.095109	0.080855	0.067507	0.086552	0.090431	0.083035	0.193208	
0.003633	4	24	26	44	57	75	107	183	190	199	0.086718	0.100204	0.116011	0.097275	0.081985	0.067691	0.084130	0.090768	0.081655	0.193563	
0.003661	4	24	26	44	57	75	107	183	190	199	0.083333	0.102195	0.117034	0.099442	0.083116	0.067875	0.081709	0.091105	0.080275	0.193917	
0.003689	4	24	26	44	57	75	107	183	190	199	0.079948	0.104187	0.118056	0.101609	0.084246	0.068059	0.079287	0.091443	0.078895	0.194271	
0.003716	4	24	26	44	57	75	107	183	190	199	0.076563	0.106178	0.119079	0.103775	0.085376	0.068243	0.076866	0.091780	0.077514	0.194625	
0.003744	4	24	26	44	57	75	107	183	190	199	0.073178	0.108169	0.120102	0.105942	0.086507	0.068427	0.074444	0.092117	0.076134	0.194980	
0.003771	4	24	26	44	57	75	107	183	190	199	0.069793	0.110161	0.121125	0.108109	0.087637	0.068611	0.072023	0.092455	0.074754	0.195334	
0.003799	4	24	26	44	57	75	107	183	190	199	0.066408	0.112152	0.122147	0.110275	0.088767	0.068795	0.069601	0.092792	0.073374	0.195688	
0.003826	4	24	26	44	57	75	107	183	190	199	0.063023	0.114144	0.123170	0.112442	0.089898	0.068979	0.067180	0.093129	0.071993	0.196042	
0.003854	4	24	44	57	75	107	122	183	199	216	0.080173	0.094905	0.098352	0.092227	0.074679	0.087814	0.052340	0.105088	0.179715	0.134706	
0.003881	4	24	44	80	122	142	183	199	216	221	0.084170	0.087173	0.094233	0.129591	0.059497	0.098829	0.089033	0.142725	0.129212	0.085537	
0.003909	4	24	44	80	122	142	183	199	216	221	0.080099	0.089306	0.095225	0.129661	0.059625	0.099245	0.089180	0.142092	0.132006	0.083561	
0.003936	4	24	44	80	122	142	183	199	216	221	0.076028	0.091438	0.096218	0.129732	0.059752	0.099661	0.089326	0.141460	0.134800	0.081586	
0.003964	4	24	44	80	122	142	183	199	216	221	0.071957	0.093570	0.097210	0.129803	0.059880	0.100077	0.089473	0.140827	0.137595	0.079610	
0.003992	4	24	44	80	122	142	183	199	216	221	0.067886	0.095702	0.098202	0.129873	0.060007	0.100492	0.089619	0.140195	0.140389	0.077634	
0.004019	4	24	44	80	122	142	183	199	216	221	0.063815	0.097834	0.099195	0.129944	0.060134	0.100908	0.089766	0.139562	0.143184	0.075658	
0.004047	4	24	44	80	122	142	183	199	216	221	0.059744	0.099967	0.100187	0.130015	0.060262	0.101324	0.089912	0.138930	0.145978	0.073682	
0.004074	4	24	44	57	75	122	142	183	199	216	0.091630	0.085913	0.105000	0.085657	0.069121	0.059708	0.091264	0.101607	0.175010	0.135091	
0.004102	4	24	44	57	75	122	142	183	199	216	0.086481	0.088247	0.106297	0.086197	0.069083	0.059804	0.091661	0.101348	0.173495	0.137385	
0.004129	4	24	44	57	75	122	142	183	199	216	0.081333	0.090581	0.107595	0.086738	0.069045	0.059901	0.092059	0.101089	0.171981	0.139678	
0.004157	4	24	44	57	75	122	142	183	199	216	0.076184	0.092916	0.108892	0.087278	0.069008	0.059998	0.092456	0.100830	0.170466	0.141972	
0.004184	4	24	44	57	75	122	142	183	199	216	0.071036	0.095250	0.110190	0.087818	0.068970	0.060095	0.092854	0.100571	0.168951	0.144266	
0.004212	4	24	44	57	75	122	142	183	199	216	0.065888	0.097584	0.111488	0.088358	0.068932	0.060192	0.093251	0.100312	0.167437	0.146560	
0.004240	21	24	44	57	75	107	122	183	199	216	0.054685	0.091519	0.096936	0.087810	0.082008	0.110362	0.064450	0.109563	0.168873	0.133794	
0.004267	21	24	44	57	75	107	122	183	199	216	0.057228	0.093607	0.098687	0.087970	0.081033	0.105473	0.064038	0.109200	0.167865	0.134898	
0.004295	21	24	44	57	75	107	122	183	199	216	0.059771	0.095695	0.100438	0.088131	0.080058	0.100584	0.063625	0.108838	0.166856	0.136003	
0.004322	21	24	44	57	75	107	122	183	199	216	0.062315	0.097783	0.102189	0.088292	0.079083	0.095695	0.063213	0.108475	0.165848	0.137107	
0.004350	21	24	44	57	75	107	122	183	199	216	0.064858	0.099871	0.103940	0.088453	0.078108	0.090806	0.062801	0.108112	0.164840	0.138212	
0.004377	21	24	44	57	75	107	122	183	199	216	0.067402	0.101960	0.105691	0.088613	0.077132	0.085917	0.062388	0.107749	0.163832	0.139316	
0.004405	21	24	44	57	75	107	122	183	199	216	0.069945	0.104048	0.107442	0.088774	0.076157	0.081028	0.061976	0.107386	0.162824	0.140420	
0.004432	21	24	44	57	75	107	122	183	199	216	0.072489	0.106136	0.109192	0.088935	0.075182	0.076140	0.061564	0.107023	0.161815	0.141525	
0.004460	21	24	44	57	75	107	122	183	199	216	0.075032	0.108224	0.110943	0.089095	0.074207	0.071251	0.061151	0.106660	0.160807	0.142629	
0.004488	21	24	44	57	75	107	122	183	199	216	0.077576	0.110312	0.112694	0.089256	0.073232	0.066362	0.060739	0.106297	0.159799	0.143734	
0.004515	21	24	44	57	75	107	122	183	199	216	0.080119	0.112401	0.114445	0.089416	0.072257	0.061473	0.060327	0.105934	0.158790	0.144838	
0.004543	21	24	44	57	75	107	122	183	199	216	0.082663	0.114489	0.116196	0.089577	0.071281	0.056584	0.059914	0.105571	0.157782	0.145943	
0.004570	21	24	44	57	75	107	122	183	199	216	0.085206	0.116577	0.117947	0.089738	0.070306	0.051695	0.059502	0.105208	0.156774	0.147047	
0.004598	21	24	44	57	75	122	142	183	199	216	0.053229	0.093629	0.114157	0.085529	0.075515	0.072666	0.082656	0.108954	0.166159	0.147507	
0.004625	21	24	44	57	75	122	142	183	199	216	0.058670	0.097934	0.115765	0.085375	0.073437	0.070712	0.081933	0.106677	0.161600	0.147898	
0.004653	21	24	44	57	75	122	142	183	199	216	0.064111	0.102239	0.117373	0.085221	0.071358	0.068758	0.081209	0.104401	0.157040	0.148289	
0.004680	21	24	44	57	75	122	142	183	199	216	0.069553	0.106545	0.118982	0.085067	0.069279	0.066804	0.080486	0.102124	0.152480	0.148680	
0.004708	21	24	44	57	75	122	142	183	199	216	0.074994	0.110850	0.120590	0.084913	0.067201	0.064851	0.079762	0.099847	0.147920	0.149071	
0.004735	21	24	44	57	75	122	142	183	199	216	0.080435	0.115155	0.122198	0.084759	0.065122	0.062897	0.079039	0.097571	0.143360	0.149463	
0.004763	2	24	44	57	75	122	142	183	199	216	0.079109	0.113725	0.109636	0.089129	0.062735	0.063703	0.098315	0.092916	0.142634	0.148099	
0.004791	2	4	24	44	57	142	174	183	199	221	0.090827	0.081536	0.115007	0.108377	0.094056	0.104365	0.061282	0.088467	0.187353	0.068730	
0.004818	2	21	24	44	57	75	122	183	199	216	0.055000	0.068089	0.108574	0.116751	0.090734	0.068320	0.067115	0.112143	0.170225	0.143049	
0.004846	2	21	24	44	57	75	122	183	199	216	0.059324	0.070671	0.111006	0.116934	0.090427	0.066592	0.065848	0.110278	0.166744	0.142176	
0.004873	21	24	35	44	57	75	122	183	199	216	0.066459	0.104411	0.033280	0.113350	0.093301	0.072352	0.074024	0.113169	0.184149	0.145505	
0.004901	21	24	35	44	57	75	122	183	199	216	0.067722	0.105585	0.036136	0.112853	0.093245	0.071370	0.073751	0.111857	0.182803	0.144679	
0.004928	21	24	35	44	57	75	122	183	199	216	0.068985	0.106759	0.038992	0.112355	0.093189	0.070387	0.073479	0.110546	0.181457	0.143852	
0.004956	21	24	35	44	57	75	122	183	199	216	0.070248	0.107931	0.041849	0.111858	0.093134	0.069407	0.073208	0.109234	0.180107	0.143023	
0.004983	21	24	35	44	57	75	122	183	199	216	0.071511	0.109105	0.044705	0.111361	0.093077	0.068425	0.072935	0.107923	0.178761	0.142196	
0.005011	21	24	35	44	57	75	122	183	199	216	0.072774	0.110279	0.047561	0.110863	0.093021	0.067443	0.072663	0.106611	0.177415	0.141370	
0.005039	21	24	35	44	57	75	122	183	199	216	0.074037	0.111453	0.050417	0.110366	0.092965	0.066460	0.072390	0.105299	0.176069	0.140543	
0.005066	21	24	35	44	57	75	122	183	199	216	0.075300	0.112627	0.053273	0.109868	0.092908	0.065478	0.072117	0.103988	0.174723	0.139717	
0.005094	21	24	35	44	57	75	122	183	199	216	0.076563	0.113801	0.056129	0.109371	0.092852	0.064496	0.071845	0.102676	0.173377	0.138890	
0.005121	21	24	35	44	57	75	122	183	199	216	0.077826	0.114974	0.058985	0.108874	0.092796	0.063514	0.071572	0.101365	0.172030	0.138064	
0.005149	21	24	35	44	57	75	122	183	199	216	0.079089	0.116148	0.061842	0.108376	0.092740	0.062531	0.071300	0.100053	0.170684	0.137237	
0.005176	21	24	35	44	57	75	122	183	199	216	0.080352	0.117322	0.064698	0.107879	0.092684	0.061549	0.071027	0.098741	0.169338	0.136410	
0.005204	21	24	35	44	57	75	122	183	199	216	0.081615	0.118496	0.067554	0.107381	0.092628	0.060567	0.070755	0.097430	0.167992	0.135584	
0.005231	2	24	44	57	122	142	174	183	199	216	0.082490	0.122058	0.095602	0.090220	0.058877	0.102245	0.053706	0.097039	0.157952	0.139812	
0.005259	2	21	24	35	44	57	122	183	199	216	0.065289	0.069781	0.115300	0.049685	0.102935	0.093172	0.069186	0.103372	0.188119	0.143160	
0.005287	2	21	24	35	44	57	122	183	199	216	0.066977	0.070658	0.116263	0.052129	0.102198	0.093001	0.068899	0.101947	0.186214	0.141712	
0.005314	2	21	24	35	44	57	122	183	199	216	0.068665	0.071534	0.117228	0.054573	0.101461	0.092829	0.068611	0.100522	0.184312	0.140265	
0.005342	2	21	24	35	44	57	122	183	199	216	0.070352	0.072411	0.118192	0.057017	0.100724	0.092656	0.068323	0.099096	0.182410	0.138818	
0.005369	2	21	24	35	44	57	122	183	199	216	0.072040	0.073287	0.119157	0.059461	0.099986	0.092484	0.068036	0.097671	0.180508	0.137371	
0.005397	2	24	44	54	57	75	142	174	183	199	0.078566	0.131200	0.116886	0.068376	0.102730	0.067190	0.110867	0.047530	0.086333	0.190323	
0.005424	2	24	44	54	57	75	142	174	183	199	0.080170	0.132354	0.115833	0.069279	0.102301	0.066393	0.110910	0.049673	0.085166	0.187920	
0.005452	2	24	44	54	57	75	142	174	183	199	0.081774	0.133509	0.114781	0.070183	0.101871	0.065594	0.110953	0.051816	0.083998	0.185520	
0.005479	2	24	44	54	57	75	142	174	183	199	0.083378	0.134665	0.113728	0.071087	0.101442	0.064795	0.110996	0.053959	0.082830	0.183120	
0.005507	2	24	44	54	57	75	142	174	183	199	0.084982	0.135820	0.112676	0.071991	0.101013	0.063996	0.111039	0.056102	0.081662	0.180720	
0.005534	2	24	44	54	57	75	142	174	183	199	0.086586	0.136976	0.111624	0.072894	0.100583	0.063197	0.111082	0.058245	0.080494	0.178320	
0.005562	2	24	44	54	57	75	142	174	183	199	0.088190	0.138131	0.110572	0.073798	0.100154	0.062398	0.111125	0.060388	0.079325	0.175920	
0.005590	2	24	27	44	54	57	75	142	174	199	0.082589	0.145670	0.052219	0.120036	0.079408	0.095286	0.064623	0.129638	0.044736	0.185796	
0.005617	2	24	27	44	54	57	75	142	174	199	0.084121	0.146661	0.052592	0.118725	0.080077	0.094573	0.063738	0.129396	0.046990	0.183128	
0.005645	2	24	27	44	54	57	75	142	174	199	0.085653	0.147652	0.052965	0.117414	0.080745	0.093861	0.062854	0.129153	0.049245	0.180460	
0.005672	2	24	27	44	54	57	75	142	174	199	0.087185	0.148643	0.053338	0.116102	0.081413	0.093148	0.061970	0.128910	0.051499	0.177792	
0.005700	2	24	27	44	54	57	75	142	174	199	0.088716	0.149632	0.053713	0.114791	0.082081	0.092437	0.061088	0.128667	0.053753	0.175122	
0.005727	2	24	27	44	54	57	75	142	174	199	0.090248	0.150623	0.054086	0.113480	0.082750	0.091724	0.060203	0.128424	0.056007	0.172454	
0.005755	2	24	27	44	54	57	75	142	174	199	0.091780	0.151615	0.054458	0.112169	0.083418	0.091012	0.059319	0.128181	0.058261	0.169786	
0.005782	2	24	27	44	54	57	75	142	174	199	0.093312	0.152606	0.054832	0.110858	0.084086	0.090299	0.058434	0.127939	0.060516	0.167119	
0.005810	2	24	27	44	54	57	75	142	174	199	0.094844	0.153597	0.055205	0.109547	0.084755	0.089587	0.057550	0.127696	0.062770	0.164451	
0.005838	2	24	27	44	54	57	75	142	174	199	0.096376	0.154588	0.055578	0.108235	0.085423	0.088874	0.056666	0.127453	0.065024	0.161783	
0.005865	2	24	27	44	54	57	75	142	174	199	0.097908	0.155579	0.055951	0.106924	0.086091	0.088162	0.055782	0.127210	0.067278	0.159115	
0.005893	2	24	27	44	54	57	75	142	174	199	0.099440	0.156570	0.056324	0.105613	0.086760	0.087449	0.054897	0.126967	0.069532	0.156447	
0.005920	2	24	27	44	54	57	75	142	174	199	0.100972	0.157561	0.056697	0.104302	0.087428	0.086737	0.054013	0.126725	0.071786	0.153779	
0.005948	2	24	27	44	54	57	75	142	174	199	0.102504	0.158552	0.057070	0.102991	0.088096	0.086024	0.053129	0.126482	0.074041	0.151111	
0.005975	2	24	27	44	54	57	75	142	174	199	0.104036	0.159543	0.057443	0.101680	0.088765	0.085312	0.052245	0.126239	0.076295	0.148444	
0.006003	2	24	27	44	54	57	75	142	174	199	0.105568	0.160534	0.057816	0.100368	0.089433	0.084599	0.051360	0.125996	0.078549	0.145776	
0.006030	2	24	44	54	57	142	174	183	199	206	0.098260	0.154392	0.101734	0.072676	0.096311	0.109835	0.061748	0.080294	0.183023	0.041726	
0.006058	2	24	44	54	57	142	174	183	199	206	0.099268	0.155369	0.100623	0.073208	0.095781	0.109569	0.063241	0.079422	0.180792	0.042728	
0.006085	2	24	44	54	57	142	174	183	199	206	0.100276	0.156345	0.099512	0.073739	0.095250	0.109303	0.064734	0.078550	0.178560	0.043730	
0.006113	2	24	44	54	57	142	174	183	199	206	0.101285	0.157321	0.098402	0.074270	0.094719	0.109037	0.066228	0.077678	0.176328	0.044733	
0.006141	2	24	44	54	57	142	174	183	199	206	0.102293	0.158297	0.097291	0.074801	0.094189	0.108771	0.067721	0.076806	0.174096	0.045735	
0.006168	2	24	54	126	142	174	183	189	199	206	0.100801	0.149351	0.080204	0.076446	0.123802	0.056656	0.098522	0.075401	0.196731	0.042087	
0.006196	2	24	54	126	142	174	183	189	199	206	0.101666	0.150111	0.080599	0.077010	0.123355	0.058058	0.097372	0.074949	0.193832	0.043049	
0.006223	2	24	54	126	142	174	183	189	199	206	0.102532	0.150872	0.080995	0.077573	0.122907	0.059460	0.096219	0.074495	0.190936	0.044011	
0.006251	2	24	54	126	142	174	183	189	199	206	0.103397	0.151633	0.081390	0.078136	0.122460	0.060863	0.095067	0.074042	0.188040	0.044973	
0.006278	2	24	54	126	142	174	183	189	199	206	0.104263	0.152394	0.081786	0.078699	0.122012	0.062265	0.093915	0.073588	0.185143	0.045934	
0.006306	2	24	54	126	142	174	183	189	199	206	0.105128	0.153156	0.082181	0.079263	0.121564	0.063668	0.092763	0.073134	0.182247	0.046896	
0.006333	2	24	54	126	142	174	183	189	199	206	0.105994	0.153917	0.082577	0.079826	0.121117	0.065070	0.091610	0.072680	0.179351	0.047858	
0.006361	2	24	54	57	125	142	174	183	199	206	0.109924	0.162517	0.079441	0.078204	0.076303	0.119080	0.070350	0.086426	0.173139	0.044617	
0.006389	2	24	54	57	125	142	174	183	199	206	0.110762	0.163259	0.079890	0.077541	0.077002	0.118648	0.071701	0.085407	0.170238	0.045552	
0.006416	2	24	54	57	125	142	174	183	199	206	0.111599	0.164002	0.080340	0.076878	0.077701	0.118216	0.073053	0.084388	0.167336	0.046487	
0.006444	2	24	54	57	125	142	174	183	199	206	0.112437	0.164744	0.080790	0.076215	0.078401	0.117784	0.074404	0.083369	0.164434	0.047423	
0.006471	2	24	54	57	125	142	174	183	199	206	0.113274	0.165486	0.081239	0.075552	0.079100	0.117352	0.075755	0.082350	0.161533	0.048358	
0.006499	2	24	54	57	125	142	174	183	199	206	0.114112	0.166229	0.081689	0.074889	0.079799	0.116919	0.077107	0.081331	0.158631	0.049294	
0.006526	2	24	54	57	125	142	174	183	199	206	0.114949	0.166971	0.082139	0.074226	0.080499	0.116487	0.078458	0.080312	0.155729	0.050229	
0.006554	2	24	54	125	142	174	183	189	199	206	0.113473	0.164555	0.088175	0.077928	0.116395	0.076895	0.088603	0.067123	0.153891	0.052961	
0.006581	2	24	54	125	142	174	183	189	199	206	0.114324	0.165317	0.088575	0.078639	0.115941	0.078273	0.087496	0.066617	0.150933	0.053884	
0.006609	2	24	54	125	142	174	183	189	199	206	0.115175	0.166080	0.088976	0.079350	0.115487	0.079652	0.086388	0.066111	0.147974	0.054807	
0.006637	2	24	54	125	142	174	183	189	199	206	0.116026	0.166842	0.089377	0.080061	0.115032	0.081030	0.085281	0.065605	0.145015	0.055730	
0.006664	2	24	54	125	142	174	183	189	199	206	0.116877	0.167604	0.089777	0.080772	0.114578	0.082409	0.084174	0.065099	0.142057	0.056653	
0.006692	2	24	54	125	142	174	183	189	199	206	0.117728	0.168367	0.090178	0.081483	0.114123	0.083787	0.083067	0.064593	0.139098	0.057575	
0.006719	2	24	54	125	142	174	183	189	199	206	0.118579	0.169129	0.090578	0.082194	0.113669	0.085166	0.081959	0.064087	0.136139	0.058498	
0.006747	2	24	54	125	142	174	183	189	199	206	0.119430	0.169892	0.090979	0.082905	0.113215	0.086544	0.080852	0.063581	0.133181	0.059421	
0.006774	2	24	54	125	142	174	183	189	199	206	0.120282	0.170654	0.091380	0.083616	0.112760	0.087923	0.079745	0.063075	0.130222	0.060344	
0.006802	2	24	54	125	142	174	183	189	199	206	0.121133	0.171416	0.091780	0.084327	0.112306	0.089301	0.078637	0.062569	0.127264	0.061267	
0.006829	2	24	54	125	142	174	183	189	199	206	0.121984	0.172179	0.092181	0.085038	0.111851	0.090680	0.077530	0.062064	0.124305	0.062189	
0.006857	2	24	54	125	142	174	183	189	199	206	0.122835	0.172941	0.092581	0.085749	0.111397	0.092058	0.076423	0.061558	0.121346	0.063112	
0.006884	2	24	35	54	57	125	142	174	199	206	0.124973	0.179194	0.046598	0.088073	0.083523	0.080295	0.122007	0.077937	0.155846	0.041555	
0.006912	2	24	35	54	57	125	142	174	199	206	0.125618	0.179622	0.047432	0.088088	0.082825	0.080885	0.121115	0.079136	0.152986	0.042292	
0.006940	2	24	35	54	57	125	142	174	199	206	0.126265	0.180052	0.048264	0.088104	0.082124	0.081475	0.120224	0.080336	0.150127	0.043030	
0.006967	2	24	35	54	57	125	142	174	199	206	0.126911	0.180482	0.049097	0.088119	0.081424	0.082065	0.119332	0.081536	0.147267	0.043767	
0.006995	2	24	35	54	57	125	142	174	199	206	0.127558	0.180912	0.049930	0.088135	0.080723	0.082655	0.118441	0.082736	0.144408	0.044504	
0.007022	2	24	35	54	57	125	142	174	199	206	0.128204	0.181342	0.050762	0.088151	0.080022	0.083245	0.117549	0.083935	0.141549	0.045241	
0.007050	2	24	35	54	57	125	142	174	199	206	0.128851	0.181772	0.051595	0.088167	0.079322	0.083835	0.116657	0.085135	0.138690	0.045978	
0.007077	2	24	35	54	57	125	142	174	199	206	0.129497	0.182201	0.052427	0.088182	0.078621	0.084424	0.115766	0.086335	0.135830	0.046715	
0.007105	2	24	27	40	54	125	142	174	199	206	0.130056	0.188583	0.053108	0.019507	0.092141	0.079196	0.146251	0.089394	0.150470	0.051293	
0.007132	2	24	27	40	54	125	142	174	199	206	0.130637	0.188974	0.052951	0.019996	0.092045	0.079644	0.145567	0.090616	0.147399	0.052171	
0.007160	2	24	27	40	54	125	142	174	199	206	0.131217	0.189365	0.052794	0.020485	0.091948	0.080091	0.144883	0.091839	0.144328	0.053049	
0.007188	2	24	27	40	54	125	142	174	199	206	0.131798	0.189756	0.052636	0.020974	0.091852	0.080538	0.144200	0.093061	0.141257	0.053927	
0.007215	2	24	27	40	54	125	142	174	199	206	0.132379	0.190146	0.052479	0.021463	0.091756	0.080986	0.143516	0.094284	0.138186	0.054805	
0.007243	2	24	27	40	54	125	142	174	199	206	0.132959	0.190537	0.052322	0.021952	0.091659	0.081433	0.142832	0.095506	0.135115	0.055683	
0.007270	2	24	27	40	54	125	142	174	199	206	0.133540	0.190928	0.052165	0.022441	0.091563	0.081881	0.142149	0.096729	0.132044	0.056561	
0.007298	2	24	27	40	54	125	142	174	199	206	0.134121	0.191319	0.052008	0.022930	0.091466	0.082328	0.141465	0.097951	0.128974	0.057439	
0.007325	2	24	27	40	54	125	142	174	199	206	0.134702	0.191709	0.051850	0.023419	0.091370	0.082775	0.140781	0.099174	0.125903	0.058317	
0.007353	2	24	27	40	54	125	142	174	199	206	0.135282	0.192100	0.051693	0.023907	0.091274	0.083223	0.140097	0.100396	0.122832	0.059195	
0.007380	2	24	27	40	54	125	142	174	199	206	0.135863	0.192491	0.051536	0.024396	0.091177	0.083670	0.139414	0.101619	0.119761	0.060073	
0.007408	2	24	27	40	54	125	142	174	199	206	0.136444	0.192882	0.051379	0.024885	0.091081	0.084118	0.138730	0.102841	0.116690	0.060951	
0.007435	2	24	27	40	54	125	142	174	199	206	0.137024	0.193272	0.051221	0.025374	0.090984	0.084565	0.138046	0.104063	0.113619	0.061829	
0.007463	2	24	27	40	54	125	142	174	199	206	0.137605	0.193663	0.051064	0.025863	0.090888	0.085012	0.137363	0.105286	0.110548	0.062708	
0.007491	2	24	27	40	54	125	142	174	199	206	0.138186	0.194054	0.050907	0.026352	0.090792	0.085460	0.136679	0.106508	0.107478	0.063586	
0.007518	2	24	27	40	54	119	125	142	174	206	0.140486	0.200183	0.054623	0.027055	0.094797	0.079110	0.088521	0.162675	0.097054	0.055495	
0.007546	2	24	27	40	54	119	125	142	174	206	0.140796	0.200220	0.054252	0.027614	0.094408	0.078024	0.088652	0.160765	0.098567	0.056702	
0.007573	2	24	27	40	54	119	125	142	174	206	0.141107	0.200256	0.053881	0.028174	0.094020	0.076938	0.088782	0.158854	0.100080	0.057908	
0.007601	2	24	27	40	54	119	125	142	174	206	0.141417	0.200292	0.053510	0.028733	0.093632	0.075852	0.088913	0.156944	0.101592	0.059115	
0.007628	2	24	27	40	54	119	125	142	174	206	0.141727	0.200329	0.053138	0.029292	0.093244	0.074766	0.089044	0.155033	0.103105	0.060321	
0.007656	2	24	27	40	54	119	125	142	174	206	0.142038	0.200365	0.052767	0.029851	0.092856	0.073680	0.089174	0.153123	0.104618	0.061528	
0.007683	2	24	40	54	57	96	125	142	174	206	0.135521	0.198994	0.022249	0.091483	0.081462	0.075644	0.091581	0.139205	0.095515	0.068346	
0.007711	2	24	40	54	57	96	125	142	174	206	0.135588	0.199000	0.022781	0.091075	0.079917	0.076518	0.091553	0.137459	0.096668	0.069441	
0.007739	2	24	40	54	57	96	125	142	174	206	0.135655	0.199006	0.023313	0.090668	0.078372	0.077392	0.091526	0.135713	0.097821	0.070535	
0.007766	2	24	40	54	57	96	125	142	174	206	0.135722	0.199011	0.023845	0.090260	0.076828	0.078265	0.091498	0.133967	0.098974	0.071630	
0.007794	2	24	40	54	96	125	142	174	189	206	0.134879	0.197870	0.024845	0.098042	0.077767	0.088455	0.137994	0.095979	0.070956	0.073212	
0.007821	2	24	40	54	96	125	142	174	189	206	0.134915	0.197842	0.025382	0.097440	0.078669	0.088401	0.135989	0.097231	0.069808	0.074323	
0.007849	2	24	40	54	96	125	142	174	189	206	0.134950	0.197815	0.025919	0.096838	0.079571	0.088347	0.133984	0.098483	0.068660	0.075434	
0.007876	2	24	40	54	96	125	142	174	189	206	0.134986	0.197787	0.026455	0.096236	0.080472	0.088292	0.131978	0.099735	0.067512	0.076545	
0.007904	2	24	40	54	96	125	142	174	189	206	0.135022	0.197760	0.026992	0.095633	0.081374	0.088238	0.129973	0.100987	0.066364	0.077656	
0.007931	2	24	40	54	96	125	142	174	189	206	0.135058	0.197732	0.027529	0.095031	0.082276	0.088183	0.127968	0.102239	0.065216	0.078767	
0.007959	2	24	40	54	96	125	142	174	189	206	0.135092	0.197703	0.028067	0.094429	0.083178	0.088129	0.125963	0.103491	0.064071	0.079878	
0.007987	2	24	40	54	96	125	142	174	189	206	0.135128	0.197675	0.028603	0.093826	0.084080	0.088075	0.123957	0.104743	0.062923	0.080989	
0.008014	2	24	40	54	96	125	142	174	189	206	0.135164	0.197648	0.029140	0.093224	0.084981	0.088020	0.121952	0.105995	0.061775	0.082100	
0.008042	2	24	35	40	54	96	125	142	174	206	0.144175	0.205437	0.048278	0.023185	0.090387	0.081485	0.104619	0.150534	0.091430	0.060469	
0.008069	2	24	35	40	54	96	125	142	174	206	0.144007	0.205126	0.049316	0.023695	0.089526	0.082292	0.104217	0.148065	0.092452	0.061302	
0.008097	2	24	35	40	54	96	125	142	174	206	0.143840	0.204816	0.050354	0.024206	0.088664	0.083099	0.103816	0.145596	0.093474	0.062135	
0.008124	2	24	35	40	54	96	125	142	174	206	0.143672	0.204505	0.051392	0.024716	0.087803	0.083906	0.103415	0.143127	0.094496	0.062968	
0.008152	2	24	35	40	54	96	125	142	174	206	0.143504	0.204195	0.052430	0.025226	0.086941	0.084713	0.103013	0.140658	0.095518	0.063801	
0.008179	2	24	35	40	54	96	125	142	174	206	0.143337	0.203884	0.053468	0.025736	0.086079	0.085520	0.102612	0.138189	0.096540	0.064634	
0.008207	2	24	35	40	54	96	125	142	174	206	0.143169	0.203574	0.054506	0.026247	0.085218	0.086328	0.102210	0.135720	0.097561	0.065467	
0.008234	2	24	35	40	54	96	125	142	174	206	0.143002	0.203263	0.055545	0.026757	0.084356	0.087135	0.101809	0.133251	0.098583	0.066300	
0.008262	2	24	35	40	54	96	125	142	174	206	0.142834	0.202953	0.056583	0.027267	0.083494	0.087942	0.101407	0.130782	0.099605	0.067133	
0.008290	2	24	35	40	54	96	125	142	174	206	0.142666	0.202642	0.057621	0.027778	0.082633	0.088749	0.101006	0.128312	0.100627	0.067967	
0.008317	2	24	35	40	54	96	125	142	174	206	0.142499	0.202332	0.058659	0.028288	0.081771	0.089556	0.100604	0.125843	0.101649	0.068800	
0.008345	2	24	35	40	54	96	125	142	174	206	0.142331	0.202021	0.059697	0.028798	0.080909	0.090363	0.100203	0.123374	0.102671	0.069633	
0.008372	2	24	35	40	54	96	125	142	174	206	0.142163	0.201711	0.060735	0.029309	0.080048	0.091170	0.099802	0.120905	0.103693	0.070466	
0.008400	2	24	35	40	54	96	125	142	174	206	0.141996	0.201400	0.061773	0.029819	0.079186	0.091977	0.099400	0.118436	0.104714	0.071299	
0.008427	2	24	35	40	54	96	125	142	174	206	0.141828	0.201090	0.062811	0.030329	0.078324	0.092784	0.098999	0.115967	0.105736	0.072132	
0.008455	2	24	35	40	54	96	125	142	174	206	0.141660	0.200779	0.063849	0.030839	0.077463	0.093591	0.098597	0.113498	0.106758	0.072965	
0.008482	2	24	35	40	54	96	125	142	174	206	0.141493	0.200468	0.064887	0.031350	0.076601	0.094399	0.098196	0.111029	0.107780	0.073798	
0.008510	2	24	35	40	54	96	125	142	174	206	0.141325	0.200158	0.065925	0.031860	0.075739	0.095206	0.097794	0.108559	0.108802	0.074631	
0.008538	2	24	35	40	54	96	125	142	174	206	0.141157	0.199847	0.066963	0.032370	0.074878	0.096013	0.097393	0.106090	0.109824	0.075464	
0.008565	2	24	35	40	54	96	125	142	174	206	0.140990	0.199537	0.068001	0.032881	0.074016	0.096820	0.096991	0.103621	0.110845	0.076297	
0.008593	2	24	35	40	54	96	125	142	174	206	0.140821	0.199225	0.069040	0.033392	0.073155	0.097627	0.096590	0.101153	0.111866	0.077130	
0.008620	2	24	35	40	54	96	125	142	174	206	0.140654	0.198914	0.070078	0.033902	0.072294	0.098434	0.096189	0.098684	0.112888	0.077963	
0.008648	2	24	35	40	54	96	125	142	174	206	0.140486	0.198604	0.071116	0.034412	0.071432	0.099241	0.095787	0.096215	0.113910	0.078796	
0.008675	2	24	35	40	54	96	125	142	174	206	0.140319	0.198293	0.072154	0.034922	0.070570	0.100048	0.095386	0.093746	0.114932	0.079629	
0.008703	2	24	35	40	54	96	125	142	174	206	0.140151	0.197983	0.073192	0.035433	0.069709	0.100855	0.094985	0.091277	0.115954	0.080462	
0.008730	2	24	35	40	54	96	125	142	174	206	0.139983	0.197672	0.074230	0.035943	0.068847	0.101662	0.094583	0.088808	0.116976	0.081295	
0.008758	2	24	35	40	54	96	125	142	174	206	0.139816	0.197362	0.075268	0.036453	0.067985	0.102469	0.094182	0.086339	0.117998	0.082128	
0.008786	2	24	35	40	54	96	125	142	174	206	0.139648	0.197051	0.076306	0.036963	0.067124	0.103276	0.093780	0.083869	0.119020	0.082961	
0.008813	2	24	35	40	54	96	125	142	174	206	0.139480	0.196741	0.077344	0.037474	0.066262	0.104084	0.093379	0.081400	0.120042	0.083795	
0.008841	2	24	35	40	54	96	125	142	174	206	0.139313	0.196430	0.078382	0.037984	0.065400	0.104891	0.092977	0.078931	0.121064	0.084628	
0.008868	2	24	35	40	54	96	125	142	174	206	0.139145	0.196120	0.079420	0.038494	0.064539	0.105698	0.092576	0.076462	0.122085	0.085461	
0.008896	2	24	35	40	54	96	125	142	174	206	0.138977	0.195809	0.080458	0.039005	0.063677	0.106505	0.092174	0.073993	0.123107	0.086294	
0.008923	2	24	35	40	54	68	96	125	174	206	0.143340	0.227701	0.066476	0.028491	0.081978	0.058182	0.114513	0.106629	0.100836	0.071855	
0.008951	2	24	35	40	54	68	96	125	174	206	0.142543	0.226113	0.067506	0.029236	0.080601	0.058677	0.114805	0.105587	0.102120	0.072813	
0.008978	2	24	35	40	54	68	96	125	174	206	0.141746	0.224525	0.068537	0.029981	0.079223	0.059171	0.115098	0.104545	0.103403	0.073770	
0.009006	2	24	35	40	54	68	96	125	174	206	0.140949	0.222937	0.069568	0.030726	0.077846	0.059666	0.115391	0.103504	0.104686	0.074728	
0.009033	2	24	35	40	54	68	96	125	174	206	0.140152	0.221349	0.070598	0.031471	0.076468	0.060161	0.115683	0.102462	0.105970	0.075685	
0.009061	2	24	35	40	54	68	96	125	174	206	0.139355	0.219761	0.071629	0.032216	0.075091	0.060656	0.115976	0.101420	0.107253	0.076643	
0.009089	2	24	35	40	54	68	96	125	174	206	0.138558	0.218173	0.072660	0.032961	0.073713	0.061151	0.116268	0.100379	0.108537	0.077600	
0.009116	2	24	35	40	54	68	96	125	174	206	0.137761	0.216585	0.073691	0.033706	0.072336	0.061645	0.116561	0.099337	0.109820	0.078558	
0.009144	2	24	35	40	54	68	96	125	174	206	0.136964	0.214997	0.074721	0.034451	0.070958	0.062140	0.116854	0.098295	0.111103	0.079515	
0.009171	2	24	35	40	54	68	96	125	174	206	0.136168	0.213409	0.075752	0.035196	0.069581	0.062635	0.117146	0.097254	0.112387	0.080473	
0.009199	2	24	35	40	54	68	96	125	174	206	0.135371	0.211821	0.076783	0.035941	0.068204	0.063130	0.117439	0.096212	0.113670	0.081430	
0.009226	2	24	35	40	54	68	96	125	174	206	0.134574	0.210233	0.077814	0.036686	0.066826	0.063625	0.117732	0.095170	0.114954	0.082388	
0.009254	2	24	35	40	54	68	96	125	174	206	0.133777	0.208645	0.078844	0.037431	0.065449	0.064120	0.118024	0.094129	0.116237	0.083346	
0.009281	2	24	35	40	54	68	96	125	174	206	0.132980	0.207057	0.079875	0.038176	0.064071	0.064614	0.118317	0.093087	0.117520	0.084303	
0.009309	2	24	35	40	54	68	96	125	174	206	0.132183	0.205469	0.080906	0.038921	0.062694	0.065109	0.118610	0.092045	0.118804	0.085261	
0.009337	2	24	35	40	54	68	96	125	174	206	0.131386	0.203881	0.081936	0.039666	0.061316	0.065604	0.118902	0.091004	0.120087	0.086218	
0.009364	2	24	35	40	54	68	96	125	174	206	0.130589	0.202293	0.082967	0.040411	0.059939	0.066099	0.119195	0.089962	0.121371	0.087176	
0.009392	2	24	35	40	54	68	96	125	174	206	0.129792	0.200705	0.083998	0.041156	0.058561	0.066594	0.119487	0.088920	0.122654	0.088133	
0.009419	2	24	35	40	54	68	96	125	174	206	0.128995	0.199115	0.085028	0.041901	0.057186	0.067089	0.119779	0.087879	0.123937	0.089091	
0.009447	2	24	35	40	54	68	96	125	174	206	0.128198	0.197527	0.086059	0.042646	0.055808	0.067584	0.120072	0.086838	0.125220	0.090048	
0.009474	2	24	35	40	54	68	96	125	174	206	0.127401	0.195939	0.087090	0.043391	0.054431	0.068079	0.120365	0.085796	0.126503	0.091006	
0.009502	2	24	35	40	54	68	96	125	174	206	0.126604	0.194351	0.088121	0.044136	0.053053	0.068574	0.120657	0.084754	0.127787	0.091963	
0.009529	2	24	35	40	54	68	96	125	174	206	0.125807	0.192763	0.089151	0.044881	0.051675	0.069068	0.120950	0.083713	0.129070	0.092921	
0.009557	2	24	35	40	54	68	96	125	174	206	0.125010	0.191175	0.090182	0.045626	0.050298	0.069563	0.121243	0.082671	0.130354	0.093878	
0.009584	2	24	35	40	54	68	96	125	174	206	0.124213	0.189587	0.091213	0.046371	0.048921	0.070058	0.121535	0.081629	0.131637	0.094836	
0.009612	2	24	35	40	54	68	96	125	174	206	0.123416	0.187999	0.092243	0.047115	0.047543	0.070553	0.121828	0.080588	0.132921	0.095793	
0.009640	2	24	35	40	45	68	96	125	174	206	0.127195	0.197780	0.096432	0.043496	0.019684	0.071726	0.122416	0.089901	0.135466	0.095904	
0.009667	2	24	35	40	45	68	96	125	174	206	0.126078	0.195786	0.097289	0.044238	0.019672	0.072282	0.122455	0.088625	0.136679	0.096896	
0.009695	2	24	35	40	45	68	96	125	174	206	0.124961	0.193792	0.098147	0.044980	0.019659	0.072838	0.122493	0.087350	0.137893	0.097888	
0.009722	2	24	35	40	45	68	96	125	174	206	0.123844	0.191798	0.099004	0.045722	0.019647	0.073394	0.122532	0.086074	0.139106	0.098880	
0.009750	2	24	35	40	45	68	96	125	174	206	0.122727	0.189804	0.099861	0.046464	0.019635	0.073950	0.122570	0.084798	0.140320	0.099872	
0.009777	2	24	35	40	45	68	96	125	174	206	0.121610	0.187810	0.100718	0.047206	0.019623	0.074506	0.122608	0.083522	0.141533	0.100864	
0.009805	2	24	35	40	45	68	96	125	174	206	0.120493	0.185816	0.101575	0.047948	0.019610	0.075062	0.122647	0.082246	0.142747	0.101856	
0.009832	2	24	35	40	45	68	96	125	174	206	0.119376	0.183822	0.102432	0.048690	0.019598	0.075619	0.122685	0.080971	0.143960	0.102848	
0.009860	2	24	35	40	45	68	96	125	174	206	0.118259	0.181828	0.103289	0.049432	0.019586	0.076175	0.122724	0.079695	0.145173	0.103839	
0.009888	2	24	35	40	45	68	96	125	174	206	0.117142	0.179834	0.104146	0.050174	0.019574	0.076731	0.122762	0.078419	0.146387	0.104831	
0.009915	2	24	35	40	45	68	96	125	174	206	0.116025	0.177840	0.105004	0.050916	0.019561	0.077287	0.122801	0.077143	0.147600	0.105823	
0.009943	2	24	35	40	45	68	96	125	174	206	0.114908	0.175846	0.105861	0.051658	0.019549	0.077843	0.122839	0.075868	0.148814	0.106815	
0.009970	2	24	35	40	45	68	96	125	174	206	0.113791	0.173852	0.106718	0.052400	0.019537	0.078399	0.122877	0.074592	0.150027	0.107807	
0.009998	2	24	35	40	45	68	96	125	174	206	0.112674	0.171858	0.107575	0.053142	0.019525	0.078955	0.122916	0.073316	0.151241	0.108799	
0.010025	2	24	35	40	45	68	96	125	174	206	0.111557	0.169864	0.108432	0.053884	0.019512	0.079511	0.122954	0.072040	0.152454	0.109791	
0.010053	2	24	35	40	45	68	96	125	174	206	0.110440	0.167870	0.109289	0.054626	0.019500	0.080067	0.122993	0.070764	0.153668	0.110783	
0.010080	2	24	35	40	45	68	96	125	174	206	0.109323	0.165876	0.110146	0.055369	0.019488	0.080623	0.123031	0.069489	0.154881	0.111774	
0.010108	2	24	35	40	45	68	96	125	174	206	0.108206	0.163882	0.111003	0.056111	0.019476	0.081179	0.123069	0.068213	0.156095	0.112766	
0.010136	2	24	35	40	45	68	96	125	174	206	0.107089	0.161888	0.111861	0.056853	0.019463	0.081735	0.123108	0.066937	0.157308	0.113758	
0.010163	2	24	35	40	45	68	96	125	174	206	0.105972	0.159894	0.112718	0.057595	0.019451	0.082292	0.123146	0.065661	0.158521	0.114750	
0.010191	2	24	35	40	45	68	96	125	174	206	0.104855	0.157900	0.113575	0.058337	0.019439	0.082848	0.123185	0.064386	0.159735	0.115742	
0.010218	2	24	35	40	45	68	96	125	174	206	0.103738	0.155906	0.114432	0.059079	0.019427	0.083404	0.123223	0.063110	0.160948	0.116734	
0.010246	2	24	35	40	45	68	96	125	174	206	0.102621	0.153912	0.115289	0.059821	0.019414	0.083960	0.123261	0.061834	0.162162	0.117726	
0.010273	2	24	35	40	45	68	96	125	174	206	0.101504	0.151918	0.116146	0.060563	0.019402	0.084516	0.123300	0.060558	0.163375	0.118717	
0.010301	2	24	35	40	45	68	96	125	174	206	0.100387	0.149924	0.117003	0.061305	0.019390	0.085072	0.123338	0.059283	0.164589	0.119709	
0.010328	2	24	35	40	45	68	96	125	174	206	0.099270	0.147930	0.117860	0.062047	0.019378	0.085628	0.123377	0.058007	0.165802	0.120701	
0.010356	2	24	35	40	45	68	96	125	174	206	0.098153	0.145937	0.118718	0.062789	0.019365	0.086184	0.123415	0.056731	0.167016	0.121693	
0.010383	2	24	35	40	45	68	96	125	174	206	0.097036	0.143943	0.119575	0.063531	0.019353	0.086740	0.123453	0.055455	0.168229	0.122685	
0.010411	2	24	35	40	45	68	96	125	174	206	0.095919	0.141949	0.120432	0.064273	0.019341	0.087296	0.123492	0.054180	0.169443	0.123677	
0.010439	2	24	35	40	45	68	96	125	174	206	0.094802	0.139955	0.121289	0.065015	0.019329	0.087852	0.123530	0.052904	0.170656	0.124669	
0.010466	2	24	35	40	45	68	96	125	174	206	0.093685	0.137961	0.122146	0.065757	0.019316	0.088408	0.123569	0.051628	0.171869	0.125661	
0.010494	2	24	35	40	45	68	96	125	174	206	0.092567	0.135967	0.123003	0.066499	0.019304	0.088965	0.123607	0.050352	0.173083	0.126652	
0.010521	2	24	35	40	45	68	96	125	174	206	0.091450	0.133973	0.123860	0.067241	0.019292	0.089521	0.123645	0.049077	0.174296	0.127644	
0.010549	2	24	35	40	45	68	96	125	174	206	0.090333	0.131979	0.124717	0.067983	0.019280	0.090077	0.123684	0.047801	0.175510	0.128636	
0.010576	2	24	35	40	45	68	96	174	181	206	0.097800	0.144064	0.128532	0.067564	0.017477	0.091749	0.139806	0.174521	0.010001	0.128488	
0.010604	2	24	35	40	45	68	96	174	181	206	0.096395	0.141527	0.129370	0.068326	0.017491	0.092273	0.139428	0.175729	0.010001	0.129461	
0.010631	2	24	35	40	45	68	96	174	181	206	0.094991	0.138991	0.130207	0.069089	0.017505	0.092797	0.139049	0.176937	0.010001	0.130434	
0.010659	2	24	35	40	45	68	96	174	181	206	0.093587	0.136454	0.131044	0.069851	0.017519	0.093321	0.138671	0.178144	0.010001	0.131407	
0.010687	2	24	35	40	45	68	96	174	181	206	0.092183	0.133918	0.131882	0.070613	0.017533	0.093844	0.138293	0.179352	0.010001	0.132380	
0.010714	2	24	35	40	45	68	96	174	181	206	0.090778	0.131382	0.132719	0.071376	0.017547	0.094368	0.137915	0.180560	0.010001	0.133354	
0.010742	2	24	35	40	45	68	96	174	181	206	0.089374	0.128845	0.133557	0.072138	0.017561	0.094892	0.137537	0.181768	0.010001	0.134327	
0.010769	2	24	35	40	45	68	96	174	181	206	0.087970	0.126309	0.134394	0.072901	0.017575	0.095416	0.137159	0.182975	0.010001	0.135300	
0.010797	2	24	35	40	45	68	96	174	181	206	0.086565	0.123772	0.135232	0.073663	0.017589	0.095940	0.136781	0.184183	0.010001	0.136273	
0.010824	2	24	35	40	45	68	96	174	181	206	0.085161	0.121236	0.136069	0.074426	0.017603	0.096464	0.136403	0.185391	0.010001	0.137247	
0.010852	2	24	35	40	45	68	96	174	181	206	0.083757	0.118699	0.136907	0.075188	0.017617	0.096988	0.136025	0.186599	0.010001	0.138220	
0.010879	2	24	35	40	45	68	96	174	181	206	0.082352	0.116163	0.137744	0.075951	0.017631	0.097512	0.135646	0.187807	0.010001	0.139193	
0.010907	2	24	35	40	45	68	96	174	181	206	0.080948	0.113627	0.138582	0.076713	0.017645	0.098036	0.135268	0.189014	0.010001	0.140166	
0.010935	2	24	35	40	45	68	96	174	181	206	0.079544	0.111090	0.139419	0.077475	0.017659	0.098560	0.134890	0.190222	0.010001	0.141140	
0.010962	2	24	35	40	45	68	96	174	181	206	0.078140	0.108554	0.140257	0.078238	0.017673	0.099084	0.134512	0.191430	0.010001	0.142113	
0.010990	2	24	35	40	45	68	96	174	181	206	0.076735	0.106017	0.141094	0.079000	0.017687	0.099608	0.134134	0.192638	0.010001	0.143086	
0.011017	2	24	35	40	45	68	96	174	181	206	0.075331	0.103481	0.141932	0.079763	0.017701	0.100132	0.133756	0.193845	0.010001	0.144059	
0.011045	2	24	35	40	45	68	96	174	181	206	0.073927	0.100944	0.142769	0.080525	0.017715	0.100655	0.133378	0.195053	0.010001	0.145032	
0.011072	2	24	35	40	45	68	96	174	181	206	0.072522	0.098408	0.143607	0.081288	0.017729	0.101179	0.133000	0.196261	0.010001	0.146006	
0.011100	2	24	35	40	45	68	96	174	181	206	0.071118	0.095871	0.144444	0.082050	0.017743	0.101703	0.132621	0.197469	0.010001	0.146979	
0.011127	2	24	35	40	45	68	96	174	181	206	0.069714	0.093335	0.145282	0.082813	0.017757	0.102227	0.132243	0.198676	0.010001	0.147952	
0.011155	2	24	35	40	45	68	96	174	181	206	0.068309	0.090799	0.146119	0.083575	0.017771	0.102751	0.131865	0.199884	0.010001	0.148925	
0.011182	2	24	35	40	45	68	96	174	181	206	0.066905	0.088262	0.146957	0.084337	0.017785	0.103275	0.131487	0.201092	0.010001	0.149899	
0.011210	2	24	35	40	45	68	96	174	181	206	0.065501	0.085726	0.147794	0.085100	0.017799	0.103799	0.131109	0.202300	0.010001	0.150872	
0.011238	2	24	35	40	45	68	96	174	181	206	0.064097	0.083189	0.148632	0.085862	0.017813	0.104323	0.130731	0.203507	0.010001	0.151845	
0.011265	2	24	35	40	45	68	96	174	181	206	0.062692	0.080653	0.149469	0.086625	0.017827	0.104847	0.130353	0.204715	0.010001	0.152818	
0.011293	2	24	35	40	45	68	96	174	181	206	0.061288	0.078116	0.150307	0.087387	0.017841	0.105371	0.129975	0.205923	0.010001	0.153792	
0.011320	2	24	35	40	45	68	96	174	181	206	0.059884	0.075580	0.151144	0.088150	0.017855	0.105895	0.129596	0.207131	0.010001	0.154765	
0.011348	2	24	35	40	45	68	96	174	181	206	0.058479	0.073044	0.151982	0.088912	0.017869	0.106419	0.129218	0.208339	0.010001	0.155738	
0.011375	2	24	35	40	45	68	96	174	181	206	0.057075	0.070507	0.152819	0.089675	0.017883	0.106943	0.128840	0.209546	0.010001	0.156711	
0.011403	2	24	35	40	45	68	96	174	181	206	0.055671	0.067971	0.153657	0.090437	0.017897	0.107467	0.128462	0.210754	0.010001	0.157684	
0.011430	2	24	35	40	45	68	96	174	181	206	0.054267	0.065434	0.154494	0.091199	0.017911	0.107990	0.128084	0.211962	0.010001	0.158658	
0.011458	2	24	35	40	45	68	96	174	181	206	0.052862	0.062898	0.155332	0.091962	0.017925	0.108514	0.127705	0.213169	0.010001	0.159631	
0.011486	2	24	35	40	45	68	96	174	181	206	0.051458	0.060361	0.156169	0.092724	0.017939	0.109038	0.127327	0.214377	0.010001	0.160604	
0.011513	2	24	35	40	45	68	96	174	181	206	0.050054	0.057825	0.157007	0.093487	0.017953	0.109562	0.126949	0.215585	0.010001	0.161577	
0.011541	2	24	35	40	45	68	96	174	181	206	0.048649	0.055288	0.157844	0.094249	0.017968	0.110086	0.126571	0.216793	0.010001	0.162551	
0.011568	2	24	35	40	45	68	96	174	181	206	0.047245	0.052752	0.158682	0.095012	0.017982	0.110610	0.126192	0.218000	0.010001	0.163524	
0.011596	2	24	35	40	45	68	96	174	181	206	0.045841	0.050215	0.159519	0.095774	0.017996	0.111134	0.125814	0.219208	0.010001	0.164497	
0.011623	2	24	35	40	45	68	96	174	181	206	0.044437	0.047679	0.160357	0.096537	0.018010	0.111658	0.125436	0.220416	0.010001	0.165470	
0.011651	2	24	35	40	45	68	96	174	181	206	0.043032	0.045142	0.161194	0.097299	0.018024	0.112182	0.125057	0.221624	0.010002	0.166443	
0.011678	24	35	40	45	68	96	174	181	187	206	0.047354	0.163989	0.095293	0.019051	0.112440	0.133270	0.215467	0.010001	0.037970	0.165165	
0.011706	2	35	40	45	68	96	174	181	187	206	0.052566	0.167351	0.095025	0.017775	0.109441	0.131136	0.213636	0.010001	0.044130	0.158938	
0.011733	2	35	40	45	68	96	174	181	187	206	0.049656	0.167957	0.096044	0.017770	0.109917	0.129645	0.215315	0.010001	0.043272	0.160423	
0.011761	2	35	40	45	68	96	174	181	187	206	0.046745	0.168563	0.097063	0.017764	0.110393	0.128154	0.216994	0.010001	0.042414	0.161909	
0.011789	2	35	40	45	68	96	174	181	187	206	0.043835	0.169169	0.098082	0.017759	0.110869	0.126663	0.218674	0.010001	0.041555	0.163394	
0.011816	2	35	40	45	68	96	174	181	187	206	0.040924	0.169775	0.099101	0.017753	0.111346	0.125171	0.220353	0.010001	0.040697	0.164879	
0.011844	2	35	40	45	68	96	174	181	187	206	0.038014	0.170380	0.100119	0.017748	0.111822	0.123680	0.222032	0.010001	0.039839	0.166364	
0.011871	2	35	40	45	68	96	174	181	187	206	0.035104	0.170986	0.101138	0.017743	0.112298	0.122188	0.223711	0.010001	0.038981	0.167850	
0.011899	2	35	40	45	68	96	174	181	187	206	0.032194	0.171592	0.102157	0.017737	0.112774	0.120697	0.225391	0.010001	0.038123	0.169335	
0.011926	2	35	40	45	68	96	174	181	187	206	0.029284	0.172198	0.103176	0.017732	0.113250	0.119205	0.227070	0.010001	0.037265	0.170820	
0.011954	2	35	40	45	68	96	174	181	187	206	0.026375	0.172803	0.104195	0.017727	0.113726	0.117711	0.228749	0.010001	0.036406	0.172306	
0.011981	2	35	40	45	68	96	174	181	187	206	0.023467	0.173409	0.105214	0.017722	0.114202	0.116217	0.230429	0.010002	0.035548	0.173791	
0.012009	2	35	40	45	68	96	174	181	187	206	0.020551	0.174015	0.106232	0.017714	0.114679	0.114735	0.232108	0.010000	0.034690	0.175276	
0.012037	2	35	40	45	68	96	174	181	187	206	0.017640	0.174621	0.107251	0.017708	0.115155	0.113244	0.233787	0.010000	0.033832	0.176761	
0.012064	2	35	40	45	68	96	174	181	187	206	0.014731	0.175227	0.108270	0.017703	0.115631	0.111751	0.235467	0.010000	0.032973	0.178247	
0.012092	2	35	40	45	68	96	174	181	187	206	0.011890	0.175829	0.109297	0.017694	0.116097	0.110207	0.237159	0.010000	0.032091	0.179737	
0.012119	2	35	40	45	68	96	174	181	187	206	0.010203	0.176364	0.110471	0.017616	0.116385	0.107779	0.239076	0.010000	0.030800	0.181305	
0.012147	2	35	40	45	68	96	174	181	187	206	0.010008	0.176814	0.111833	0.017452	0.116443	0.104210	0.241282	0.010000	0.028983	0.182975	
0.012174	35	40	45	68	96	174	181	187	206		0.177827	0.111954	0.017863	0.118011	0.108149	0.241584	0.010001	0.030633	0.183978	
0.012202	35	40	45	68	96	174	181	187	206		0.178266	0.113341	0.017687	0.118039	0.104430	0.243828	0.010001	0.028747	0.185661	
0.012229	35	40	45	68	96	174	181	187	206		0.178704	0.114727	0.017512	0.118068	0.100710	0.246072	0.010001	0.026862	0.187344	
0.012257	35	40	45	68	96	174	181	187	206		0.179142	0.116114	0.017336	0.118096	0.096990	0.248316	0.010001	0.024977	0.189028	
0.012285	35	40	45	68	96	174	181	187	206		0.179581	0.117501	0.017161	0.118124	0.093270	0.250560	0.010001	0.023092	0.190711	
0.012312	35	40	45	68	96	174	181	187	206		0.180019	0.118887	0.016985	0.118152	0.089549	0.252804	0.010001	0.021208	0.192395	
0.012340	35	40	45	68	96	174	181	187	206		0.180457	0.120274	0.016810	0.118179	0.085827	0.255048	0.010001	0.019326	0.194078	
0.012367	35	40	45	68	96	174	181	187	206		0.180896	0.121661	0.016634	0.118204	0.082097	0.257292	0.010001	0.017453	0.195761	
0.012395	35	40	45	68	96	174	181	187	206		0.181335	0.123047	0.016454	0.118238	0.078401	0.259538	0.010000	0.015543	0.197445	
0.012422	35	40	45	68	96	174	181	187	206		0.181773	0.124434	0.016278	0.118266	0.074681	0.261782	0.010000	0.013659	0.199128	
0.012450	35	40	45	68	96	174	181	187	206		0.182212	0.125823	0.016100	0.118285	0.070932	0.264025	0.010000	0.011813	0.200811	
0.012477	35	40	45	68	96	174	181	187	206		0.182653	0.127242	0.015900	0.118191	0.066834	0.266255	0.010000	0.010442	0.202483	
0.012505	35	40	45	68	96	174	181	187	206		0.183101	0.128725	0.015653	0.117862	0.062011	0.268458	0.010000	0.010057	0.204133	
0.012532	35	40	45	68	96	174	181	187	206		0.183550	0.130229	0.015390	0.117452	0.056936	0.270651	0.010000	0.010014	0.205776	
0.012560	35	40	45	68	96	174	181	206			0.183938	0.131095	0.015603	0.119412	0.059193	0.273119	0.010001	0.207638	
0.012588	35	40	45	68	96	174	181	206			0.184388	0.132602	0.015338	0.118992	0.054086	0.275311	0.010001	0.209280	
0.012615	35	40	45	68	96	174	181	206			0.184837	0.134109	0.015075	0.118572	0.048979	0.277504	0.010001	0.210923	
0.012643	35	40	45	68	96	174	206				0.183847	0.134549	0.016174	0.120031	0.052317	0.280124	0.212957	
0.012670	35	40	45	68	96	174	206				0.184297	0.136056	0.015910	0.119611	0.047211	0.282317	0.214599	
0.012698	35	40	45	68	96	174	206				0.184747	0.137563	0.015645	0.119191	0.042104	0.284509	0.216241	
0.012725	35	40	45	68	96	174	206				0.185196	0.139070	0.015381	0.118771	0.036997	0.286701	0.217884	
0.012753	35	40	45	68	96	174	206				0.185646	0.140578	0.015117	0.118350	0.031891	0.288893	0.219526	
0.012780	35	40	45	68	96	174	206				0.186095	0.142085	0.014854	0.117929	0.026784	0.291084	0.221169	
0.012808	35	40	45	68	96	174	206				0.186543	0.143593	0.014590	0.117507	0.021679	0.293276	0.222812	
0.012836	35	40	45	68	96	174	206				0.186998	0.145100	0.014313	0.117091	0.016577	0.295470	0.224450	
0.012863	35	40	45	68	96	174	206				0.187434	0.146620	0.014035	0.116640	0.011511	0.297652	0.226108	
0.012891	35	40	45	68	96	174	206				0.186619	0.149196	0.012605	0.113503	0.010006	0.298978	0.229093	
0.012918	35	40	45	68	174	206					0.188789	0.149249	0.013926	0.116780	0.302349	0.228907	
0.012946	35	40	45	68	174	206					0.187445	0.152272	0.012011	0.112505	0.303312	0.232455	
0.012973	35	40	45	68	174	206					0.185953	0.155313	0.010346	0.108054	0.304217	0.236118	
0.013001	35	40	45	68	174	206					0.183682	0.158441	0.010007	0.102666	0.304815	0.240389	
0.013028	35	40	45	68	174	206					0.181215	0.161592	0.010002	0.097042	0.305336	0.244814	
0.013056	35	40	68	174	206						0.184624	0.164079	0.098476	0.308169	0.244652	
0.013083	35	40	68	174	206						0.182153	0.167230	0.092849	0.308688	0.249079	
0.013111	35	40	68	174	206						0.179683	0.170381	0.087222	0.309208	0.253506	
0.013139	35	40	68	174	206						0.177213	0.173531	0.081595	0.309728	0.257932	
0.013166	35	40	68	174	206						0.174742	0.176682	0.075968	0.310248	0.262359	
0.013194	35	40	68	174	206						0.172272	0.179833	0.070341	0.310768	0.266786	
0.013221	35	40	68	174	206						0.169801	0.182984	0.064714	0.311288	0.271212	
0.013249	35	40	68	174	206						0.167331	0.186135	0.059087	0.311808	0.275639	
0.013276	35	40	68	174	206						0.164861	0.189286	0.053460	0.312327	0.280066	
0.013304	35	40	68	174	206						0.162390	0.192437	0.047834	0.312847	0.284492	
0.013331	35	40	68	174	206						0.159920	0.195588	0.042207	0.313367	0.288919	
0.013359	35	40	68	174	206						0.157449	0.198739	0.036580	0.313887	0.293346	
0.013387	35	40	68	174	206						0.154979	0.201889	0.030953	0.314406	0.297772	
0.013414	35	40	68	174	206						0.152508	0.205040	0.025327	0.314926	0.302199	
0.013442	35	40	68	174	206						0.150036	0.208192	0.019702	0.315445	0.306626	
0.013469	35	40	68	174	206						0.147556	0.211345	0.014087	0.315958	0.311054	
0.013497	35	40	68	174	206						0.143728	0.214828	0.010147	0.315595	0.315702	
0.013524	35	40	174	206							0.144895	0.217089	0.318481	0.319535	
0.013552	35	40	174	206							0.137897	0.221348	0.316055	0.324701	
0.013579	35	40	174	206							0.130898	0.225606	0.313629	0.329867	
0.013607	35	40	174	206							0.123899	0.229864	0.311203	0.335033	
0.013635	35	40	174	206							0.116901	0.234123	0.308777	0.340199	
0.013662	35	40	174	206							0.109902	0.238381	0.306352	0.345365	
0.013690	35	40	174	206							0.102904	0.242639	0.303926	0.350531	
0.013717	35	40	174	206							0.095905	0.246898	0.301500	0.355697	
0.013745	35	40	174	206							0.088907	0.251156	0.299074	0.360863	
0.013772	35	40	174	206							0.081909	0.255415	0.296648	0.366029	
0.013800	35	40	174	206							0.074910	0.259673	0.294222	0.371195	
0.013827	35	40	174	206							0.067912	0.263931	0.291796	0.376360	
0.013855	35	40	174	206							0.060914	0.268190	0.289370	0.381526	
0.013882	35	40	174	206							0.053916	0.272448	0.286944	0.386692	
0.013910	35	40	174	206							0.046918	0.276707	0.284517	0.391858	
0.013938	35	40	174	206							0.039921	0.280965	0.282090	0.397023	
0.013965	35	40	174	206							0.032924	0.285224	0.279663	0.402189	
0.013993	35	40	174	206							0.025930	0.289483	0.277233	0.407354	
0.014020	35	40	174	206							0.018923	0.293740	0.274815	0.412522	
0.014048	35	40	174	206							0.011946	0.298002	0.272369	0.417682	
0.014075	40	174	206								0.301444	0.274380	0.424176	
0.014103	40	174	206								0.306857	0.265679	0.427463	
0.014130	40	174	206								0.312270	0.256979	0.430751	
0.014158	40	174	206								0.317683	0.248279	0.434038	
0.014186	40	174	206								0.323097	0.239578	0.437325	
0.014213	40	174	206								0.328510	0.230878	0.440612	
0.014241	40	174	206								0.333923	0.222178	0.443899	
0.014268	40	174	206								0.339336	0.213478	0.447187	
0.014296	40	174	206								0.344749	0.204777	0.450474	
0.014323	40	174	206								0.350162	0.196077	0.453761	
0.014351	40	174	206								0.355575	0.187377	0.457048	
0.014378	40	174	206								0.360988	0.178676	0.460335	
0.014406	40	174	206								0.366401	0.169976	0.463623	
0.014434	40	174	206								0.371814	0.161276	0.466910	
0.014461	40	174	206								0.377227	0.152576	0.470197	
0.014489	40	174	206								0.382641	0.143875	0.473484	
0.014516	40	174	206								0.388054	0.135175	0.476771	
0.014544	40	174	206								0.393467	0.126475	0.480058	
0.014571	40	174	206								0.398880	0.117775	0.483345	
0.014599	40	174	206								0.404293	0.109074	0.486633	
0.014626	40	174	206								0.409706	0.100374	0.489920	
0.014654	40	174	206								0.415119	0.091674	0.493207	
0.014681	40	174	206								0.420532	0.082974	0.496494	
0.014709	40	174	206								0.425946	0.074274	0.499781	
0.014737	40	174	206								0.431359	0.065574	0.503068	
0.014764	40	174	206								0.436772	0.056874	0.506354	
0.014792	40	174	206								0.442185	0.048174	0.509641	
0.014819	40	174	206								0.447599	0.039474	0.512927	
0.014847	40	174	206								0.453012	0.030776	0.516212	
0.014874	40	174	206								0.458427	0.022079	0.519494	
0.014902	40	174	206								0.463839	0.013376	0.522785	
0.014929	40	206									0.467370	0.532630	
0.014957	40	206									0.476285	0.523715	
0.014985	40	206									0.485199	0.514801	
0.015012	40	206									0.494113	0.505887	
0.015040	40	206									0.503027	0.496973	
0.015067	40	206									0.511942	0.488058	
0.015095	40	206									0.520856	0.479144	
0.015122	40	206									0.529770	0.470230	
0.015150	40	206									0.538685	0.461315	
0.015177	40	206									0.547599	0.452401	
0.015205	40	206									0.556513	0.443487	
0.015232	40	206									0.565427	0.434573	
0.015260	40	206									0.574342	0.425658	
0.015288	40	206									0.583256	0.416744	
0.015315	40	206									0.592170	0.407830	
0.015343	40	206									0.601084	0.398916	
0.015370	40	206									0.609999	0.390001	
0.015398	40	206									0.618913	0.381087	
0.015425	40	206									0.627827	0.372173	
0.015453	40	206									0.636742	0.363258	
0.015480	40	206									0.645656	0.354344	
0.015508	40	206									0.654570	0.345430	
0.015536	40	206									0.663484	0.336516	
0.015563	40	206									0.672399	0.327601	
0.015591	40	206									0.681313	0.318687	
0.015618	40	206									0.690227	0.309773	
0.015646	40	206									0.699142	0.300858	
0.015673	40	206									0.708056	0.291944	
0.015701	40	206									0.716970	0.283030	
0.015728	40	206									0.725884	0.274116	
0.015756	40	206									0.734799	0.265201	
0.015784	40	206									0.743713	0.256287	
0.015811	40	206									0.752627	0.247373	
0.015839	40	206									0.761541	0.238459	
0.015866	40	206									0.770456	0.229544	
0.015894	40	206									0.779370	0.220630	
0.015921	40	206									0.788284	0.211716	
0.015949	40	206									0.797199	0.202801	
0.015976	40	206									0.806113	0.193887	
0.016004	40	206									0.815027	0.184973	
0.016031	40	206									0.823941	0.176059	
0.016059	40	206									0.832856	0.167144	
0.016087	40	206									0.841770	0.158230	
0.016114	40	206									0.850684	0.149316	
0.016142	40	206									0.859599	0.140401	
0.016169	40	206									0.868513	0.131487	
0.016197	40	206									0.877427	0.122573	
0.016224	40	206									0.886341	0.113659	
0.016252	40	206									0.895256	0.104744	
0.016279	40	206									0.904170	0.095830	
0.016307	40	206									0.913084	0.086916	
0.016335	40	206									0.921998	0.078002	
0.016362	40	206									0.930913	0.069087	
0.016390	40	206									0.939827	0.060173	
0.016417	40	206									0.948741	0.051259	
0.016445	40	206									0.957656	0.042344	
0.016472	40	206									0.966570	0.033430	
0.016500	40	206									0.975484	0.024516	
0.016527	40	206									0.984398	0.015602	
0.016555											
