0.009794	0.0028352	0.0028352	0.0028352	0.0028352	0.0028352	0.0028352	0.0028352	0.0028352	0.0028352	0.002835243009
0.0097786095	0.0027328	0.0027328	0.0027328	0.0027328	0.0027328	0.0027328	0.0027328	0.0027328	0.0027328	0.002748272391
0.009763219	0.0026487	0.0026487	0.0026487	0.0026487	0.0026487	0.0026487	0.0026487	0.0026487	0.0026487	0.002663388184
0.0097478285	0.0025666	0.0025666	0.0025666	0.0025666	0.0025666	0.0025666	0.0025666	0.0025666	0.0025666	0.002580596712
0.0097324381	0.0024866	0.0024866	0.0024866	0.0024866	0.0024866	0.0024866	0.0024866	0.0024866	0.0024866	0.002499896336
0.0097170485	0.0024087	0.0024087	0.0024087	0.0024087	0.0024087	0.0024087	0.0024087	0.0024087	0.0024087	0.002421290526
0.009701658	0.0023329	0.0023329	0.0023329	0.0023329	0.0023329	0.0023329	0.0023329	0.0023329	0.0023329	0.00234477064
0.0096862675	0.0022591	0.0022591	0.0022591	0.0022591	0.0022591	0.0022591	0.0022591	0.0022591	0.0022591	0.002270341245
0.009670877	0.0021874	0.0021874	0.0021874	0.0021874	0.0021874	0.0021874	0.0021874	0.0021874	0.0021874	0.002198002927
0.0096554866	0.0021177	0.0021177	0.0021177	0.0021177	0.0021177	0.0021177	0.0021177	0.0021177	0.0021177	0.002127755031
0.009640096	0.0020502	0.0020502	0.0020502	0.0020502	0.0020502	0.0020502	0.0020502	0.0020502	0.0020502	0.002059597345
0.0096247056	0.0019847	0.0019847	0.0019847	0.0019847	0.0019847	0.0019847	0.0019847	0.0019847	0.0019847	0.001993530866
0.0096093151	0.0019213	0.0019213	0.0019213	0.0019213	0.0019213	0.0019213	0.0019213	0.0019213	0.0019213	0.001929554502
0.0095939246	0.0018599	0.0018599	0.0018599	0.0018599	0.0018599	0.0018599	0.0018599	0.0018599	0.0018599	0.001867668722
0.009578535	0.0018007	0.0018007	0.0018007	0.0018007	0.0018007	0.0018007	0.0018007	0.0018007	0.0018007	0.001807876948
0.0095631446	0.0017435	0.0017435	0.0017435	0.0017435	0.0017435	0.0017435	0.0017435	0.0017435	0.0017435	0.001750172672
0.0095477541	0.0016883	0.0016883	0.0016883	0.0016883	0.0016883	0.0016883	0.0016883	0.0016883	0.0016883	0.001694558603
0.0095323636	0.0016353	0.0016353	0.0016353	0.0016353	0.0016353	0.0016353	0.0016353	0.0016353	0.0016353	0.00164103523
0.0095169731	0.0015843	0.0015843	0.0015843	0.0015843	0.0015843	0.0015843	0.0015843	0.0015843	0.0015843	0.001589602499
0.0095015826	0.0015354	0.0015354	0.0015354	0.0015354	0.0015354	0.0015354	0.0015354	0.0015354	0.0015354	0.00154026029
0.0094861921	0.0014885	0.0014885	0.0014885	0.0014885	0.0014885	0.0014885	0.0014885	0.0014885	0.0014885	0.001493008493
0.0094708016	0.0014438	0.0014438	0.0014438	0.0014438	0.0014438	0.0014438	0.0014438	0.0014438	0.0014438	0.001447847277
0.0094554111	0.0014011	0.0014011	0.0014011	0.0014011	0.0014011	0.0014011	0.0014011	0.0014011	0.0014011	0.001404776815
0.0094400216	0.0013605	0.0013605	0.0013605	0.0013605	0.0013605	0.0013605	0.0013605	0.0013605	0.0013605	0.001363799548
0.0094246311	0.0013219	0.0013219	0.0013219	0.0013219	0.0013219	0.0013219	0.0013219	0.0013219	0.0013219	0.001324910151
0.0094092406	0.0012854	0.0012854	0.0012854	0.0012854	0.0012854	0.0012854	0.0012854	0.0012854	0.0012854	0.001288111352
0.0093938501	0.001251	0.001251	0.001251	0.001251	0.001251	0.001251	0.001251	0.001251	0.001251	0.001253403151
0.0093784597	0.0012187	0.0012187	0.0012187	0.0012187	0.0012187	0.0012187	0.0012187	0.0012187	0.0012187	0.001220785753
0.0093630691	0.0011884	0.0011884	0.0011884	0.0011884	0.0011884	0.0011884	0.0011884	0.0011884	0.0011884	0.001190258542
0.0093476786	0.0011603	0.0011603	0.0011603	0.0011603	0.0011603	0.0011603	0.0011603	0.0011603	0.0011603	0.001161822135
0.0093322882	0.0011341	0.0011341	0.0011341	0.0011341	0.0011341	0.0011341	0.0011341	0.0011341	0.0011341	0.001135482141
0.0093168977	0.0011101	0.0011101	0.0011101	0.0011101	0.0011101	0.0011101	0.0011101	0.0011101	0.0011101	0.00111122616
0.0093015081	0.0010881	0.0010881	0.0010881	0.0010881	0.0010881	0.0010881	0.0010881	0.0010881	0.0010881	0.00108906192
0.0092861176	0.0010682	0.0010682	0.0010682	0.0010682	0.0010682	0.0010682	0.0010682	0.0010682	0.0010682	0.001068986851
0.0092707272	0.0010504	0.0010504	0.0010504	0.0010504	0.0010504	0.0010504	0.0010504	0.0010504	0.0010504	0.001051002858
0.0092553359	0.0010346	0.0010346	0.0010346	0.0010346	0.0010346	0.0010346	0.0010346	0.0010346	0.0010346	0.001034969626
0.0092399435	0.001021	0.0010191	0.0010191	0.0010191	0.0010191	0.0010191	0.0010191	0.0010191	0.0010191	0.001019597254
0.009224551	0.0010094	0.0010041	0.0010041	0.0010041	0.0010041	0.0010041	0.0010041	0.0010041	0.0010041	0.001004565552
0.0092091585	0.00099981	0.00098942	0.00098942	0.00098942	0.00098942	0.00098942	0.00098942	0.00098942	0.00098942	0.0009898697246
0.0091937662	0.00099235	0.00097509	0.00097509	0.00097509	0.00097509	0.00097509	0.00097509	0.00097509	0.00097509	0.0009755177516
0.0091783737	0.00098696	0.00096109	0.00096109	0.00096109	0.00096109	0.00096109	0.00096109	0.00096109	0.00096109	0.0009615021628
0.0091629813	0.00098364	0.00094744	0.00094744	0.00094744	0.00094744	0.00094744	0.00094744	0.00094744	0.00094744	0.0009478221029
0.0091475898	0.00098239	0.00093412	0.00093412	0.00093412	0.00093412	0.00093412	0.00093412	0.00093412	0.00093412	0.0009344854401
0.0091321973	0.00098322	0.00092114	0.00092114	0.00092114	0.00092114	0.00092114	0.00092114	0.00092114	0.00092114	0.0009214870506
0.0091168049	0.00098612	0.0009085	0.0009085	0.0009085	0.0009085	0.0009085	0.0009085	0.0009085	0.0009085	0.0009088278898
0.0091014124	0.00099109	0.0008962	0.0008962	0.0008962	0.0008962	0.0008962	0.0008962	0.0008962	0.0008962	0.0008965077952
0.00908602	0.00099814	0.00088423	0.00088423	0.00088423	0.00088423	0.00088423	0.00088423	0.00088423	0.00088423	0.0008845270773
0.0090706276	0.0010073	0.00087261	0.00087261	0.00087261	0.00087261	0.00087261	0.00087261	0.00087261	0.00087261	0.0008728855406
0.0090552351	0.0010184	0.00086132	0.00086132	0.00086132	0.00086132	0.00086132	0.00086132	0.00086132	0.00086132	0.0008615831049
0.0090398427	0.0010317	0.00085037	0.00085037	0.00085037	0.00085037	0.00085037	0.00085037	0.00085037	0.00085037	0.0008506199207
0.0090244502	0.001047	0.00083976	0.00083976	0.00083976	0.00083976	0.00083976	0.00083976	0.00083976	0.00083976	0.0008399958547
0.0090090587	0.0010645	0.00082949	0.00082949	0.00082949	0.00082949	0.00082949	0.00082949	0.00082949	0.00082949	0.0008297116484
0.0089936662	0.0010839	0.00081956	0.00081956	0.00081956	0.00081956	0.00081956	0.00081956	0.00081956	0.00081956	0.00081976598
0.0089782739	0.0011055	0.00080997	0.00080997	0.00080997	0.00080997	0.00080997	0.00080997	0.00080997	0.00080997	0.0008101596674
0.0089628814	0.0011291	0.00080072	0.00080072	0.00080072	0.00080072	0.00080072	0.00080072	0.00080072	0.00080072	0.0008008924786
0.0089474889	0.0011548	0.0007918	0.0007918	0.0007918	0.0007918	0.0007918	0.0007918	0.0007918	0.0007918	0.0007919645587
0.0089320965	0.0011826	0.00078322	0.00078322	0.00078322	0.00078322	0.00078322	0.00078322	0.00078322	0.00078322	0.0007833759807
0.008916704	0.0012124	0.00077498	0.00077498	0.00077498	0.00077498	0.00077498	0.00077498	0.00077498	0.00077498	0.0007751266519
0.0089013117	0.0012444	0.00076708	0.00076708	0.00076708	0.00076708	0.00076708	0.00076708	0.00076708	0.00076708	0.0007672167528
0.0088859193	0.0012783	0.00075952	0.00075952	0.00075952	0.00075952	0.00075952	0.00075952	0.00075952	0.00075952	0.0007596391257
0.0088705277	0.0013144	0.0007523	0.0007523	0.0007523	0.0007523	0.0007523	0.0007523	0.0007523	0.0007523	0.0007524068599
0.0088551353	0.0013408	0.00074542	0.00074542	0.00074542	0.00074542	0.00074542	0.00074542	0.00074542	0.00074542	0.0007455133716
0.0088397428	0.0013279	0.00073887	0.00073887	0.00073887	0.00073887	0.00073887	0.00073887	0.00073887	0.00073887	0.0007389590053
0.0088243504	0.0013153	0.00073267	0.00073267	0.00073267	0.00073267	0.00073267	0.00073267	0.00073267	0.00073267	0.0007327438473
0.0088089598	0.0013032	0.0007268	0.0007268	0.0007268	0.0007268	0.0007268	0.0007268	0.0007268	0.0007268	0.0007268084567
0.0087935701	0.0012914	0.00072127	0.00072127	0.00072127	0.00072127	0.00072127	0.00072127	0.00072127	0.00072127	0.0007209670791
0.0087781804	0.00128	0.00071608	0.00071514	0.00071514	0.00071514	0.00071514	0.00071514	0.00071514	0.00071514	0.0007152069028
0.0087627909	0.0012689	0.00071123	0.00070946	0.00070946	0.00070946	0.00070946	0.00070946	0.00070946	0.00070946	0.0007095277049
0.0087474012	0.0012583	0.00070672	0.00070386	0.00070386	0.00070386	0.00070386	0.00070386	0.00070386	0.00070386	0.000703929362
0.0087320124	0.001248	0.00070255	0.00069835	0.00069835	0.00069835	0.00069835	0.00069835	0.00069835	0.00069835	0.0006984123374
0.0087166227	0.0012358	0.00069871	0.00069291	0.00069291	0.00069291	0.00069291	0.00069291	0.00069291	0.00069291	0.0006929759838
0.0087012331	0.0012112	0.00069521	0.00068756	0.00068756	0.00068756	0.00068756	0.00068756	0.00068756	0.00068756	0.0006876206263
0.0086858435	0.0011874	0.00069206	0.00068229	0.00068229	0.00068229	0.00068229	0.00068229	0.00068229	0.00068229	0.0006823463431
0.0086704538	0.0011644	0.00068924	0.0006771	0.0006771	0.0006771	0.0006771	0.0006771	0.0006771	0.0006771	0.0006771530161
0.0086550641	0.0011421	0.00068675	0.00067199	0.00067199	0.00067199	0.00067199	0.00067199	0.00067199	0.00067199	0.0006720406847
0.0086396745	0.0011205	0.00068461	0.00066696	0.00066696	0.00066696	0.00066696	0.00066696	0.00066696	0.00066696	0.0006670093835
0.0086242848	0.0010998	0.00068281	0.00066201	0.00066201	0.00066201	0.00066201	0.00066201	0.00066201	0.00066201	0.0006620590481
0.0086088951	0.0010797	0.00068134	0.00065714	0.00065714	0.00065714	0.00065714	0.00065714	0.00065714	0.00065714	0.0006571897186
0.0085935064	0.0010605	0.00068022	0.00065235	0.00065235	0.00065235	0.00065235	0.00065235	0.00065235	0.00065235	0.0006524016838
0.0085781167	0.001042	0.00067943	0.00064765	0.00064765	0.00064765	0.00064765	0.00064765	0.00064765	0.00064765	0.0006476943373
0.008562727	0.0010243	0.00067898	0.00064302	0.00064302	0.00064302	0.00064302	0.00064302	0.00064302	0.00064302	0.000643070868
0.0085473374	0.0010073	0.00067887	0.00063848	0.00063848	0.00063848	0.00063848	0.00063848	0.00063848	0.00063848	0.0006385242292
0.0085319477	0.00099108	0.00067909	0.00063402	0.00063402	0.00063402	0.00063402	0.00063402	0.00063402	0.00063402	0.0006340589013
0.0085165581	0.00097563	0.00067966	0.00062964	0.00062964	0.00062964	0.00062964	0.00062964	0.00062964	0.00062964	0.0006296753304
0.0085011684	0.00096094	0.00068056	0.00062533	0.00062533	0.00062533	0.00062533	0.00062533	0.00062533	0.00062533	0.0006253728539
0.0084857788	0.00094701	0.00068181	0.00062111	0.00062111	0.00062111	0.00062111	0.00062111	0.00062111	0.00062111	0.0006211534635
0.0084703891	0.00093384	0.00068339	0.00061698	0.00061698	0.00061698	0.00061698	0.00061698	0.00061698	0.00061698	0.0006170119649
0.0084550005	0.00092143	0.00068531	0.00061292	0.00061292	0.00061292	0.00061292	0.00061292	0.00061292	0.00061292	0.0006129518953
0.0084396108	0.00090979	0.00068757	0.00060894	0.00060894	0.00060894	0.00060894	0.00060894	0.00060894	0.00060894	0.0006089742652
0.0084242205	0.0008989	0.00069017	0.00060504	0.00060504	0.00060504	0.00060504	0.00060504	0.00060504	0.00060504	0.0006050705594
0.0084088301	0.00088877	0.0006931	0.00060123	0.00060123	0.00060123	0.00060123	0.00060123	0.00060123	0.00060123	0.0006012196217
0.0083934397	0.0008794	0.00069638	0.0005975	0.0005975	0.0005975	0.0005975	0.0005975	0.0005975	0.0005975	0.0005974203094
0.0083780493	0.0008708	0.00069999	0.00059384	0.00059384	0.00059384	0.00059384	0.00059384	0.00059384	0.00059384	0.0005936727006
0.008362659	0.00086295	0.00070394	0.00059027	0.00059027	0.00059027	0.00059027	0.00059027	0.00059027	0.00059027	0.0005899768453
0.0083472685	0.00085587	0.00070823	0.00058678	0.0005863	0.0005863	0.0005863	0.0005863	0.0005863	0.0005863	0.0005863338635
0.0083318781	0.00084955	0.00071089	0.00058337	0.00058271	0.00058271	0.00058271	0.00058271	0.00058271	0.00058271	0.0005827405838
0.0083164887	0.00084398	0.00070823	0.00058004	0.00057917	0.00057917	0.00057917	0.00057917	0.00057917	0.00057917	0.0005791967849
0.0083010984	0.00083918	0.00070564	0.00057679	0.00057568	0.00057568	0.00057568	0.00057568	0.00057568	0.00057568	0.0005757064104
0.0082857079	0.00083514	0.00070314	0.00057362	0.00057224	0.00057224	0.00057224	0.00057224	0.00057224	0.00057224	0.0005722675915
0.0082703175	0.00083186	0.00070073	0.00057054	0.00056886	0.00056886	0.00056886	0.00056886	0.00056886	0.00056886	0.0005688804783
0.008254927	0.00082934	0.00069839	0.00056753	0.00056552	0.00056552	0.00056552	0.00056552	0.00056552	0.00056552	0.0005655450822
0.0082395365	0.00082758	0.00069614	0.00056461	0.00056224	0.00056224	0.00056224	0.00056224	0.00056224	0.00056224	0.0005622601629
0.0082241463	0.00082658	0.00069397	0.00056176	0.000559	0.000559	0.000559	0.000559	0.000559	0.000559	0.0005590256117
0.0082087559	0.00082634	0.00069189	0.000559	0.00055582	0.00055582	0.00055582	0.00055582	0.00055582	0.00055582	0.0005558431526
0.0081933654	0.00082686	0.00068988	0.00055632	0.00055269	0.00055269	0.00055269	0.00055269	0.00055269	0.00055269	0.0005527126778
0.0081779759	0.00082814	0.00068796	0.00055372	0.00054961	0.00054961	0.00054961	0.00054961	0.00054961	0.00054961	0.0005496338105
0.0081625853	0.00083019	0.00068612	0.0005512	0.00054659	0.00054659	0.00054659	0.00054659	0.00054659	0.00054659	0.0005466061257
0.0081471951	0.00083299	0.00068437	0.00054876	0.00054361	0.00054361	0.00054361	0.00054361	0.00054361	0.00054361	0.0005436299431
0.0081318048	0.00083656	0.0006827	0.0005464	0.00054069	0.00054069	0.00054069	0.00054069	0.00054069	0.00054069	0.0005407051799
0.0081164133	0.00084088	0.00068111	0.00054413	0.00053781	0.00053781	0.00053781	0.00053781	0.00053781	0.00053781	0.0005378234757
0.0081010217	0.00084597	0.0006796	0.00054193	0.00053499	0.00053499	0.00053499	0.00053499	0.00053499	0.00053499	0.0005349653593
0.00808563	0.00085181	0.00067817	0.00053981	0.00053222	0.00053222	0.00053222	0.00053222	0.00053222	0.00053222	0.0005321287129
0.0080702382	0.00085842	0.00067683	0.00053778	0.0005295	0.0005295	0.0005295	0.0005295	0.0005295	0.0005295	0.0005293145802
0.0080548464	0.00086579	0.00067557	0.00053583	0.00052684	0.0005265	0.0005265	0.0005265	0.0005265	0.0005265	0.0005265213903
0.0080394548	0.00087392	0.0006744	0.00053396	0.00052422	0.00052373	0.00052373	0.00052373	0.00052373	0.00052373	0.0005237505626
0.008024064	0.00088281	0.0006733	0.00053217	0.00052166	0.00052098	0.00052098	0.00052098	0.00052098	0.00052098	0.0005210016324
0.0080086722	0.00089246	0.00067229	0.00053046	0.00051914	0.00051826	0.00051826	0.00051826	0.00051826	0.00051826	0.000518274312
0.0079932807	0.00090287	0.00067136	0.00052883	0.00051668	0.00051555	0.00051555	0.00051555	0.00051555	0.00051555	0.0005155688753
0.0079778887	0.00091405	0.00067052	0.00052728	0.00051427	0.00051287	0.00051287	0.00051287	0.00051287	0.00051287	0.0005128850309
0.007962497	0.00092598	0.00066975	0.00052581	0.00051191	0.00051021	0.00051021	0.00051021	0.00051021	0.00051021	0.0005102201703
0.0079471054	0.00092753	0.00066907	0.00052443	0.0005096	0.00050756	0.00050756	0.00050756	0.00050756	0.00050756	0.00050757964
0.0079317136	0.00092229	0.00066848	0.00052312	0.00050735	0.00050495	0.00050495	0.00050495	0.00050495	0.00050495	0.0005049608538
0.0079163218	0.00091717	0.00066796	0.0005219	0.00050514	0.00050235	0.00050235	0.00050235	0.00050235	0.00050235	0.0005023663126
0.0079009304	0.00091218	0.00066612	0.00052075	0.00050299	0.00049977	0.00049977	0.00049977	0.00049977	0.00049977	0.0004997886804
0.0078855389	0.00090731	0.00066151	0.00051969	0.00050089	0.00049722	0.00049722	0.00049722	0.00049722	0.00049722	0.0004972321757
0.0078701466	0.00090256	0.00065703	0.00051871	0.00049884	0.00049469	0.00049469	0.00049469	0.00049469	0.00049469	0.0004946896283
0.0078547542	0.00089794	0.00065268	0.00051781	0.00049684	0.00049218	0.00049218	0.00049218	0.00049218	0.00049218	0.0004921624319
0.0078393622	0.00089345	0.00064845	0.00051699	0.00049489	0.00048969	0.00048969	0.00048969	0.00048969	0.00048969	0.0004896502017
0.0078239699	0.00088908	0.00064434	0.00051625	0.000493	0.00048723	0.00048723	0.00048723	0.00048723	0.00048723	0.0004871528391
0.0078085775	0.00088484	0.00064036	0.0005156	0.00049115	0.00048478	0.00048478	0.00048478	0.00048478	0.00048478	0.0004846704173
0.0077931853	0.00088072	0.0006365	0.00051502	0.00048918	0.00048236	0.00048219	0.00048219	0.00048219	0.00048219	0.0004822030402
0.0077777933	0.00087672	0.00063277	0.00051452	0.00048693	0.00047996	0.00047974	0.00047974	0.00047974	0.00047974	0.0004797506736
0.0077624013	0.00087285	0.00062916	0.00051411	0.00048471	0.00047758	0.0004773	0.0004773	0.0004773	0.0004773	0.0004773132857
0.0077470089	0.00086911	0.00062568	0.00051378	0.00048251	0.00047522	0.00047488	0.00047488	0.00047488	0.00047488	0.0004748908105
0.0077316166	0.00086549	0.00062232	0.00051353	0.00048033	0.00047289	0.00047247	0.00047247	0.00047247	0.00047247	0.0004724833159
0.0077162247	0.00086199	0.00061908	0.00051335	0.00047818	0.00047057	0.00047008	0.00047008	0.00047008	0.00047008	0.0004700889467
0.0077008324	0.00085862	0.00061598	0.00051326	0.00047605	0.00046828	0.0004677	0.0004677	0.0004677	0.0004677	0.0004677109094
0.0076854404	0.00085537	0.00061299	0.00051325	0.00047394	0.00046601	0.00046534	0.00046534	0.00046534	0.00046534	0.0004653478345
0.007670048	0.00085225	0.00061013	0.00051333	0.00047185	0.00046376	0.00046299	0.00046299	0.00046299	0.00046299	0.0004629996153
0.0076546557	0.00084926	0.0006074	0.00051323	0.00046979	0.00046154	0.00046065	0.00046065	0.00046065	0.00046065	0.0004606663242
0.0076392638	0.00084639	0.00060479	0.0005112	0.00046776	0.00045933	0.00045834	0.00045834	0.00045834	0.00045834	0.0004583480059
0.0076238715	0.00084364	0.0006023	0.00050918	0.00046574	0.00045715	0.00045603	0.00045603	0.00045603	0.00045603	0.0004560451112
0.0076084786	0.00084102	0.00059994	0.00050719	0.00046375	0.00045499	0.00045374	0.00045374	0.00045374	0.00045374	0.0004537523215
0.007593086	0.00083852	0.00059771	0.00050522	0.00046179	0.00045285	0.00045147	0.00045147	0.00045147	0.00045147	0.0004514741003
0.0075776937	0.00083615	0.00059559	0.00050326	0.00045985	0.00045073	0.00044921	0.00044921	0.00044921	0.00044921	0.0004492077742
0.0075623011	0.0008339	0.00059361	0.00050132	0.00045793	0.00044863	0.00044697	0.00044697	0.00044697	0.00044697	0.0004469552256
0.0075469082	0.00083178	0.00059175	0.00049941	0.00045603	0.00044656	0.00044474	0.00044474	0.00044474	0.00044474	0.0004447146387
0.0075315157	0.00082978	0.00059001	0.00049751	0.00045414	0.00044451	0.00044253	0.00044253	0.00044253	0.00044253	0.0004424874612
0.0075161229	0.00082791	0.0005884	0.00049563	0.00045217	0.00044248	0.00044033	0.00044033	0.00044033	0.00044033	0.0004402731054
0.0075007307	0.00082616	0.00058691	0.00049377	0.00045023	0.00044047	0.00043814	0.00043814	0.00043814	0.00043814	0.0004380716926
0.0074853378	0.00082454	0.00058555	0.00049192	0.00044831	0.00043848	0.00043597	0.00043587	0.00043587	0.00043587	0.000435883029
0.0074699452	0.00082304	0.00058431	0.0004901	0.0004464	0.00043651	0.00043382	0.0004337	0.0004337	0.0004337	0.0004337072523
0.0074545525	0.00082167	0.0005832	0.00048829	0.00044451	0.00043457	0.00043168	0.00043153	0.00043153	0.00043153	0.0004315443049
0.0074391602	0.00082042	0.00058221	0.00048651	0.00044264	0.00043265	0.00042956	0.00042938	0.00042938	0.00042938	0.0004293942581
0.0074237675	0.0008193	0.00058134	0.00048474	0.00044079	0.00043075	0.00042745	0.00042725	0.00042725	0.00042725	0.0004272570025
0.0074083748	0.0008183	0.0005806	0.00048299	0.00043896	0.00042887	0.00042535	0.00042512	0.00042512	0.00042512	0.0004251325966
0.0073929821	0.00081743	0.00057999	0.00048126	0.00043714	0.00042702	0.00042327	0.00042301	0.00042301	0.00042301	0.0004230210424
0.0073775894	0.00081668	0.0005795	0.00047955	0.00043535	0.00042518	0.00042121	0.00042091	0.00042091	0.00042091	0.0004209223417
0.007362197	0.00081606	0.00057913	0.00047785	0.00043357	0.00042337	0.00041916	0.00041883	0.00041883	0.00041883	0.0004188365367
0.0073468046	0.00081556	0.00057889	0.00047618	0.00043182	0.00042158	0.00041712	0.00041675	0.00041675	0.00041675	0.0004167635881
0.0073314119	0.00081518	0.00057878	0.00047452	0.00043008	0.00041981	0.0004151	0.00041469	0.00041469	0.00041469	0.0004147034573
0.0073160189	0.00081493	0.00057879	0.00047289	0.00042836	0.00041806	0.0004131	0.00041265	0.00041265	0.00041265	0.0004126563227
0.0073006266	0.00081481	0.00057892	0.00047127	0.00042666	0.00041633	0.00041111	0.00041061	0.00041061	0.00041061	0.0004106232558
0.0072852346	0.00081481	0.00057918	0.00046967	0.00042497	0.00041463	0.00040913	0.00040859	0.00040859	0.00040859	0.0004085990657
0.0072698424	0.00081494	0.00057888	0.00046809	0.00042331	0.00041293	0.00040717	0.00040658	0.00040658	0.00040658	0.0004065904602
0.0072544501	0.00081519	0.00057683	0.00046653	0.00042166	0.000411	0.00040523	0.00040459	0.00040459	0.00040459	0.0004045894242
0.0072390581	0.00081556	0.00057479	0.00046498	0.00042004	0.00040909	0.0004033	0.0004026	0.0004026	0.0004026	0.0004026014318
0.0072236665	0.00081606	0.00057278	0.00046346	0.00041843	0.0004072	0.00040138	0.00040063	0.00040063	0.00040063	0.0004006245824
0.0072082743	0.00081669	0.00057079	0.00046195	0.00041684	0.00040532	0.00039948	0.00039868	0.00039868	0.00039868	0.0003986587066
0.0071928818	0.00081287	0.00056882	0.00046047	0.00041527	0.00040345	0.0003976	0.00039673	0.00039673	0.00039673	0.0003967042024
0.0071774899	0.00080865	0.00056686	0.000459	0.00041372	0.0004016	0.00039572	0.0003948	0.0003948	0.0003948	0.0003947609376
0.0071620978	0.00080445	0.00056493	0.00045755	0.00041218	0.00039977	0.00039387	0.00039288	0.00039288	0.00039288	0.0003928287429
0.0071467059	0.00080029	0.00056302	0.00045612	0.00041067	0.00039795	0.00039203	0.00039098	0.00039098	0.00039098	0.0003909077086
0.0071313141	0.00079615	0.00056112	0.00045471	0.00040917	0.00039614	0.0003902	0.00038908	0.00038908	0.00038908	0.0003889981068
0.0071159216	0.00079205	0.00055925	0.00045331	0.00040769	0.00039435	0.00038839	0.0003872	0.0003872	0.0003872	0.0003870995292
0.0071005297	0.00078798	0.00055739	0.00045194	0.00040623	0.00039258	0.0003866	0.00038534	0.00038522	0.00038522	0.0003852121332
0.0070851379	0.00078393	0.00055556	0.00045058	0.00040479	0.00039082	0.00038481	0.00038348	0.00038335	0.00038335	0.0003833357025
0.0070697458	0.00077992	0.00055373	0.00044925	0.00040337	0.00038907	0.00038305	0.00038164	0.00038148	0.00038148	0.0003814705721
0.0070543535	0.00077594	0.00055121	0.00044793	0.00040197	0.00038734	0.0003813	0.00037981	0.00037963	0.00037963	0.0003796166041
0.0070389615	0.00077199	0.00054871	0.00044663	0.00040059	0.00038563	0.00037956	0.000378	0.00037779	0.00037779	0.0003777741549
0.0070235692	0.00076807	0.00054624	0.00044535	0.00039922	0.00038393	0.00037784	0.0003762	0.00037596	0.00037596	0.0003759426721
0.0070081776	0.00076418	0.00054379	0.00044409	0.00039787	0.00038224	0.00037613	0.00037441	0.00037415	0.00037415	0.000374121625
0.0069927857	0.00076032	0.00054137	0.00044284	0.00039654	0.00038057	0.00037444	0.00037263	0.00037234	0.00037234	0.0003723125255
0.0069773936	0.00075649	0.00053897	0.00044162	0.00039524	0.00037891	0.00037276	0.00037086	0.00037055	0.00037055	0.0003705128793
0.0069620015	0.00075269	0.0005366	0.00044041	0.00039394	0.00037727	0.0003711	0.00036911	0.00036876	0.00036876	0.0003687241938
0.0069466101	0.00074892	0.00053425	0.00043922	0.00039267	0.00037565	0.00036945	0.00036737	0.00036699	0.00036699	0.0003669459776
0.0069312182	0.00074518	0.00053193	0.00043806	0.00039142	0.00037404	0.00036782	0.00036565	0.00036523	0.00036523	0.0003651782303
0.0069158262	0.00074147	0.00052171	0.00043691	0.00039018	0.00037244	0.0003662	0.00036394	0.00036348	0.00036348	0.0003634206441
0.0069004344	0.00073779	0.00051951	0.00043578	0.00038897	0.00037086	0.0003646	0.00036224	0.00036174	0.00036174	0.0003616734804
0.0068850428	0.00073415	0.00051733	0.00043466	0.00038777	0.0003693	0.00036302	0.00036055	0.00036001	0.00036001	0.0003599333719
0.0068696515	0.00073053	0.00051517	0.00043349	0.00038659	0.00036775	0.00036144	0.00035887	0.0003583	0.0003583	0.0003582027625
0.00685426	0.00072694	0.00051301	0.00043194	0.00038543	0.00036621	0.00035989	0.00035721	0.00035659	0.00035659	0.0003564808961
0.0068388681	0.00072339	0.00051087	0.00043041	0.00038429	0.00036469	0.00035834	0.00035556	0.0003549	0.0003549	0.0003547691286
0.0068234762	0.00071986	0.00050875	0.00042889	0.00038317	0.00036318	0.00035682	0.00035393	0.00035322	0.00035316	0.0003530635365
0.0068080854	0.00071637	0.00050663	0.00042738	0.00038206	0.00036169	0.0003553	0.00035231	0.00035155	0.00035147	0.0003513675611
0.0067926936	0.0007129	0.00050453	0.00042587	0.00038097	0.00036022	0.0003538	0.0003507	0.00034989	0.00034979	0.0003496805566
0.0067773019	0.00070947	0.00050244	0.00042438	0.0003797	0.00035875	0.00035232	0.0003491	0.00034824	0.00034812	0.0003480027518
0.0067619103	0.00070607	0.00050037	0.0004229	0.00037828	0.00035731	0.00035085	0.00034751	0.0003466	0.00034646	0.0003463328376
0.0067465187	0.00070269	0.00049831	0.00042143	0.00037688	0.00035588	0.0003494	0.00034594	0.00034498	0.00034481	0.0003446723011
0.0067311274	0.00069935	0.00049626	0.00041998	0.00037549	0.00035446	0.00034796	0.00034438	0.00034337	0.00034317	0.0003430195337
0.0067157355	0.00069604	0.00049422	0.00041853	0.00037411	0.00035306	0.00034654	0.00034284	0.00034176	0.00034153	0.0003413761401
0.0067003437	0.00069276	0.0004922	0.00041709	0.00037274	0.00035167	0.00034513	0.00034131	0.00034017	0.00033991	0.0003397412128
0.0066849525	0.00068951	0.00049019	0.00041567	0.00037138	0.0003503	0.00034374	0.00033979	0.00033859	0.0003383	0.0003381158373
0.0066695605	0.00068629	0.0004882	0.00041425	0.00037003	0.00034895	0.00034236	0.00033828	0.00033702	0.00033669	0.0003364981625
0.0066541694	0.0006831	0.00048621	0.00041285	0.00036869	0.0003476	0.000341	0.00033678	0.00033546	0.00033509	0.0003348898253
0.0066387777	0.00067994	0.00048424	0.00041146	0.00036737	0.00034628	0.00033965	0.0003353	0.00033392	0.00033351	0.0003332901749
0.0066233861	0.00067681	0.00048229	0.00041007	0.00036605	0.00034497	0.00033831	0.00033383	0.00033238	0.00033193	0.0003316989391
0.0066079943	0.00067371	0.00048034	0.0004087	0.00036475	0.00034367	0.00033699	0.00033238	0.00033086	0.00033036	0.000330116399
0.0065926031	0.00067064	0.00047841	0.00040734	0.00036345	0.00034239	0.00033569	0.00033094	0.00032935	0.0003288	0.0003285429338
0.0065772113	0.0006676	0.0004765	0.00040599	0.00036217	0.00034112	0.0003344	0.0003295	0.00032785	0.00032725	0.0003269779639
0.0065618199	0.00066459	0.00047459	0.00040466	0.0003609	0.00033987	0.00033311	0.00032809	0.00032636	0.0003257	0.0003254215175
0.0065464281	0.00066162	0.0004727	0.00040333	0.00035963	0.00033863	0.0003318	0.00032668	0.00032488	0.00032417	0.0003238731786
0.0065310364	0.00065867	0.00047082	0.00040201	0.00035838	0.00033741	0.0003305	0.00032529	0.00032341	0.00032265	0.0003223356826
0.0065156449	0.00065575	0.00046896	0.00040071	0.00035714	0.0003362	0.00032902	0.00032391	0.00032196	0.00032113	0.0003208041179
0.0065002531	0.00065287	0.00046711	0.00039941	0.00035591	0.00033501	0.00032756	0.00032255	0.00032051	0.00031963	0.0003192818743
0.0064848615	0.00065001	0.00046527	0.00039813	0.0003547	0.00033383	0.0003261	0.00032119	0.00031908	0.00031813	0.0003177695007
0.0064694697	0.00064719	0.00046344	0.00039685	0.00035349	0.00033267	0.00032466	0.00031985	0.00031766	0.00031664	0.0003162645974
0.0064540783	0.00064439	0.00046163	0.00039559	0.00035229	0.00033153	0.00032322	0.00031853	0.00031625	0.00031516	0.0003147688397
0.006438687	0.00064163	0.00045983	0.00039434	0.0003511	0.00033039	0.00032179	0.00031721	0.00031483	0.0003137	0.0003132811036
0.0064232951	0.0006389	0.00045805	0.0003931	0.00034993	0.00032928	0.00032037	0.00031586	0.0003134	0.00031224	0.0003118025928
0.0064079033	0.00063619	0.00045627	0.00039187	0.00034876	0.00032817	0.00031897	0.00031448	0.00031198	0.00031078	0.0003103314964
0.0063925118	0.00063352	0.00045452	0.00039065	0.00034761	0.00032709	0.00031757	0.0003131	0.00031057	0.00030934	0.0003088711403
0.0063771202	0.00063088	0.00045277	0.00038944	0.00034647	0.00032601	0.00031618	0.00031173	0.00030917	0.00030791	0.0003074178888
0.0063617284	0.00062827	0.00045104	0.00038824	0.00034534	0.00032496	0.0003148	0.00031038	0.00030778	0.00030649	0.000305973859
0.0063463369	0.00062569	0.00044932	0.00038706	0.00034421	0.00032369	0.00031344	0.00030903	0.0003064	0.00030507	0.0003045378706
0.006330945	0.00060816	0.00044761	0.00038588	0.0003431	0.00032241	0.00031208	0.00030769	0.00030503	0.00030367	0.0003031109039
0.0063155536	0.00060531	0.00044591	0.00038472	0.000342	0.00032114	0.00031073	0.00030637	0.00030366	0.00030227	0.0003016921472
0.006300162	0.00060248	0.00044423	0.00038356	0.00034092	0.00031988	0.00030939	0.00030505	0.00030231	0.00030088	0.000300282354
0.0062847704	0.00059969	0.00044257	0.00038242	0.00033984	0.00031863	0.00030806	0.00030374	0.00030097	0.00029951	0.0002988808968
0.0062693785	0.00059692	0.00044091	0.00038129	0.00033877	0.00031739	0.00030674	0.00030244	0.00029963	0.00029814	0.0002974883708
0.006253987	0.00059418	0.00043927	0.00038017	0.00033771	0.00031616	0.00030544	0.00030116	0.00029831	0.00029678	0.000296104814
0.0062385957	0.00059147	0.00043764	0.00037905	0.00033667	0.00031494	0.00030414	0.00029988	0.000297	0.00029543	0.0002947311063
0.0062232038	0.00058878	0.00043603	0.00037796	0.00033563	0.00031373	0.00030285	0.00029861	0.00029569	0.00029409	0.0002933641831
0.0062078121	0.00060382	0.00043443	0.00037687	0.00033461	0.00031253	0.00030157	0.00029735	0.00029439	0.00029275	0.0002920010757
0.0061924207	0.00058349	0.00043284	0.00037579	0.0003336	0.00031134	0.0003003	0.0002961	0.00029311	0.00029143	0.0002906539878
0.0061770291	0.00058089	0.00043126	0.00037472	0.00033259	0.00031016	0.00029904	0.00029486	0.00029183	0.00029012	0.0002893107688
0.0061616372	0.00057831	0.0004297	0.00037367	0.0003316	0.000309	0.00029779	0.00029363	0.00029057	0.00028881	0.0002879796477
0.0061462452	0.00057577	0.00042815	0.00037262	0.00033062	0.00030784	0.00029655	0.00029241	0.00028931	0.00028751	0.0002866528523
0.0061308531	0.00057325	0.00042661	0.00037159	0.00032965	0.00030669	0.00029532	0.0002912	0.00028806	0.00028623	0.0002853346003
0.0061154612	0.00057075	0.00042509	0.00037056	0.00032869	0.00030555	0.0002941	0.00029	0.00028682	0.00028495	0.0002840243043
0.0061000698	0.00056829	0.00042358	0.00036955	0.00032774	0.00030442	0.00029288	0.00028881	0.00028559	0.00028368	0.0002827221346
0.0060846776	0.00056585	0.00042208	0.00036855	0.00032681	0.0003033	0.00029168	0.00028763	0.00028437	0.00028242	0.000281426399
0.0060692859	0.00056344	0.0004206	0.00036756	0.00032588	0.0003022	0.00029049	0.00028646	0.00028316	0.00028117	0.0002801376392
0.0060538935	0.00056106	0.00041913	0.00036658	0.00032496	0.0003011	0.00028931	0.0002853	0.00028196	0.00027993	0.0002788568304
0.0060385015	0.0005587	0.00041767	0.00036561	0.00032406	0.00030001	0.00028814	0.00028415	0.00028077	0.0002787	0.0002775828899
0.0060231099	0.00055637	0.00041623	0.00036465	0.00032317	0.00029893	0.00028698	0.00028301	0.00027959	0.00027748	0.0002763190444
0.0060077181	0.00055407	0.0004148	0.0003637	0.00032228	0.00029786	0.00028582	0.00028188	0.00027842	0.00027626	0.0002750617453
0.0059923261	0.0005518	0.00041338	0.00036243	0.00032141	0.00029681	0.00028468	0.00028075	0.00027726	0.00027506	0.0002738110095
0.0059769339	0.00054956	0.00041197	0.00036115	0.00032055	0.00029576	0.00028355	0.00027961	0.00027611	0.00027386	0.0002725663109
0.0059615423	0.00054734	0.00041058	0.00035988	0.0003197	0.00029472	0.00028243	0.00027845	0.00027496	0.00027267	0.0002713295648
0.0059461504	0.00054515	0.0004092	0.00035862	0.00031886	0.00029369	0.00028131	0.0002773	0.00027383	0.0002715	0.0002701012286
0.0059307583	0.00054299	0.00040784	0.00035737	0.00031803	0.00029268	0.00028021	0.00027615	0.00027271	0.00027033	0.000268880198
0.0059153662	0.00054085	0.00040649	0.00035614	0.00031721	0.00029167	0.00027912	0.00027502	0.00027159	0.00026917	0.000267666647
0.0058999743	0.00053874	0.00040515	0.00035492	0.0003164	0.00029067	0.00027804	0.00027389	0.00027049	0.00026802	0.0002664605865
0.0058845825	0.00053667	0.00040382	0.00035372	0.0003156	0.00028969	0.00027696	0.00027277	0.00026939	0.00026688	0.0002652619011
0.0058691903	0.00053461	0.00040251	0.00035252	0.00031482	0.00028871	0.0002759	0.00027167	0.0002683	0.00026575	0.0002640705102
0.0058537985	0.00053259	0.00040121	0.00035134	0.00031404	0.00028774	0.00027484	0.00027056	0.00026723	0.00026462	0.0002628865658
0.0058384063	0.00053059	0.00039992	0.00035018	0.00031328	0.00028679	0.0002738	0.00026945	0.00026616	0.00026351	0.0002617100839
0.005823015	0.00052862	0.00039865	0.00034902	0.00031252	0.00028584	0.00027277	0.00026835	0.0002651	0.00026241	0.0002605411703
0.005807623	0.00052668	0.00039739	0.00034788	0.00031178	0.0002849	0.00027174	0.00026726	0.00026403	0.00026131	0.0002593796644
0.0057922309	0.00052476	0.00039614	0.00034675	0.00031105	0.00028398	0.00027073	0.00026617	0.00026297	0.00026022	0.0002582255586
0.0057768389	0.00052288	0.00039491	0.00034564	0.00031033	0.00028306	0.00026972	0.0002651	0.00026191	0.00025915	0.0002570788587
0.0057614468	0.00052102	0.00039369	0.00034454	0.00030962	0.00028216	0.00026873	0.00026404	0.00026087	0.00025808	0.000255939536
0.0057460552	0.00051919	0.00039248	0.00034345	0.00030892	0.00028126	0.00026774	0.00026298	0.00025984	0.00025702	0.0002548031628
0.0057306629	0.00051738	0.00039128	0.00034237	0.00030823	0.00028038	0.00026677	0.00026194	0.00025882	0.00025597	0.0002536783114
0.005715271	0.0005156	0.0003901	0.00034131	0.00030755	0.0002795	0.0002658	0.0002609	0.00025777	0.00025493	0.000252560844
0.0056998788	0.00051385	0.00038893	0.00034026	0.00030688	0.00027863	0.00026485	0.00025988	0.00025672	0.0002539	0.0002514506399
0.005684487	0.00051213	0.00038778	0.00033922	0.00030623	0.00027778	0.0002639	0.00025886	0.00025568	0.00025288	0.0002503472842
0.0056690948	0.00051044	0.00038664	0.0003382	0.00030558	0.00027693	0.00026296	0.00025785	0.00025464	0.00025186	0.0002492534428
0.0056537025	0.00050877	0.00038551	0.00033719	0.00030495	0.0002761	0.00026204	0.00025685	0.00025362	0.00025086	0.0002481621963
0.0056383105	0.00050713	0.00038439	0.00033619	0.00030432	0.00027527	0.00026112	0.00025586	0.0002526	0.00024986	0.0002470770838
0.0056229183	0.00050552	0.00038329	0.0003352	0.00030371	0.00027446	0.00026021	0.00025488	0.00025159	0.00024888	0.0002459988933
0.0056075266	0.00050394	0.0003822	0.00033423	0.00030311	0.00027365	0.00025932	0.00025391	0.00025059	0.0002479	0.0002449251864
0.0055921343	0.00050238	0.00038112	0.00033327	0.00030251	0.00027286	0.00025843	0.00025295	0.00024961	0.00024693	0.0002438583164
0.0055767418	0.00050085	0.00038006	0.00033233	0.00030193	0.00027208	0.00025755	0.000252	0.00024863	0.00024597	0.0002427976268
0.0055613498	0.00049935	0.00037901	0.00033139	0.00030136	0.0002713	0.00025669	0.00025106	0.00024766	0.00024502	0.0002417428996
0.0055459575	0.00049788	0.00037797	0.00033047	0.0003008	0.00027054	0.00025583	0.00025012	0.0002467	0.00024408	0.0002406945622
0.0055305657	0.00049643	0.00037695	0.00032956	0.00030026	0.00026978	0.00025498	0.0002492	0.00024574	0.00024315	0.000239652542
0.0055151736	0.00049501	0.00037594	0.00032867	0.00029938	0.00026904	0.00025414	0.00024829	0.0002448	0.00024223	0.0002386167559
0.0054997814	0.00049362	0.00037494	0.00032779	0.00029829	0.0002683	0.00025331	0.00024738	0.00024387	0.00024132	0.0002375871334
0.005484389	0.00049225	0.00037396	0.00032692	0.00029721	0.00026758	0.0002525	0.00024648	0.00024294	0.00024041	0.0002365636113
0.0054689976	0.00049092	0.00037298	0.00032607	0.00029614	0.00026687	0.00025169	0.0002456	0.00024203	0.00023952	0.0002355462698
0.0054536049	0.00048961	0.00037203	0.00032522	0.00029509	0.00026616	0.00025089	0.00024472	0.00024112	0.00023863	0.0002345349481
0.0054382128	0.00048833	0.00037108	0.00032439	0.00029404	0.00026547	0.0002501	0.00024385	0.00024023	0.00023776	0.0002335297575
0.0054228207	0.00048707	0.00037015	0.00032358	0.00029301	0.00026479	0.00024932	0.00024299	0.00023934	0.00023689	0.0002325306605
0.0054074284	0.00048585	0.00036923	0.00032278	0.00029199	0.00026411	0.00024855	0.00024214	0.00023846	0.00023603	0.0002315377937
0.0053920367	0.00048465	0.00036832	0.00032199	0.00029099	0.00026345	0.00024779	0.0002413	0.00023759	0.00023518	0.0002305510983
0.0053766441	0.00048348	0.00036743	0.00032121	0.00028999	0.0002628	0.00024704	0.00024047	0.00023673	0.00023428	0.0002295704758
0.0053612525	0.0004819	0.00036655	0.00032044	0.00028901	0.00026215	0.0002463	0.00023965	0.00023588	0.00023338	0.0002285960633
0.00534586	0.00047984	0.00036569	0.00031969	0.00028804	0.00026152	0.00024557	0.00023884	0.00023504	0.0002325	0.0002276277322
0.0053304685	0.00047781	0.00036483	0.00031895	0.00028709	0.0002609	0.00024485	0.00023804	0.00023421	0.00023162	0.0002266655959
0.005315076	0.0004758	0.00036399	0.00031823	0.00028614	0.00026029	0.00024414	0.00023724	0.00023338	0.00023072	0.0002257095299
0.0052996835	0.0004738	0.00036317	0.00031752	0.00028521	0.00025968	0.00024344	0.00023646	0.00023257	0.00022981	0.0002247595955
0.0052842917	0.00047182	0.00036235	0.00031682	0.00028429	0.00025909	0.00024275	0.00023568	0.00023166	0.0002289	0.0002238158155
0.0052688993	0.00046987	0.00036155	0.00031613	0.00028338	0.00025851	0.00024207	0.00023492	0.00023074	0.000228	0.0002228784566
0.0052535077	0.00046793	0.00036076	0.00031546	0.00028248	0.00025794	0.0002414	0.00023416	0.00022983	0.00022711	0.0002219471146
0.0052381154	0.00046601	0.00035999	0.0003148	0.0002816	0.00025737	0.00024074	0.00023332	0.00022892	0.00022623	0.0002210219129
0.005222723	0.00046412	0.00035923	0.00031415	0.00028073	0.00025682	0.00023994	0.00023244	0.00022801	0.00022535	0.0002201028429
0.0052073311	0.00046224	0.00035848	0.00031352	0.00027987	0.00025628	0.00023907	0.00023157	0.00022712	0.00022448	0.0002191899999
0.0051919394	0.00046038	0.00035775	0.00031289	0.00027902	0.00025575	0.00023821	0.00023071	0.00022623	0.00022361	0.0002182833704
0.0051765471	0.00045854	0.00035702	0.00031229	0.00027819	0.00025523	0.00023736	0.00022985	0.00022535	0.00022276	0.0002173829485
0.0051611551	0.00045671	0.00035631	0.00031169	0.00027733	0.00025472	0.00023651	0.000229	0.00022448	0.00022191	0.000216488769
0.0051457627	0.00045491	0.00035562	0.00031111	0.00027648	0.00025422	0.00023567	0.00022816	0.00022361	0.00022106	0.0002156007931
0.0051303708	0.00045313	0.00035494	0.00031054	0.00027563	0.00025372	0.00023483	0.00022732	0.00022275	0.00022022	0.0002147190706
0.005114979	0.00045137	0.00035427	0.00030971	0.0002748	0.00025324	0.00023401	0.00022649	0.0002219	0.00021939	0.0002138435696
0.0050995868	0.00044962	0.00035361	0.00030875	0.00027398	0.00025277	0.00023319	0.00022567	0.00022105	0.00021856	0.0002129741914
0.0050841947	0.0004479	0.00035297	0.0003078	0.00027318	0.00025231	0.00023238	0.00022486	0.00022021	0.0002177	0.00021211113
0.0050688025	0.00044619	0.00035234	0.00030686	0.00027238	0.00025162	0.00023157	0.00022405	0.00021938	0.00021685	0.0002112543469
0.0050534099	0.0004445	0.00035172	0.00030594	0.0002716	0.00025076	0.00023077	0.00022325	0.00021855	0.000216	0.0002104033922
0.0050380182	0.00044284	0.00035112	0.00030503	0.00027084	0.0002499	0.00022998	0.00022245	0.00021773	0.00021516	0.000209558016
0.005022626	0.00044119	0.00035053	0.00030413	0.00027008	0.00024907	0.0002292	0.00022167	0.00021692	0.00021433	0.0002087192115
0.0050072337	0.00043956	0.00034995	0.00030324	0.00026934	0.00024824	0.00022842	0.00022089	0.00021612	0.00021351	0.0002078871727
0.0049918416	0.00043795	0.00034939	0.00030237	0.00026861	0.00024743	0.00022765	0.00022011	0.00021532	0.00021269	0.0002070559713
0.00497645	0.00043636	0.00034884	0.00030151	0.00026778	0.00024663	0.00022688	0.00021935	0.00021453	0.00021188	0.0002062343078
0.0049610578	0.00043479	0.0003483	0.00030065	0.00026691	0.00024584	0.00022613	0.00021859	0.00021374	0.00021107	0.0002054184661
0.0049456654	0.00043324	0.00034777	0.00029982	0.00026605	0.00024507	0.00022538	0.00021784	0.00021297	0.00021027	0.000204608468
0.004930273	0.00043171	0.00034726	0.00029899	0.00026521	0.00024424	0.00022463	0.00021709	0.0002122	0.00020948	0.0002038043245
0.0049148807	0.00043019	0.00034676	0.00029818	0.00026437	0.00024343	0.0002239	0.00021635	0.00021143	0.0002087	0.0002030060408
0.0048994887	0.0004287	0.00034628	0.00029737	0.00026355	0.00024262	0.00022317	0.00021562	0.00021068	0.00020792	0.0002022136269
0.0048840968	0.00042722	0.00034581	0.00029658	0.00026273	0.00024183	0.00022245	0.0002149	0.00020993	0.00020715	0.000201427072
0.0048687046	0.00042577	0.00034535	0.00029581	0.00026193	0.00024102	0.00022173	0.00021418	0.00020918	0.00020639	0.0002006463548
0.0048533123	0.00042433	0.0003449	0.00029504	0.00026113	0.00024001	0.00022103	0.00021345	0.00020845	0.00020563	0.0001998714841
0.0048379205	0.00042292	0.00034447	0.00029429	0.00026035	0.00023901	0.00022032	0.00021272	0.00020772	0.00020488	0.0001991057158
0.0048225286	0.00042152	0.00034354	0.00029354	0.00025958	0.00023802	0.00021963	0.000212	0.000207	0.00020414	0.0001983406262
0.0048071361	0.00042014	0.00034198	0.00029281	0.00025882	0.00023703	0.00021894	0.00021128	0.00020628	0.0002034	0.0001975824425
0.0047917436	0.00041878	0.00034044	0.0002921	0.00025806	0.00023606	0.00021826	0.00021057	0.00020557	0.00020267	0.000196830793
0.0047763515	0.00041744	0.00033891	0.00029139	0.00025732	0.0002351	0.00021759	0.00020986	0.00020487	0.00020195	0.0001960851799
0.0047609596	0.00041612	0.00033741	0.0002907	0.00025659	0.00023414	0.00021692	0.00020917	0.00020418	0.00020124	0.0001953453694
0.0047455673	0.00041482	0.00033593	0.00029002	0.00025587	0.0002332	0.00021627	0.00020847	0.00020349	0.00020053	0.0001946116231
0.0047301751	0.00041354	0.00033446	0.00028935	0.00025516	0.00023226	0.00021561	0.00020779	0.00020281	0.00019983	0.0001938836182
0.0047147831	0.00041228	0.00033302	0.00028861	0.00025446	0.00023133	0.00021497	0.00020711	0.00020214	0.00019913	0.0001931614797
0.0046993915	0.00041103	0.00033159	0.00028758	0.00025377	0.00023042	0.00021433	0.00020644	0.00020147	0.00019844	0.0001924452202
0.0046839987	0.00040981	0.00033018	0.00028656	0.00025309	0.00022951	0.0002137	0.00020578	0.00020081	0.00019776	0.0001917347638
0.0046686066	0.0004086	0.0003288	0.00028556	0.00025243	0.00022861	0.00021308	0.00020512	0.00020016	0.00019709	0.0001910301995
0.0046532146	0.00040742	0.00032743	0.00028458	0.00025177	0.00022772	0.00021246	0.00020448	0.00019951	0.00019642	0.000190331501
0.004637822	0.00040625	0.00032608	0.00028362	0.00025112	0.00022684	0.00021185	0.00020383	0.00019887	0.00019576	0.0001896386382
0.0046224303	0.0004051	0.00032475	0.00028267	0.00025049	0.00022597	0.00021125	0.0002032	0.00019824	0.00019511	0.0001889516789
0.0046070382	0.00040398	0.00032343	0.00028174	0.00024986	0.00022511	0.00021065	0.00020257	0.00019762	0.00019446	0.0001882705659
0.0045916458	0.00040287	0.00032214	0.00028083	0.00024925	0.00022426	0.00021006	0.00020195	0.000197	0.00019382	0.0001875952977
0.0045762537	0.00040178	0.00032087	0.00027994	0.00024864	0.00022342	0.00020948	0.00020133	0.00019639	0.00019319	0.0001869258807
0.0045608614	0.00040071	0.00031961	0.00027907	0.00024805	0.00022258	0.0002089	0.00020073	0.00019578	0.00019256	0.0001862622653
0.0045454697	0.00039966	0.00031838	0.00027821	0.00024746	0.00022176	0.00020833	0.00020013	0.00019519	0.00019194	0.0001856044496
0.0045300769	0.00039863	0.00031716	0.00027737	0.00024689	0.00022095	0.00020777	0.00019953	0.0001946	0.00019133	0.0001849523217
0.0045146849	0.00039761	0.00031596	0.00027655	0.00024633	0.00022014	0.00020722	0.00019894	0.00019401	0.00019072	0.0001843059303
0.0044992924	0.00039662	0.00031478	0.00027575	0.00024577	0.00021935	0.00020667	0.00019836	0.00019343	0.00019012	0.000183665206
0.0044839005	0.00039565	0.00031362	0.00027496	0.00024523	0.00021856	0.00020613	0.00019779	0.00019287	0.00018953	0.0001830301976
0.0044685084	0.00039469	0.00031248	0.0002742	0.0002447	0.00021778	0.0002056	0.00019723	0.0001923	0.00018894	0.0001824008373
0.004453116	0.00039376	0.00031136	0.00027345	0.00024418	0.00021702	0.00020507	0.00019667	0.00019175	0.00018836	0.0001817768779
0.0044377235	0.00039284	0.00031026	0.00027272	0.00024367	0.00021626	0.00020455	0.00019611	0.0001912	0.00018779	0.0001811579342
0.0044223315	0.00039195	0.00030918	0.00027201	0.00024297	0.00021551	0.00020404	0.00019557	0.00019066	0.00018723	0.0001805439064
0.0044069394	0.00039107	0.00030811	0.00027131	0.00024212	0.00021477	0.00020354	0.00019503	0.00019012	0.00018667	0.000179934757
0.0043915471	0.00039021	0.00030707	0.00027063	0.0002413	0.00021404	0.00020304	0.0001945	0.00018959	0.00018612	0.0001793355472
0.0043761546	0.00038937	0.00030604	0.00026986	0.00024048	0.00021332	0.00020255	0.00019397	0.00018907	0.00018557	0.0001787345408
0.0043607626	0.00038855	0.00030503	0.00026893	0.00023969	0.00021261	0.00020206	0.00019346	0.00018856	0.00018504	0.0001781394179
0.0043453707	0.00038775	0.00030405	0.00026786	0.00023891	0.00021191	0.00020158	0.00019295	0.00018805	0.00018451	0.0001775490127
0.0043299785	0.00038697	0.00030308	0.00026682	0.00023809	0.00021122	0.00020111	0.00019244	0.00018755	0.00018398	0.0001769637136
0.0043145864	0.00038621	0.00030213	0.00026579	0.00023721	0.00021054	0.00020065	0.00019194	0.00018705	0.00018346	0.000176382993
0.0042991941	0.00038547	0.0003012	0.00026478	0.00023635	0.00020986	0.00020019	0.00019145	0.00018657	0.00018295	0.0001758066244
0.0042838016	0.00038474	0.00030029	0.00026379	0.00023549	0.0002092	0.00019974	0.00019097	0.00018609	0.00018245	0.0001752346971
0.0042684099	0.00038404	0.00029939	0.00026282	0.00023465	0.00020854	0.0001993	0.00019049	0.00018562	0.00018195	0.0001746672919
0.0042530176	0.00038336	0.00029852	0.00026187	0.00023381	0.0002079	0.00019887	0.00019003	0.00018515	0.00018146	0.0001741045531
0.0042376255	0.00038269	0.00029766	0.00026094	0.00023299	0.00020726	0.00019821	0.00018956	0.00018467	0.00018098	0.0001735481642
0.0042222334	0.00038205	0.00029683	0.00026002	0.000232	0.00020664	0.00019755	0.00018911	0.00018419	0.0001805	0.0001729944798
0.0042068416	0.00038142	0.00029601	0.00025913	0.00023097	0.00020602	0.0001969	0.00018866	0.00018371	0.00017998	0.0001724454721
0.0041914491	0.00038081	0.00029522	0.00025825	0.00022994	0.00020541	0.00019626	0.00018822	0.00018324	0.00017947	0.0001719018685
0.0041760573	0.00038022	0.00029444	0.0002574	0.00022893	0.00020482	0.00019563	0.00018778	0.00018278	0.00017897	0.0001713573401
0.0041606651	0.00037965	0.00029368	0.00025656	0.00022794	0.00020423	0.00019501	0.00018736	0.00018233	0.00017847	0.0001708217006
0.0041452729	0.0003791	0.00029294	0.00025574	0.00022695	0.00020365	0.0001944	0.00018693	0.00018188	0.00017798	0.0001702904058
0.0041298811	0.00037857	0.00029222	0.00025494	0.00022598	0.00020308	0.0001938	0.00018652	0.00018144	0.0001775	0.0001697677327
0.0041144892	0.00037806	0.00029151	0.00025416	0.00022502	0.00020252	0.0001932	0.00018611	0.00018101	0.00017702	0.0001692445983
0.0040990971	0.00037757	0.00029083	0.0002534	0.00022407	0.00020197	0.00019262	0.00018571	0.00018058	0.00017655	0.0001687254276
0.0040837045	0.0003771	0.00029017	0.00025266	0.00022314	0.00020142	0.00019205	0.00018532	0.00018016	0.00017609	0.0001682105196
0.0040683127	0.00037664	0.00028952	0.00025193	0.00022222	0.00020089	0.00019148	0.00018493	0.00017974	0.00017563	0.0001677008462
0.0040529205	0.00037621	0.0002889	0.00025123	0.00022131	0.00020037	0.00019092	0.00018455	0.00017934	0.00017518	0.0001671958258
0.0040375288	0.0003758	0.00028829	0.00025054	0.00022042	0.00019985	0.00019038	0.00018418	0.00017894	0.00017473	0.0001666946246
0.0040221365	0.0003754	0.0002877	0.00024988	0.00021954	0.00019935	0.00018984	0.00018382	0.00017854	0.0001743	0.0001661970377
0.0040067444	0.00037502	0.00028713	0.00024923	0.00021867	0.00019886	0.00018931	0.00018346	0.00017816	0.00017386	0.0001657043739
0.0039913523	0.00037467	0.00028658	0.0002486	0.00021781	0.00019837	0.00018879	0.00018311	0.00017778	0.00017344	0.0001652162823
0.0039759606	0.00037433	0.00028605	0.00024799	0.00021697	0.00019789	0.00018829	0.00018265	0.0001774	0.00017302	0.0001647326952
0.0039605683	0.00037401	0.00028554	0.0002474	0.00021614	0.00019743	0.00018779	0.00018217	0.00017704	0.00017261	0.0001642574498
0.003945176	0.00037371	0.00028505	0.00024683	0.00021532	0.00019697	0.0001873	0.00018169	0.00017668	0.00017221	0.0001637825341
0.0039297839	0.00037343	0.00028458	0.00024627	0.00021452	0.00019652	0.00018681	0.00018122	0.00017633	0.00017181	0.0001633120564
0.0039143924	0.00037317	0.00028412	0.00024574	0.00021373	0.00019608	0.00018634	0.00018072	0.00017598	0.00017142	0.0001628459282
0.0038990004	0.00037293	0.00028369	0.00024492	0.00021295	0.00019565	0.00018588	0.00018023	0.00017564	0.00017103	0.0001623841173
0.0038836082	0.00037271	0.00028327	0.00024384	0.00021218	0.00019523	0.00018543	0.00017975	0.00017528	0.00017065	0.0001619266331
0.0038682161	0.0003725	0.00028287	0.00024277	0.00021143	0.00019482	0.00018498	0.00017928	0.00017493	0.00017028	0.0001614734839
0.003852824	0.00037232	0.00028239	0.00024172	0.00021069	0.00019442	0.00018455	0.00017882	0.00017459	0.00016992	0.0001610247017
0.0038374324	0.00037216	0.0002813	0.00024069	0.00020996	0.00019403	0.00018412	0.00017837	0.00017425	0.00016956	0.000160580246
0.0038220401	0.00037201	0.00028021	0.00023966	0.00020925	0.00019365	0.00018371	0.00017793	0.00017392	0.00016921	0.0001601400991
0.0038066477	0.00037189	0.00027915	0.00023866	0.00020855	0.00019328	0.0001833	0.00017749	0.00017359	0.00016886	0.0001597042728
0.0037912557	0.00037178	0.0002781	0.00023766	0.00020786	0.00019291	0.0001829	0.00017707	0.00017318	0.00016852	0.0001592727811
0.0037758635	0.00037169	0.00027706	0.00023668	0.00020718	0.00019256	0.00018252	0.00017666	0.00017278	0.00016819	0.0001588456084
0.003760472	0.00037162	0.00027604	0.00023572	0.00020652	0.00019221	0.00018214	0.00017625	0.00017239	0.00016787	0.0001584227803
0.0037450797	0.00037158	0.00027503	0.00023477	0.00020587	0.00019188	0.00018177	0.00017585	0.00017201	0.00016755	0.0001580042564
0.0037296876	0.00037155	0.00027404	0.00023383	0.00020523	0.00019155	0.00018141	0.00017547	0.00017164	0.00016724	0.0001575900647
0.0037142953	0.00037154	0.00027306	0.00023291	0.00020461	0.00019124	0.00018106	0.00017509	0.00017126	0.00016693	0.0001571801954
0.0036989037	0.00037155	0.00027209	0.000232	0.000204	0.00019093	0.00018072	0.00017472	0.00017083	0.00016663	0.000156774699
0.0036835115	0.00037157	0.00027114	0.00023111	0.0002034	0.00019063	0.00018038	0.00017436	0.0001704	0.00016634	0.0001563735135
0.0036681193	0.00037162	0.00027021	0.00023023	0.00020281	0.00019019	0.00018006	0.00017401	0.00016999	0.00016605	0.0001559766555
0.0036527275	0.00037169	0.00026928	0.00022937	0.00020224	0.00018968	0.00017975	0.00017367	0.00016958	0.00016577	0.0001555851
0.0036373353	0.00037177	0.00026838	0.00022852	0.00020168	0.00018918	0.00017944	0.00017334	0.00016918	0.0001655	0.000155192355
0.0036219436	0.00037188	0.00026749	0.00022768	0.00020113	0.00018869	0.00017915	0.00017302	0.00016879	0.00016524	0.0001548087535
0.0036065514	0.000372	0.00026661	0.00022686	0.0002006	0.00018821	0.00017886	0.00017271	0.00016841	0.00016498	0.0001544294721
0.0035911593	0.00037209	0.00026574	0.00022606	0.00020008	0.00018774	0.00017859	0.0001724	0.00016804	0.00016472	0.000154054516
0.0035757672	0.00037148	0.00026489	0.00022527	0.00019957	0.00018729	0.00017832	0.00017211	0.00016768	0.00016448	0.0001536838747
0.003560375	0.00037089	0.00026406	0.00022449	0.00019908	0.00018685	0.00017806	0.00017183	0.00016732	0.00016424	0.000153317539
0.0035449831	0.00037031	0.00026324	0.00022373	0.00019859	0.00018643	0.00017782	0.00017155	0.00016698	0.00016401	0.0001529555122
0.0035295909	0.00036975	0.00026244	0.00022298	0.00019812	0.00018602	0.00017749	0.00017128	0.00016664	0.00016378	0.0001525977788
0.003514199	0.0003692	0.00026164	0.00022224	0.00019767	0.00018561	0.00017703	0.00017103	0.00016631	0.00016356	0.000152244358
0.0034988068	0.00036866	0.00026087	0.00022153	0.00019722	0.00018523	0.00017659	0.00017078	0.00016599	0.00016335	0.0001518952108
0.0034834149	0.00036815	0.00026011	0.00022082	0.00019679	0.00018485	0.00017616	0.00017054	0.00016568	0.00016306	0.0001515503558
0.0034680228	0.00036764	0.00025936	0.00022013	0.00019637	0.00018449	0.00017574	0.00017031	0.00016538	0.00016277	0.0001512097743
0.0034526309	0.00036715	0.00025862	0.00021945	0.00019597	0.00018414	0.00017533	0.00017009	0.00016509	0.00016239	0.0001508736541
0.0034372386	0.00036668	0.00025791	0.00021879	0.00019558	0.0001838	0.00017493	0.00016988	0.0001648	0.00016202	0.0001505418073
0.0034218464	0.00036622	0.0002572	0.00021814	0.0001952	0.00018348	0.00017455	0.00016968	0.00016452	0.00016165	0.0001502141743
0.0034064545	0.00036577	0.00025651	0.00021751	0.00019483	0.00018317	0.00017418	0.00016949	0.00016426	0.00016129	0.0001498906975
0.0033910624	0.00036534	0.00025584	0.00021689	0.00019448	0.00018287	0.00017383	0.0001693	0.000164	0.00016094	0.0001495713004
0.0033756704	0.00036493	0.00025518	0.00021629	0.00019414	0.00018258	0.00017348	0.00016913	0.00016375	0.0001606	0.0001492561781
0.0033602783	0.00036453	0.00025453	0.0002157	0.00019381	0.00018231	0.00017315	0.00016897	0.00016351	0.00016026	0.0001489456228
0.0033448864	0.00036414	0.0002539	0.00021513	0.00019349	0.00018205	0.00017283	0.00016876	0.00016328	0.00015993	0.0001486393505
0.0033294942	0.00036377	0.00025328	0.00021456	0.00019319	0.0001818	0.00017252	0.00016837	0.00016305	0.00015961	0.0001483371853
0.0033141021	0.00036341	0.00025268	0.00021402	0.0001929	0.00018157	0.00017223	0.00016798	0.00016284	0.0001593	0.0001480391602
0.0032987101	0.00036307	0.00025209	0.00021349	0.00019263	0.00018135	0.00017195	0.0001676	0.00016263	0.00015899	0.0001477453026
0.003283318	0.00036274	0.00025152	0.00021297	0.00019236	0.00018114	0.00017168	0.00016724	0.00016243	0.00015869	0.0001474558502
0.0032679261	0.00036243	0.00025096	0.00021247	0.00019211	0.00018094	0.00017142	0.00016689	0.00016224	0.0001584	0.000147170558
0.0032525341	0.00036213	0.00025041	0.00021198	0.00019188	0.00018076	0.00017118	0.00016655	0.00016206	0.00015811	0.0001468897287
0.003237142	0.00036185	0.00024988	0.0002115	0.00019165	0.00018059	0.00017095	0.00016622	0.00016189	0.00015783	0.0001466132487
0.0032217501	0.00036158	0.00024937	0.00021104	0.00019144	0.00018043	0.00017073	0.0001659	0.00016173	0.00015756	0.0001463410886
0.0032063585	0.00036133	0.00024886	0.0002106	0.00019124	0.00018028	0.00017052	0.0001656	0.00016157	0.0001573	0.0001460732876
0.0031909663	0.00036109	0.00024838	0.00021017	0.00019105	0.00018015	0.00017033	0.0001653	0.00016124	0.00015704	0.0001458098437
0.0031755743	0.00036086	0.0002479	0.00020975	0.00019088	0.00018003	0.00017015	0.00016502	0.00016093	0.0001568	0.0001455506742
0.0031601825	0.00036066	0.00024745	0.00020935	0.00019072	0.00017992	0.00016998	0.00016475	0.00016063	0.00015655	0.0001452957268
0.0031447907	0.00036046	0.000247	0.00020896	0.00019057	0.00017983	0.00016982	0.00016449	0.00016033	0.00015632	0.0001450449265
0.003129399	0.00036028	0.00024657	0.00020859	0.00019044	0.00017975	0.00016968	0.00016424	0.00016005	0.00015609	0.0001447983212
0.0031140067	0.00036012	0.00024616	0.00020823	0.00019032	0.00017968	0.00016955	0.000164	0.00015978	0.00015587	0.0001445557085
0.0030986147	0.00035997	0.00024576	0.00020789	0.00019021	0.00017962	0.00016943	0.00016378	0.00015953	0.00015566	0.0001443168074
0.0030832225	0.00035983	0.00024537	0.00020756	0.00019011	0.00017958	0.00016932	0.0001635	0.00015928	0.00015546	0.0001440815752
0.0030678306	0.00035971	0.000245	0.00020724	0.00019003	0.00017955	0.00016923	0.00016324	0.00015905	0.00015522	0.0001438500084
0.0030524382	0.0003596	0.00024465	0.00020694	0.00018996	0.0001794	0.00016915	0.00016298	0.00015882	0.00015487	0.0001436220465
0.0030370461	0.00035951	0.0002443	0.00020666	0.0001899	0.00017911	0.00016908	0.00016274	0.00015859	0.00015453	0.0001433977802
0.0030216541	0.00035944	0.00024398	0.00020638	0.00018986	0.00017882	0.00016902	0.0001625	0.00015829	0.0001542	0.0001431774424
0.0030062617	0.00035937	0.00024366	0.00020613	0.00018982	0.00017855	0.00016892	0.00016227	0.000158	0.00015388	0.0001429608136
0.0029908698	0.00035933	0.00024336	0.00020588	0.00018981	0.00017828	0.00016871	0.00016206	0.00015771	0.00015357	0.0001427480313
0.0029754776	0.0003593	0.00024308	0.00020566	0.0001898	0.00017803	0.00016851	0.00016185	0.00015744	0.00015327	0.0001425390748
0.0029600855	0.00035928	0.00024281	0.00020544	0.00018981	0.00017778	0.00016833	0.00016166	0.00015717	0.00015298	0.0001423338989
0.0029446933	0.00035617	0.00024255	0.00020524	0.00018983	0.00017755	0.00016815	0.00016147	0.00015692	0.0001527	0.0001421324997
0.0029293011	0.00035177	0.00024231	0.00020506	0.00018986	0.00017732	0.00016798	0.0001613	0.00015667	0.00015242	0.0001419349381
0.0029139089	0.0003476	0.00024209	0.00020489	0.00018991	0.00017711	0.00016782	0.00016113	0.00015644	0.00015216	0.0001417413025
0.0028985166	0.00034368	0.00024187	0.00020473	0.00018996	0.0001769	0.00016767	0.00016098	0.00015621	0.00015191	0.0001415516784
0.0028831246	0.00035941	0.00024168	0.00020459	0.00019004	0.00017671	0.00016754	0.00016083	0.000156	0.00015166	0.000141366042
0.0028677322	0.00035948	0.00024149	0.00020446	0.00019012	0.00017653	0.00016741	0.00016069	0.00015579	0.00015143	0.0001411843803
0.0028523401	0.00035957	0.00024133	0.00020435	0.00019022	0.00017635	0.00016729	0.00016057	0.00015559	0.0001512	0.0001410067017
0.0028369479	0.00035763	0.00024117	0.00020425	0.00019014	0.00017619	0.00016718	0.00016045	0.0001554	0.00015099	0.0001408330185
0.0028215557	0.00035428	0.00024103	0.00020416	0.00019007	0.00017604	0.00016708	0.00016035	0.00015522	0.00015078	0.0001406633428
0.0028061633	0.00035118	0.00024091	0.00020409	0.00019001	0.00017589	0.000167	0.00016025	0.00015506	0.00015058	0.0001404976112
0.0027907712	0.00034832	0.0002408	0.00020404	0.00018997	0.00017576	0.00016692	0.00016012	0.0001549	0.0001504	0.0001403358323
0.002775379	0.00034571	0.0002407	0.000204	0.00018994	0.00017564	0.00016685	0.00015997	0.00015475	0.00015022	0.0001401781313
0.0027599866	0.00034335	0.00024062	0.00020397	0.00018993	0.00017553	0.00016679	0.00015983	0.00015461	0.00015005	0.0001400244086
0.0027445947	0.00034124	0.00024055	0.00020396	0.00018993	0.00017542	0.00016675	0.00015969	0.00015447	0.00014989	0.0001398746704
0.0027292023	0.00033937	0.0002405	0.00020396	0.00018994	0.00017533	0.00016671	0.00015957	0.00015435	0.00014974	0.0001397289076
0.0027138102	0.00033775	0.00024046	0.00020398	0.00018997	0.00017525	0.00016668	0.00015945	0.00015424	0.0001496	0.0001395871395
0.002698418	0.00033638	0.00024044	0.00020401	0.00018984	0.00017518	0.00016666	0.00015935	0.00015414	0.00014947	0.0001394493599
0.0026830255	0.00033525	0.00024043	0.00020405	0.0001896	0.00017512	0.00016666	0.00015925	0.00015405	0.00014935	0.0001393155882
0.0026676336	0.00033437	0.00024043	0.00020411	0.00018936	0.00017507	0.00016666	0.00015916	0.00015396	0.00014923	0.0001391858471
0.0026522413	0.00033374	0.00024045	0.00020419	0.00018913	0.00017503	0.00016667	0.00015909	0.00015388	0.00014913	0.0001390601414
0.0026368491	0.00033336	0.00024049	0.00020428	0.00018892	0.000175	0.00016669	0.00015902	0.00015378	0.00014904	0.0001389385193
0.0026214569	0.00033322	0.00024054	0.00020438	0.00018872	0.00017497	0.00016673	0.00015896	0.00015369	0.00014895	0.0001388208366
0.0026060648	0.00033333	0.0002406	0.00020435	0.00018852	0.00017496	0.00016665	0.00015891	0.00015362	0.00014888	0.0001387068383
0.002590672	0.00033368	0.00024068	0.00020388	0.00018834	0.00017496	0.00016653	0.00015888	0.00015355	0.00014881	0.0001385962463
0.0025752799	0.00033428	0.00024077	0.00020345	0.00018818	0.00017498	0.00016642	0.00015885	0.00015349	0.00014876	0.0001384889219
0.0025598874	0.00033513	0.00024088	0.00020306	0.00018802	0.000175	0.00016631	0.00015883	0.00015344	0.00014871	0.0001383848165
0.0025444948	0.00033623	0.000241	0.00020271	0.00018787	0.00017503	0.00016621	0.00015882	0.00015339	0.00014867	0.0001382839212
0.0025291026	0.00033757	0.00024113	0.00020241	0.00018774	0.00017507	0.00016612	0.00015882	0.00015336	0.00014865	0.0001381862831
0.0025137101	0.00033916	0.00024128	0.00020215	0.00018762	0.00017512	0.00016604	0.00015882	0.00015334	0.00014863	0.0001380919076
0.0024983179	0.000341	0.00024145	0.00020193	0.0001875	0.00017518	0.00016596	0.00015884	0.00015333	0.00014862	0.0001380007557
0.0024829253	0.00034308	0.00024163	0.00020175	0.00018736	0.00017525	0.0001659	0.00015887	0.00015329	0.00014862	0.0001379128094
0.0024675329	0.00034541	0.00024182	0.00020162	0.00018725	0.00017533	0.00016585	0.00015886	0.00015316	0.00014863	0.0001378280319
0.0024521405	0.00034799	0.00024203	0.00020153	0.00018719	0.00017543	0.0001658	0.00015883	0.00015304	0.00014865	0.0001377465081
0.0024367481	0.00035082	0.00024225	0.00020149	0.00018717	0.00017553	0.00016577	0.00015881	0.00015292	0.00014865	0.000137668258
0.0024213556	0.00034923	0.00024249	0.00020148	0.00018712	0.00017564	0.00016574	0.00015879	0.00015281	0.00014859	0.0001375932386
0.0024059632	0.00034644	0.00024188	0.00020152	0.00018708	0.00017576	0.00016573	0.00015879	0.00015272	0.00014855	0.0001375214954
0.0023905708	0.00034375	0.00023971	0.00020161	0.00018704	0.0001759	0.00016572	0.00015879	0.00015263	0.00014851	0.0001374531689
0.0023751784	0.00034117	0.00023765	0.00020173	0.00018702	0.00017604	0.00016572	0.00015881	0.00015255	0.00014848	0.0001373884925
0.0023597861	0.0003387	0.00023569	0.0002019	0.00018702	0.00017584	0.00016573	0.00015883	0.00015247	0.00014846	0.000137327693
0.0023443935	0.00033587	0.00023384	0.00020211	0.00018702	0.00017562	0.00016575	0.00015887	0.00015241	0.00014845	0.0001372708736
0.0023290013	0.00033382	0.0002321	0.00020237	0.00018696	0.00017541	0.00016578	0.00015891	0.00015236	0.00014845	0.0001372180583
0.0023136087	0.00033195	0.00023047	0.00020266	0.00018691	0.00017524	0.00016578	0.00015879	0.00015231	0.00014845	0.0001371692335
0.0022982162	0.00032992	0.00022894	0.00020227	0.00018686	0.00017508	0.00016573	0.00015861	0.00015228	0.00014847	0.0001371243727
0.0022828239	0.000328	0.00022753	0.00020178	0.0001865	0.00017496	0.00016569	0.00015846	0.00015225	0.00014846	0.0001370833956
0.0022674315	0.00032619	0.00022622	0.00020137	0.00018617	0.00017485	0.00016563	0.00015832	0.00015223	0.00014839	0.0001370461096
0.0022520393	0.00032448	0.00022501	0.00020106	0.00018587	0.00017477	0.00016542	0.00015821	0.00015223	0.00014832	0.0001370122508
0.002236647	0.00032288	0.00022392	0.00020084	0.00018559	0.00017471	0.00016524	0.00015813	0.00015223	0.00014827	0.0001369861152
0.0022212547	0.0003214	0.00022293	0.00020072	0.00018534	0.00017468	0.00016507	0.00015806	0.00015224	0.00014822	0.0001369559184
0.0022058624	0.00032002	0.00022205	0.00020068	0.00018512	0.00017467	0.00016494	0.00015802	0.00015225	0.00014818	0.0001369310665
0.00219047	0.00031875	0.00022128	0.00020073	0.00018492	0.00017469	0.00016482	0.000158	0.00015228	0.00014815	0.0001369105495
0.0021750777	0.00031759	0.00022062	0.00020088	0.00018475	0.00017447	0.00016473	0.000158	0.00015232	0.00014813	0.0001368932245
0.0021596853	0.00031654	0.00022006	0.00020112	0.00018461	0.0001742	0.00016466	0.00015803	0.00015236	0.00014812	0.0001368797293
0.0021442931	0.0003156	0.00021961	0.00020145	0.00018449	0.00017395	0.00016462	0.00015808	0.00015241	0.00014811	0.0001368691752
0.0021289007	0.00031476	0.00021927	0.00020152	0.0001844	0.00017372	0.0001646	0.00015815	0.00015248	0.00014812	0.000136861817
0.0021135085	0.00031404	0.00021904	0.00020159	0.00018434	0.00017352	0.0001646	0.00015824	0.00015255	0.00014813	0.0001368577229
