0.001593620926	0.00030484	0.00020563	0.00015001	0.00012185	0.00010629	9.3838e-005	8.386e-005	7.7804e-005	7.2923e-005	4.103720497e-005
0.001616263827	0.00030787	0.00020429	0.00015046	0.0001214	0.00010649	9.4219e-005	8.3996e-005	7.7867e-005	7.3006e-005	4.104009285e-005
0.001638906728	0.00031146	0.00020341	0.00015111	0.00012114	0.00010688	9.4666e-005	8.4194e-005	7.799e-005	7.3074e-005	4.104858911e-005
0.001661549629	0.00031412	0.000203	0.00015129	0.00012108	0.00010745	9.4949e-005	8.4454e-005	7.8174e-005	7.3104e-005	4.106284455e-005
0.00168419253	0.00031479	0.00020305	0.00015105	0.00012121	0.00010749	9.524e-005	8.4777e-005	7.8417e-005	7.3191e-005	4.108271863e-005
0.001706835431	0.00031573	0.00020357	0.00015093	0.00012154	0.00010757	9.5593e-005	8.5163e-005	7.8721e-005	7.3337e-005	4.110814563e-005
0.001729478332	0.00031695	0.00020455	0.00015093	0.00012187	0.00010777	9.6009e-005	8.5611e-005	7.9084e-005	7.354e-005	4.113933735e-005
0.001752121233	0.00031846	0.00020599	0.00015106	0.00012165	0.00010807	9.6488e-005	8.6121e-005	7.9508e-005	7.38e-005	4.117650756e-005
0.001774764134	0.00031982	0.00020773	0.00015132	0.00012156	0.00010849	9.661e-005	8.6694e-005	7.9992e-005	7.4119e-005	4.121778981e-005
0.001797407035	0.00031249	0.00020763	0.0001517	0.00012158	0.00010834	9.6321e-005	8.733e-005	8.0536e-005	7.4495e-005	4.126521789e-005
0.001820049936	0.00030724	0.00020775	0.00015221	0.00012174	0.00010822	9.6162e-005	8.7478e-005	8.114e-005	7.4929e-005	4.131849934e-005
0.001842692837	0.00030407	0.00020763	0.00015284	0.00012201	0.00010821	9.6132e-005	8.7254e-005	8.1804e-005	7.5132e-005	4.137765375e-005
0.001865335738	0.00030299	0.00020687	0.0001536	0.00012241	0.00010833	9.6231e-005	8.7156e-005	8.1447e-005	7.5285e-005	4.144196515e-005
0.00188797864	0.00030399	0.00020539	0.00015448	0.00012293	0.00010857	9.646e-005	8.7186e-005	8.2681e-005	7.5475e-005	4.151248936e-005
0.001910621541	0.00030707	0.0002041	0.00015549	0.00012358	0.00010892	9.6818e-005	8.7342e-005	8.2527e-005	7.7242e-005	4.158884002e-005
0.001933264442	0.00031223	0.00020299	0.00015663	0.00012435	0.00010938	9.7306e-005	8.7627e-005	8.2489e-005	7.7684e-005	4.16711538e-005
0.001955907343	0.00031948	0.00020205	0.00015789	0.00012524	0.00010977	9.7923e-005	8.8038e-005	8.2567e-005	7.6264e-005	4.175976518e-005
0.001978550244	0.00027469	0.00019051	0.0001541	0.00012626	0.00011027	9.8669e-005	8.8577e-005	8.2763e-005	7.66e-005	4.18592511e-005
0.002001193145	0.00027813	0.00019149	0.00015393	0.0001274	0.00011089	9.9545e-005	8.9242e-005	8.3076e-005	7.6973e-005	4.19579689e-005
0.002023836046	0.00028206	0.00019292	0.0001542	0.00012858	0.00011163	0.00010029	9.0036e-005	8.3197e-005	7.7383e-005	4.206531636e-005
0.002046478947	0.00028648	0.0001948	0.0001549	0.00012849	0.00011229	0.00010006	9.0956e-005	8.3128e-005	7.7829e-005	4.217517946e-005
0.002069121848	0.00033273	0.00020006	0.00015587	0.00013156	0.00011285	0.00010133	9.169e-005	8.312e-005	7.8312e-005	4.22889603e-005
0.002091764749	0.00029047	0.00019776	0.00015589	0.00012892	0.00011308	0.00010014	9.2079e-005	8.3173e-005	7.8527e-005	4.24136097e-005
0.00211440765	0.00029092	0.00019745	0.00015609	0.00012909	0.00011308	0.00010046	9.237e-005	8.4829e-005	7.862e-005	4.254669974e-005
0.002137050551	0.00029157	0.00019736	0.00015647	0.00013012	0.00011326	0.00010096	9.2677e-005	8.552e-005	7.8766e-005	4.26766788e-005
0.002159693452	0.00029244	0.00019747	0.00015703	0.00013101	0.00011364	0.00010127	9.3008e-005	8.5806e-005	7.8967e-005	4.281641523e-005
0.002182336353	0.00029352	0.0001978	0.00015777	0.0001321	0.0001142	0.00010251	9.2875e-005	8.3988e-005	7.9077e-005	4.296153801e-005
0.002204979254	0.00029481	0.00019833	0.00015869	0.00013339	0.00011494	0.00010329	9.3294e-005	8.4343e-005	7.9287e-005	4.311208077e-005
0.002227622155	0.0003413	0.0002048	0.00015979	0.00013459	0.00011775	0.00010515	9.362e-005	8.4759e-005	7.9557e-005	4.326645385e-005
0.002250265056	0.00034325	0.00020619	0.00016107	0.00013476	0.00011766	0.00010651	9.4009e-005	8.7222e-005	7.9767e-005	4.342649617e-005
0.002272907957	0.00029996	0.0002012	0.00016132	0.00013508	0.00011701	0.00010488	9.4516e-005	8.7598e-005	8.096e-005	4.359314093e-005
0.002295550859	0.00034768	0.00020952	0.00016415	0.00013555	0.00011795	0.00010298	9.5139e-005	8.784e-005	8.0891e-005	4.376083558e-005
0.00231819376	0.00034772	0.00021145	0.00016597	0.00013618	0.00011832	0.00010347	9.5799e-005	8.8375e-005	8.1366e-005	4.393501082e-005
0.002340836661	0.00034619	0.00021356	0.00016796	0.00013696	0.00011884	0.00010402	9.6256e-005	8.8649e-005	8.1894e-005	4.41136557e-005
0.002363479562	0.00033229	0.00021233	0.00016944	0.0001379	0.00011951	0.00010464	9.674e-005	8.8522e-005	8.2378e-005	4.429644998e-005
0.002386122463	0.00031281	0.00021017	0.00016562	0.00013788	0.00012034	0.00010531	9.7214e-005	8.9367e-005	8.3106e-005	4.448467014e-005
0.002408765364	0.00030945	0.0002126	0.00016534	0.00013788	0.00012106	0.00010604	9.7756e-005	8.9143e-005	8.2789e-005	4.467586946e-005
0.002431408265	0.00031568	0.00022297	0.00016616	0.00014034	0.0001223	0.00010683	9.8349e-005	8.9512e-005	8.3474e-005	4.486888553e-005
0.002454051166	0.00033503	0.00022451	0.00016433	0.00014083	0.00012295	0.00010769	9.8932e-005	8.9953e-005	8.3077e-005	4.506656732e-005
0.002476694067	0.00033903	0.00021473	0.00016653	0.00014163	0.00012273	0.0001086	9.9384e-005	9.0465e-005	8.3424e-005	4.526789917e-005
0.002499336968	0.00033712	0.00020945	0.00017274	0.00014274	0.00012278	0.00010941	9.9683e-005	9.1048e-005	8.384e-005	4.547240963e-005
0.002521979869	0.00034083	0.00020974	0.00017445	0.00014283	0.00012312	0.00010955	9.9914e-005	9.1703e-005	8.4325e-005	4.568025303e-005
0.00254462277	0.00034737	0.00021562	0.00017189	0.00014317	0.00012373	0.00011159	0.00010114	9.2536e-005	8.4879e-005	4.589133994e-005
0.002567265671	0.00034917	0.00022708	0.00016997	0.00014339	0.00012463	0.00011248	0.00010179	9.3263e-005	8.5503e-005	4.610556499e-005
0.002589908572	0.0003513	0.00023417	0.00016868	0.00014417	0.00012581	0.00011202	0.00010225	9.4061e-005	8.6195e-005	4.632306695e-005
0.002612551473	0.00035376	0.00022921	0.00016803	0.00014406	0.00012573	0.00011276	0.00010313	9.5264e-005	8.8838e-005	4.654376467e-005
0.002635194374	0.00032737	0.00022502	0.00016801	0.0001442	0.00012586	0.00011358	0.00010377	9.5813e-005	8.9322e-005	4.676782564e-005
0.002657837275	0.00033177	0.00022162	0.00016862	0.00014496	0.00012646	0.00011449	0.00010445	9.6407e-005	8.9842e-005	4.699492405e-005
0.002680480176	0.00036315	0.000219	0.00016988	0.00014636	0.00012754	0.00011512	0.00010518	9.7047e-005	9.0398e-005	4.722609632e-005
0.002703123078	0.00036695	0.00021716	0.00017176	0.00014812	0.0001291	0.0001156	0.0001046	9.6517e-005	9.0292e-005	4.745973678e-005
0.002725765979	0.00037108	0.0002161	0.00017426	0.00014792	0.00012952	0.00011459	0.00010454	9.5762e-005	9.0181e-005	4.769638916e-005
0.00274840888	0.00036693	0.00021583	0.00017517	0.00014792	0.00013012	0.00011556	0.00010539	9.6409e-005	9.0789e-005	4.793745515e-005
0.002771051781	0.00036184	0.00021633	0.00017684	0.00014811	0.00013091	0.00011661	0.00010606	9.7162e-005	9.1502e-005	4.818159619e-005
0.002793694682	0.00035763	0.00021762	0.00017928	0.0001485	0.00013189	0.00011676	0.00010662	9.8022e-005	9.1884e-005	4.842871201e-005
0.002816337583	0.00035432	0.00021969	0.00018072	0.00014909	0.00013193	0.000117	0.00010687	9.8989e-005	9.2353e-005	4.868180508e-005
0.002838980484	0.00035189	0.00022254	0.00018113	0.00014987	0.00013176	0.0001174	0.00010707	9.9244e-005	9.2543e-005	4.893323929e-005
0.002861623385	0.00035035	0.00022618	0.00018226	0.00015085	0.00013175	0.00011796	0.00010742	9.9636e-005	9.2945e-005	4.919125824e-005
0.002884266286	0.00034969	0.00023059	0.00018409	0.00015172	0.00013192	0.00011868	0.00010794	0.00010125	9.4275e-005	4.945318544e-005
0.002906909187	0.00034993	0.00023579	0.00018663	0.00015261	0.00013226	0.00011956	0.00010861	0.00010194	9.4876e-005	4.971803094e-005
0.002929552088	0.00035105	0.00024177	0.00018704	0.00015377	0.00013277	0.0001206	0.00010944	0.00010279	9.5534e-005	4.998827984e-005
0.002952194989	0.00035306	0.00024853	0.00018652	0.0001552	0.00013345	0.00012159	0.00011043	0.00010332	9.6299e-005	5.02592936e-005
0.00297483789	0.00035595	0.00025449	0.00018632	0.0001569	0.0001343	0.00012273	0.00011158	0.00010373	9.5657e-005	5.053698355e-005
0.002997480791	0.00035973	0.00025338	0.00018646	0.00015786	0.00013533	0.00012389	0.00011289	0.00010315	9.6429e-005	5.081747398e-005
0.003020123692	0.00036079	0.00025252	0.00018691	0.00015896	0.00013652	0.00012486	0.00011359	0.00010399	9.7314e-005	5.110240815e-005
0.003042766593	0.00036142	0.00026597	0.0001877	0.00015986	0.00013881	0.0001249	0.00011428	0.00010495	9.8312e-005	5.138927384e-005
0.003065409494	0.00036335	0.00026763	0.00018881	0.00016073	0.00013968	0.00012577	0.0001151	0.00010602	9.892e-005	5.168175409e-005
0.003088052395	0.00036658	0.00026808	0.00019025	0.00016144	0.00014062	0.00012673	0.00011569	0.00010717	9.9329e-005	5.19789238e-005
0.003110695297	0.00037112	0.00026813	0.00019201	0.00016223	0.00014163	0.00012776	0.00011635	0.00010796	9.9811e-005	5.227955089e-005
0.003133338198	0.00037695	0.00026829	0.00019411	0.00016227	0.0001427	0.00012859	0.00011676	0.00010849	0.00010037	5.258406952e-005
0.003155981099	0.00038409	0.00026855	0.00019652	0.00016238	0.00014342	0.00012935	0.00011743	0.00010917	0.00010099	5.289474498e-005
0.003178624	0.00039252	0.00026891	0.00019927	0.00016258	0.00014313	0.00013024	0.00011819	0.00010973	0.00010169	5.321358885e-005
0.003201266901	0.00040226	0.00026937	0.00020078	0.00016287	0.00014408	0.00013145	0.00011903	0.00011035	0.00010246	5.353037695e-005
0.003223909802	0.0004123	0.00026993	0.00020162	0.00016327	0.00014511	0.00013251	0.00011994	0.00011105	0.00010331	5.38555496e-005
0.003246552703	0.00041573	0.00027059	0.00020259	0.00016375	0.00014623	0.00013365	0.00012094	0.00011183	0.00010418	5.418675101e-005
0.003269195604	0.0004164	0.00027135	0.00020369	0.00016433	0.00014743	0.00013435	0.00012202	0.00011268	0.00010522	5.452635178e-005
0.003291838505	0.00041735	0.00027221	0.00020493	0.00016501	0.00014856	0.00013508	0.00012318	0.0001136	0.00010572	5.486843409e-005
0.003314481406	0.00041855	0.00027317	0.00020631	0.00016578	0.00014951	0.00013627	0.00012415	0.00011441	0.00010724	5.521466688e-005
0.003337124307	0.00042001	0.00027423	0.00020782	0.00016665	0.00015056	0.00013724	0.000126	0.00011671	0.0001085	5.55646133e-005
0.003359767208	0.00042174	0.00027539	0.00020906	0.00016761	0.0001517	0.00013827	0.00012684	0.00011718	0.00010932	5.59227854e-005
0.003382410109	0.00042373	0.00027666	0.00020906	0.00016866	0.00015294	0.00013938	0.00012758	0.0001177	0.00011018	5.628674835e-005
0.00340505301	0.00042597	0.00027802	0.00020914	0.00016981	0.00015427	0.00014014	0.00012787	0.00011701	0.00011003	5.66606675e-005
0.003427695911	0.00042849	0.00027948	0.00020933	0.00017106	0.00015569	0.00014094	0.00012892	0.00011776	0.00011084	5.70335573e-005
0.003450338812	0.00043126	0.00028105	0.00020963	0.0001724	0.00015686	0.0001418	0.00012986	0.00011856	0.00011139	5.741992134e-005
0.003472981713	0.00043317	0.00028211	0.00021004	0.00017384	0.00015777	0.00014246	0.00013114	0.0001194	0.00011192	5.780103149e-005
0.003495624614	0.00043258	0.0002831	0.00021056	0.00017537	0.00015876	0.00014306	0.00013233	0.00012028	0.00011248	5.819503202e-005
0.003518267515	0.0004321	0.0002842	0.00021118	0.00017699	0.00015968	0.00014372	0.00013297	0.0001212	0.00011308	5.85948346e-005
0.003540910417	0.00043175	0.00028542	0.00021192	0.00017871	0.00016031	0.00014444	0.00013335	0.00012217	0.00011372	5.900165531e-005
0.003563553318	0.00043151	0.00028674	0.00021276	0.00018053	0.000161	0.00014522	0.00013378	0.00012317	0.00011439	5.941446416e-005
0.003586196219	0.0004314	0.00028817	0.00021372	0.00018244	0.00016176	0.00014606	0.00013427	0.00012422	0.00011509	5.983376734e-005
0.00360883912	0.0004314	0.0002892	0.00021478	0.00018444	0.00016258	0.00014695	0.00013482	0.00012529	0.00011579	6.025998471e-005
0.003631482021	0.00043152	0.00028917	0.00021596	0.00018654	0.00016345	0.0001479	0.00013543	0.00012605	0.00011652	6.069298996e-005
0.003654124922	0.00043176	0.00028926	0.00021724	0.00018873	0.00016439	0.00014891	0.00013609	0.00012687	0.00011728	6.113250235e-005
0.003676767823	0.00043212	0.00028947	0.00021863	0.00019102	0.00016539	0.00014997	0.00013681	0.00012774	0.00011807	6.158095652e-005
0.003699410724	0.0004326	0.0002898	0.00022013	0.00019323	0.00016646	0.0001511	0.00013759	0.00012852	0.0001189	6.203432551e-005
0.003722053625	0.0004332	0.00029025	0.00022174	0.00019467	0.00016758	0.00015223	0.00013842	0.00012918	0.00011976	6.249655968e-005
0.003744696526	0.00043392	0.00029081	0.00022346	0.0001956	0.00016877	0.00015305	0.00013931	0.00012991	0.00012064	6.296536517e-005
0.003767339427	0.00043476	0.0002915	0.00022529	0.00019639	0.00017002	0.00015393	0.00014026	0.0001306	0.00012147	6.34423612e-005
0.003789982328	0.00043571	0.0002923	0.00022723	0.00019728	0.00017133	0.00015487	0.00014127	0.00013118	0.00012234	6.392707048e-005
0.003812625229	0.00043679	0.00029323	0.00022928	0.00019826	0.0001727	0.00015587	0.00014233	0.0001318	0.00012324	6.44195209e-005
0.00383526813	0.00043798	0.00029427	0.00023143	0.00019932	0.00017413	0.00015692	0.00014346	0.00013247	0.00012412	6.492096577e-005
0.003857911031	0.00043929	0.00029543	0.0002337	0.00020048	0.00017563	0.00015804	0.00014463	0.00013313	0.00012472	6.542864354e-005
0.003880553932	0.00044073	0.00029617	0.00023607	0.00020144	0.00017719	0.00015921	0.00014587	0.00013382	0.0001253	6.594303627e-005
0.003903196833	0.00044228	0.00029616	0.00023856	0.00020232	0.00017858	0.00016043	0.00014716	0.00013456	0.00012591	6.64660522e-005
0.003925839734	0.00044395	0.00029632	0.00024115	0.00020328	0.00017992	0.00016172	0.00014851	0.00013534	0.00012658	6.699674469e-005
0.003948482636	0.00044574	0.00029664	0.00024385	0.00020431	0.00018134	0.00016306	0.00014992	0.00013617	0.00012728	6.753801504e-005
0.003971125537	0.00044764	0.00029712	0.00024667	0.00020541	0.00018282	0.00016419	0.00015095	0.00013704	0.00012803	6.808239556e-005
0.003993768438	0.00044967	0.00029776	0.00024959	0.00020658	0.00018437	0.00016521	0.00015145	0.00013796	0.00012872	6.863693084e-005
0.004016411339	0.00045182	0.00029857	0.00025262	0.00020783	0.000186	0.0001663	0.00015201	0.00013892	0.00012943	6.920060275e-005
0.00403905424	0.00045408	0.00029953	0.00025407	0.00020915	0.00018762	0.00016745	0.00015263	0.00013992	0.00013019	6.976942418e-005
0.004061697141	0.00045647	0.00030066	0.00025524	0.00021055	0.00018911	0.00016867	0.0001533	0.00014097	0.00013099	7.034771831e-005
0.004084340042	0.00045897	0.00030195	0.00025601	0.00021201	0.00019015	0.00016996	0.00015403	0.00014207	0.00013183	7.093686606e-005
0.004106982943	0.0004616	0.0003034	0.00025695	0.00021355	0.00019126	0.00017132	0.00015482	0.00014321	0.00013271	7.152830503e-005
0.004129625844	0.00046434	0.00030502	0.00025806	0.00021517	0.00019244	0.00017274	0.00015567	0.00014439	0.00013363	7.213074276e-005
0.004152268745	0.0004672	0.00030679	0.00025737	0.00022217	0.0001934	0.00017293	0.00015621	0.00014375	0.00013459	7.274547277e-005
0.004174911646	0.00047018	0.00030873	0.00025861	0.00022357	0.00019462	0.00017392	0.00015734	0.00014483	0.00013595	7.336008779e-005
0.004197554547	0.00047328	0.00031083	0.00025994	0.00022507	0.00019589	0.00017497	0.00015852	0.00014597	0.00013716	7.398766478e-005
0.004220197448	0.0004765	0.00031309	0.00026138	0.00022235	0.00019721	0.00017608	0.00015963	0.00014715	0.00013773	7.462272124e-005
0.004242840349	0.00047984	0.00031551	0.00026291	0.00022433	0.00019858	0.00017723	0.00016076	0.00014839	0.00013886	7.526996682e-005
0.00426548325	0.00048329	0.0003181	0.00026455	0.00022638	0.00020001	0.00017844	0.00016195	0.00014968	0.00014003	7.592180634e-005
0.004288126151	0.00048687	0.00032084	0.00026628	0.0002285	0.00020128	0.00018228	0.0001632	0.00015148	0.00014124	7.657949119e-005
0.004310769052	0.00049056	0.00032375	0.00026812	0.0002307	0.00020267	0.00018379	0.00016451	0.00015246	0.0001423	7.72468172e-005
0.004333411953	0.00049438	0.00032682	0.00027005	0.00023232	0.00020385	0.00017966	0.00016587	0.00015348	0.00014333	7.792634259e-005
0.004356054855	0.00049831	0.00033006	0.00027208	0.00023349	0.0002055	0.00018065	0.00016729	0.0001545	0.00014439	7.86101089e-005
0.004378697756	0.00049847	0.00033345	0.00027422	0.00023481	0.00020723	0.00018171	0.00016877	0.0001555	0.00014551	7.930743781e-005
0.004401340657	0.00049549	0.00033701	0.00027645	0.00023627	0.00020904	0.00018284	0.00016975	0.00015656	0.00014666	8.001135924e-005
0.004423983558	0.00049281	0.00034072	0.00027863	0.00023788	0.00021093	0.00018404	0.00017075	0.00015766	0.00014786	8.072212289e-005
0.004446626459	0.00049042	0.0003446	0.00028079	0.00023962	0.00021263	0.00018532	0.00017181	0.00015881	0.0001491	8.144423664e-005
0.00446926936	0.00048832	0.00034864	0.00028308	0.0002415	0.00021433	0.00018668	0.00017295	0.00016001	0.00015039	8.217607308e-005
0.004491912261	0.00048651	0.00035161	0.00028551	0.00024353	0.00021609	0.0001881	0.00017416	0.00016126	0.00015171	8.29176949e-005
0.004514555162	0.000485	0.00035244	0.00028809	0.00024569	0.00021791	0.00018961	0.00017544	0.00016418	0.00015309	8.366948543e-005
0.004537198063	0.00048379	0.00035354	0.00029079	0.0002477	0.00021857	0.00019118	0.00017679	0.00016568	0.0001545	8.443062157e-005
0.004559840964	0.00048286	0.00035492	0.00029364	0.00024919	0.00021927	0.00019283	0.00017822	0.00016607	0.0001533	8.520244405e-005
0.004582483865	0.00048224	0.00035656	0.00029663	0.00025077	0.00022006	0.00019455	0.00017928	0.00016757	0.00015443	8.598475359e-005
0.004605126766	0.0004819	0.00035849	0.00029975	0.00025242	0.00022094	0.00019635	0.00018037	0.00016911	0.0001556	8.677758211e-005
0.004627769667	0.00048186	0.00036068	0.0003018	0.00025414	0.00022191	0.00019822	0.00018153	0.00017027	0.00015681	8.758089369e-005
0.004650412568	0.00048211	0.00036315	0.00030387	0.00025595	0.00022297	0.00020016	0.00018273	0.00017148	0.00015806	8.83947149e-005
0.004673055469	0.00048266	0.00036589	0.00030604	0.00025783	0.00022412	0.00020218	0.000184	0.00017274	0.00015935	8.921904197e-005
0.00469569837	0.0004835	0.00036891	0.0003083	0.00025978	0.00022536	0.00020427	0.00018533	0.00017406	0.00016067	9.005443008e-005
0.004718341271	0.00048464	0.0003722	0.0003097	0.00026182	0.00022669	0.00020644	0.00018671	0.0001754	0.00016204	9.090003915e-005
0.004740984172	0.00048607	0.00037576	0.00031078	0.00026392	0.00022811	0.00020867	0.00018815	0.00017674	0.00016344	9.175547294e-005
0.004763627073	0.00048779	0.00037959	0.00031209	0.00026611	0.00022963	0.00021054	0.00018965	0.00017814	0.00016488	9.262523805e-005
0.004786269975	0.00048981	0.0003837	0.00031363	0.00026837	0.00023123	0.00021132	0.00019121	0.00017938	0.00016636	9.349983878e-005
0.004808912876	0.00049212	0.00038809	0.00031539	0.00027167	0.00023292	0.00021217	0.00019283	0.0001811	0.00016946	9.439400349e-005
0.004831555777	0.00049472	0.00039274	0.00031738	0.00027335	0.00023471	0.00021309	0.0001945	0.00018162	0.00016943	9.529028052e-005
0.004854198678	0.00049762	0.00039492	0.00031959	0.00027511	0.00023658	0.00021408	0.00019623	0.00018281	0.00017102	9.620226179e-005
0.004876841579	0.00050081	0.00039526	0.00032203	0.00027696	0.00023855	0.00021515	0.00019802	0.00018404	0.00017265	9.712529064e-005
0.00489948448	0.0005043	0.00039586	0.00032469	0.00027889	0.00024061	0.00021629	0.00019984	0.00018532	0.00017414	9.806266295e-005
0.004922127381	0.00050808	0.00039671	0.00032758	0.0002809	0.00024275	0.0002175	0.00020131	0.00018952	0.00017768	9.900695603e-005
0.004944770282	0.00051215	0.00039782	0.00033069	0.00028299	0.00024499	0.00021878	0.00020284	0.00019071	0.00017905	9.996808924e-005
0.004967413183	0.00051652	0.00039918	0.00033403	0.00028517	0.00024732	0.00022014	0.00020445	0.00019186	0.00017956	0.0001009392434
0.004990056084	0.00052118	0.00040079	0.00031845	0.00027757	0.00024649	0.00022526	0.00020811	0.00019075	0.00017725	0.0001019172751
0.005012698985	0.00052614	0.00040267	0.00032024	0.00027985	0.00024827	0.00022593	0.00020717	0.00019216	0.00017863	0.0001029096382
0.005035341886	0.00053139	0.00040479	0.00032206	0.00028217	0.00025009	0.00022755	0.0002087	0.0001936	0.00018005	0.00010391272
0.005057984787	0.00053693	0.00040718	0.00032393	0.00028453	0.00025194	0.0002292	0.00021025	0.00019506	0.00018148	0.0001049269149
0.005080627688	0.00054277	0.00040981	0.00032583	0.00028692	0.00025382	0.00023088	0.00021185	0.00019642	0.00018295	0.0001059525786
0.005103270589	0.0005489	0.0004127	0.00032778	0.00028935	0.00025574	0.00023261	0.00021347	0.00019771	0.00018444	0.0001069866939
0.00512591349	0.00055533	0.00041585	0.00032977	0.000291	0.00025769	0.00023436	0.00021513	0.00019903	0.00018596	0.0001080327419
0.005148556391	0.00056205	0.00041925	0.0003318	0.00029251	0.00025953	0.00023593	0.00021682	0.00020039	0.0001875	0.0001090898459
0.005171199292	0.00056906	0.00042291	0.00033387	0.00029405	0.00026096	0.00023736	0.00021855	0.00020177	0.00018907	0.0001101579185
0.005193842194	0.00057637	0.00042682	0.00033598	0.00029563	0.00026233	0.00023867	0.0002199	0.00020318	0.00019066	0.0001112370856
0.005216485095	0.00058397	0.00043099	0.00033813	0.00029725	0.00026374	0.00024002	0.00022099	0.00020462	0.00019212	0.0001123278498
0.005239127996	0.00059187	0.00043541	0.00034032	0.0002989	0.00026518	0.00024141	0.00022211	0.0002061	0.00019336	0.0001134310444
0.005261770897	0.00060006	0.00044008	0.00034255	0.00030059	0.00026667	0.00024275	0.00022327	0.0002076	0.00019463	0.0001145453702
0.005284413798	0.00060854	0.00044501	0.00034482	0.00030232	0.00026819	0.00024403	0.00022444	0.00020913	0.0001973	0.0001156722639
0.005307056699	0.00061732	0.0004502	0.00034714	0.00030409	0.00026976	0.00024535	0.00022558	0.0002107	0.00019902	0.0001168129191
0.0053296996	0.00062639	0.00045379	0.00034945	0.00030589	0.00027136	0.0002467	0.00022677	0.00021229	0.00020077	0.0001179627941
0.005352342501	0.00063575	0.0004558	0.00035158	0.00030773	0.000273	0.00024809	0.00022799	0.00021391	0.00020255	0.0001191252013
0.005374985402	0.00064541	0.00045786	0.00035375	0.00030961	0.00027468	0.00024951	0.00022924	0.00021581	0.0002047	0.00012030081
0.005397628303	0.00065501	0.00045947	0.00035597	0.00031151	0.0002764	0.00025096	0.00023053	0.00021705	0.00020609	0.0001214904321
0.005420271204	0.00066244	0.00046002	0.00035823	0.00031303	0.00027816	0.00025244	0.00023185	0.00021807	0.00020433	0.0001226911722
0.005442914105	0.00067031	0.00046063	0.00036053	0.00031458	0.00027996	0.00025397	0.00023322	0.00021968	0.00020584	0.0001239054105
0.005465557006	0.00067863	0.0004613	0.00036289	0.00031618	0.0002818	0.00025552	0.00023461	0.00022132	0.00020737	0.0001251324914
0.005488199907	0.0006874	0.00046203	0.00036528	0.00031782	0.00028368	0.00025711	0.00023605	0.00022285	0.00020893	0.0001263733617
0.005510842808	0.00069661	0.00046282	0.00036773	0.00031949	0.00028559	0.00025873	0.00023752	0.00022437	0.00021052	0.0001276255307
0.005533485709	0.00070445	0.00046367	0.00037022	0.00032121	0.00028755	0.00026039	0.00023902	0.00022592	0.00021214	0.0001288943524
0.00555612861	0.00070618	0.00046458	0.00037275	0.00032296	0.00028954	0.00026208	0.00024056	0.00022751	0.00021379	0.0001301710299
0.005578771511	0.00070797	0.00046555	0.00037533	0.00032475	0.00029158	0.00026381	0.00024214	0.00022913	0.00021547	0.0001314629349
0.005601414413	0.00070983	0.00046658	0.00037796	0.00032659	0.00029365	0.00026557	0.00024375	0.00023079	0.00021718	0.0001327693122
0.005624057314	0.00071175	0.00046766	0.00038063	0.00032846	0.00029576	0.00026736	0.0002454	0.00023249	0.00021891	0.0001340857212
0.005646700215	0.00071372	0.00046881	0.00038334	0.00033037	0.00029792	0.00026918	0.00024709	0.00023416	0.00022068	0.0001354171033
0.005669343116	0.00071576	0.00047002	0.0003861	0.00033232	0.00030011	0.00027093	0.00024881	0.00023578	0.00022328	0.0001367611912
0.005691986017	0.00071786	0.00047129	0.00038891	0.00033431	0.00030234	0.00027236	0.00025057	0.00023742	0.00022474	0.0001381190473
0.005714628918	0.00072002	0.00047262	0.00039176	0.00033634	0.00030402	0.00027376	0.00025236	0.00023911	0.00022582	0.0001394885448
0.005737271819	0.00072225	0.000474	0.00039466	0.00033841	0.00030563	0.00027519	0.00025419	0.00024083	0.00022775	0.0001408716255
0.00575991472	0.00072453	0.00047545	0.00039761	0.00034052	0.00030717	0.00027666	0.00025605	0.00024258	0.00022931	0.0001422690293
0.005782557621	0.00072688	0.00047696	0.0004006	0.00034266	0.00030865	0.00027817	0.00025795	0.00024437	0.00023089	0.0001436807804
0.005805200522	0.00072928	0.00047852	0.00040363	0.00034485	0.00031016	0.00027972	0.00025989	0.00024619	0.00023252	0.0001451071416
0.005827843423	0.00073175	0.00048015	0.00040671	0.00034708	0.00031171	0.00028131	0.00026186	0.00024802	0.00023417	0.0001465480211
0.005850486324	0.00073428	0.00048184	0.00040984	0.00034934	0.0003133	0.00028294	0.00026387	0.00024962	0.00023586	0.0001480030465
0.005873129225	0.00073687	0.00048358	0.00041234	0.00035165	0.00031493	0.00028461	0.00026591	0.00025125	0.00023758	0.0001494727702
0.005895772126	0.00073952	0.00048539	0.00041465	0.00035399	0.0003166	0.00028631	0.00026767	0.00025293	0.00023933	0.0001509569691
0.005918415027	0.00074223	0.00048725	0.00041702	0.00035637	0.00031831	0.00028806	0.00026947	0.00025465	0.00024112	0.0001524562552
0.005941057928	0.000745	0.00048918	0.00041945	0.0003588	0.00032007	0.00028985	0.00027132	0.0002564	0.00024294	0.0001539688869
0.005963700829	0.00074783	0.00049116	0.00042194	0.00036126	0.00032186	0.00029168	0.0002732	0.00025819	0.00024479	0.0001554970241
0.00598634373	0.00075073	0.00049321	0.00042448	0.00036376	0.00032368	0.00029354	0.00027513	0.00026002	0.00024668	0.0001570393202
0.006008986632	0.00075369	0.00049531	0.00042708	0.0003663	0.00032555	0.00029545	0.00027709	0.00026189	0.0002486	0.0001585965167
0.006031629533	0.0007567	0.00049747	0.00042974	0.00036888	0.00032746	0.0002974	0.00027909	0.0002638	0.00025103	0.0001601686641
0.006054272434	0.00075978	0.0004997	0.00043246	0.0003715	0.00032941	0.00029938	0.00028113	0.00026575	0.00025255	0.00016175572
0.006076915335	0.00076292	0.00050198	0.00043523	0.00037416	0.0003314	0.00030141	0.00028321	0.00026765	0.0002541	0.0001633577165
0.006099558236	0.00076612	0.00050432	0.00043807	0.00037685	0.00033343	0.00030347	0.00028533	0.00026938	0.00025569	0.0001649745393
0.006122201137	0.00076938	0.00050673	0.00044096	0.00037959	0.0003355	0.00030558	0.00028749	0.00027115	0.00025731	0.0001666061743
0.006144844038	0.00077271	0.00050919	0.0004439	0.00038237	0.0003376	0.00030772	0.00028969	0.00027296	0.00025897	0.0001682528375
0.006167486939	0.00077609	0.00051171	0.00044691	0.00038518	0.00033975	0.00030991	0.00029193	0.0002748	0.00026067	0.0001699143627
0.00619012984	0.00077954	0.00051429	0.00044944	0.00038804	0.00034194	0.00031213	0.00029421	0.00027668	0.00026241	0.000171590656
0.006212772741	0.00078304	0.00051694	0.00045137	0.00039093	0.00034416	0.00031439	0.00029653	0.00027859	0.00026418	0.0001732820399
0.006235415642	0.00078661	0.00051964	0.00045336	0.00039387	0.00034643	0.0003167	0.00029889	0.00028055	0.00026598	0.0001749881287
0.006258058543	0.00079024	0.0005224	0.00045541	0.00039684	0.00034873	0.00031904	0.00030129	0.00028254	0.00026783	0.0001767117619
0.006280701444	0.00079393	0.00052522	0.00045751	0.00039982	0.00035108	0.00032142	0.00030372	0.00028457	0.00026971	0.0001784481019
0.006303344345	0.00079768	0.0005281	0.00045967	0.00040271	0.00035346	0.00032384	0.0003062	0.00028663	0.00027162	0.0001801988327
0.006325987246	0.00080149	0.00053104	0.00046188	0.00040565	0.00035589	0.00032631	0.00030872	0.00028873	0.00027358	0.0001819672886
0.006348630147	0.00080537	0.00053404	0.00046415	0.00040863	0.00035835	0.00032881	0.0003112	0.00029087	0.00027556	0.0001837509114
0.006371273048	0.0008093	0.0005371	0.00046647	0.00041165	0.00036086	0.00033135	0.00031348	0.00029305	0.00027759	0.0001855513061
0.006393915949	0.0008133	0.00054022	0.00046885	0.00041471	0.0003634	0.00033393	0.00031581	0.00029526	0.00027965	0.0001873664742
0.00641655885	0.00081735	0.0005434	0.00047129	0.00041781	0.00036598	0.00033655	0.00031817	0.00029751	0.00028175	0.00018919955
0.006439201752	0.00082147	0.00054664	0.00047378	0.00042067	0.00036861	0.00033921	0.00032056	0.0002998	0.00028388	0.0001910458483
0.006461844653	0.00082565	0.00054994	0.00047633	0.00042236	0.00037127	0.00034191	0.000323	0.00030212	0.00028606	0.0001929096142
0.006484487554	0.00082989	0.0005533	0.00047893	0.00042409	0.00037397	0.00034465	0.00032547	0.00030449	0.00028826	0.0001947915916
0.006507130455	0.00083419	0.00055672	0.00048159	0.00042587	0.00037671	0.00034743	0.00032798	0.00030688	0.00029051	0.0001966870204
0.006529773356	0.00083855	0.0005602	0.00048431	0.00042771	0.00037949	0.00035024	0.00033053	0.00030883	0.00029279	0.0001986009037
0.006552416257	0.00084298	0.00056373	0.0004868	0.00042959	0.00038231	0.0003531	0.00033311	0.0003106	0.0002951	0.0002005315644
0.006575059158	0.00084746	0.00056733	0.00048926	0.00043152	0.00038518	0.000356	0.00033512	0.00031242	0.00029746	0.0002024789775
0.006597702059	0.00085201	0.00057099	0.00049177	0.00043349	0.00038808	0.00035894	0.00033707	0.00031428	0.00029985	0.0002044431865
0.00662034496	0.00085662	0.00057471	0.00049433	0.00043552	0.00039102	0.00036191	0.00033906	0.00031619	0.00030164	0.0002064246554
0.006642987861	0.00086128	0.00057848	0.00049694	0.0004376	0.000394	0.00036427	0.00033955	0.00031814	0.00030343	0.0002084216582
0.006665630762	0.00086601	0.00058232	0.00049961	0.00043972	0.00039664	0.0003666	0.00034161	0.00032014	0.00030526	0.0002104358571
0.006688273663	0.00089306	0.0006771	0.00052413	0.00045286	0.00040899	0.0003743	0.00034372	0.00032251	0.00030812	0.0002124668969
0.006710916564	0.00089328	0.00067869	0.0005265	0.00045573	0.00041145	0.00037661	0.00034588	0.00032456	0.00030999	0.000214516215
0.006733559465	0.00089547	0.00068036	0.00052894	0.00045865	0.00041396	0.00037896	0.00034808	0.00032666	0.00031191	0.0002165852263
0.006756202366	0.00089965	0.00068212	0.00053142	0.00046162	0.00041652	0.00038137	0.00035033	0.00032881	0.00031387	0.0002186763728
0.006778845267	0.00090582	0.00068397	0.00055909	0.0004756	0.00042517	0.00038809	0.0003615	0.0003329	0.0003145	0.000220786177
0.006801488168	0.00091396	0.00068589	0.0005646	0.00047698	0.00042761	0.00038944	0.00036362	0.00033499	0.00031647	0.0002229185148
0.006824131069	0.00092408	0.00068791	0.00056617	0.00047828	0.00043011	0.00039087	0.00036467	0.00033713	0.00031849	0.00022507206
0.006846773971	0.00093619	0.00069	0.00056719	0.00047966	0.00043268	0.00039237	0.0003657	0.00033933	0.00032056	0.0002272467822
0.006869416872	0.00095028	0.00069219	0.00056829	0.00048113	0.00043361	0.00039396	0.00036681	0.00034157	0.00032269	0.0002294428996
0.006892059773	0.00096634	0.00069445	0.00056948	0.00048268	0.00043441	0.00039563	0.000368	0.00034387	0.00032486	0.000231660254
0.006914702674	0.00098439	0.00069681	0.00057074	0.0004843	0.00043662	0.00039738	0.00036926	0.00034622	0.00032709	0.0002338989906
0.006937345575	0.0010044	0.00069924	0.00057209	0.00048602	0.00043974	0.00039922	0.0003706	0.00034849	0.00032936	0.0002361588241
0.006959988476	0.0010264	0.00070176	0.00057352	0.00048781	0.00044144	0.00040113	0.00037202	0.00035061	0.00033169	0.0002384399338
0.006982631377	0.0010504	0.00070437	0.00057504	0.00048969	0.00044323	0.00040313	0.00037351	0.00035279	0.00033407	0.0002407423513
0.007005274278	0.0010764	0.00070706	0.00057663	0.00049164	0.0004451	0.0004052	0.00037508	0.00035485	0.00033651	0.0002430660792
0.007027917179	0.0010892	0.00070984	0.00057831	0.00049368	0.00044706	0.00040736	0.00037673	0.00035639	0.00033899	0.0002454110119
0.00705056008	0.0010864	0.0007127	0.00058007	0.0004958	0.00044909	0.0004096	0.00037846	0.000358	0.0003415	0.00024777734
0.007073202981	0.0010837	0.00071564	0.00058192	0.00049801	0.00045121	0.00041192	0.00038026	0.00035969	0.0003438	0.0002501656827
0.007095845882	0.0010812	0.00071867	0.00058385	0.00050029	0.00045341	0.00041432	0.00038214	0.00036146	0.00034617	0.0002525741465
0.007118488783	0.0010787	0.00072178	0.00058585	0.00050266	0.00045569	0.00041681	0.00038409	0.0003633	0.00034861	0.000255003705
0.007141131684	0.0010765	0.00072498	0.00058795	0.00050511	0.00045805	0.00041937	0.00038612	0.00036522	0.0003511	0.0002574552888
0.007163774585	0.0010743	0.00072827	0.00059012	0.00050764	0.0004605	0.00042202	0.00038823	0.00036722	0.00035367	0.0002599274108
0.007186417486	0.0010723	0.00073163	0.00059238	0.00051025	0.00046302	0.00042474	0.00039042	0.00036929	0.00035595	0.0002624214147
0.007209060387	0.0010704	0.00073509	0.00059472	0.00051294	0.00046563	0.0004269	0.00039268	0.00037144	0.00035802	0.0002649377156
0.007231703288	0.0010686	0.00073863	0.00059714	0.00051572	0.00046832	0.00042902	0.00039503	0.00037367	0.00036017	0.0002674767709
0.00725434619	0.0010669	0.00074225	0.00059965	0.00051858	0.00047109	0.00043122	0.00039744	0.00037597	0.0003624	0.0002700391666
0.007276989091	0.0010654	0.00074596	0.00060224	0.00052152	0.00047395	0.0004335	0.00039994	0.00037835	0.0003647	0.0002726249693
0.007299631992	0.001064	0.00074975	0.00060491	0.00052454	0.00047644	0.00043586	0.00040251	0.00038081	0.00036708	0.0002752335503
0.007322274893	0.0010628	0.00075362	0.00060766	0.00052764	0.0004789	0.00043829	0.00040516	0.00038334	0.00036954	0.0002778661746
0.007344917794	0.0010616	0.00075759	0.0006105	0.00053083	0.00048145	0.0004408	0.00040788	0.00038595	0.00037207	0.000280522277
0.007367560695	0.0010606	0.00076163	0.00061342	0.0005341	0.00048407	0.00044339	0.00041069	0.00038864	0.00037468	0.0002832039131
0.007390203596	0.0010597	0.00076576	0.00061642	0.00053745	0.00048677	0.00044606	0.00041357	0.0003914	0.00037737	0.0002859111947
0.007412846497	0.001059	0.00076998	0.00061951	0.00054088	0.00048955	0.0004488	0.00041652	0.00039424	0.00038013	0.0002886460835
0.007435489398	0.0010583	0.00077428	0.00062267	0.00054439	0.00049241	0.00045163	0.00041956	0.00039716	0.00038297	0.000291406869
0.007458132299	0.0010578	0.00077866	0.00062592	0.00054799	0.00049534	0.00045453	0.00042267	0.00040015	0.00038588	0.0002941945815
0.0074807752	0.0010574	0.00078313	0.00062925	0.00055166	0.00049835	0.0004575	0.00042586	0.00040322	0.00038887	0.0002970092462
0.007503418101	0.0010572	0.00078769	0.00063267	0.00055542	0.00050144	0.00046056	0.00042912	0.00040637	0.00039194	0.0002998510795
0.007526061002	0.0010571	0.00079233	0.00063617	0.00055926	0.00050458	0.00046369	0.00043234	0.0004096	0.00039509	0.0003027187496
0.007548703903	0.0010571	0.00079367	0.00063975	0.00056318	0.00050731	0.00046635	0.0004345	0.0004129	0.00039831	0.0003056145896
0.007571346804	0.0010572	0.00079366	0.00064694	0.00057302	0.00051014	0.00046853	0.00043677	0.00041643	0.0004024	0.0003085394496
0.007593989705	0.0010575	0.00079377	0.00064991	0.00057569	0.00051308	0.00047082	0.00043915	0.00041888	0.00040468	0.0003114931779
0.007616632606	0.0010578	0.00079401	0.00065299	0.00057847	0.00051614	0.00047321	0.00044163	0.00042145	0.00040708	0.0003144758367
0.007639275507	0.0010584	0.00079437	0.00065617	0.00058137	0.0005193	0.00047571	0.00044421	0.00042412	0.00040957	0.0003174878211
0.007661918409	0.001059	0.00079487	0.00065944	0.00058437	0.00052258	0.00047831	0.00044691	0.00042689	0.00041217	0.0003205286943
0.00768456131	0.0010598	0.00079549	0.00066281	0.00058749	0.00052597	0.00048102	0.0004497	0.00042977	0.00041488	0.0003235993382
0.007707204211	0.0010607	0.00079624	0.00066629	0.00058987	0.00052947	0.00048384	0.00045261	0.00043276	0.00041769	0.0003267016703
0.007729847112	0.0010617	0.00079711	0.0006692	0.00059237	0.00053308	0.00048676	0.00045562	0.00043585	0.00042061	0.0003298354637
0.007752490013	0.0010628	0.00079811	0.00067153	0.00059498	0.00053681	0.00048979	0.00045873	0.00043905	0.00042363	0.0003330011024
0.007775132914	0.0010641	0.00079924	0.00067399	0.00059772	0.00054064	0.00049293	0.00046195	0.00044235	0.00042675	0.0003361983986
0.007797775815	0.0010655	0.0008005	0.00067657	0.00060057	0.00054458	0.00049617	0.00046528	0.00044576	0.00042998	0.0003394277423
0.007820418716	0.001067	0.00080188	0.00067927	0.00060354	0.00054864	0.00049952	0.00046872	0.00044927	0.00043332	0.0003426904588
0.007843061617	0.0010687	0.00080339	0.00068209	0.00060664	0.00055281	0.00050297	0.00047226	0.0004529	0.00043676	0.0003459874002
0.007865704518	0.0010705	0.00080503	0.00068503	0.00060985	0.00055666	0.00050653	0.0004759	0.00045662	0.0004403	0.0003493189269
0.007888347419	0.0010724	0.0008068	0.00068808	0.00061318	0.00055942	0.00051019	0.00047965	0.00046045	0.00044395	0.0003526848729
0.00791099032	0.0010744	0.00080869	0.00069126	0.00061664	0.00056229	0.00051396	0.00048351	0.00046439	0.0004477	0.0003560853005
0.007933633221	0.0010766	0.00081071	0.00069456	0.00062021	0.00056527	0.00051784	0.00048747	0.00046843	0.00045156	0.0003595199202
0.007956276122	0.0010789	0.00081285	0.00069739	0.0006239	0.00056837	0.00052182	0.00049154	0.00047258	0.00045552	0.0003629890609
0.007978919023	0.0010813	0.00081513	0.00070027	0.00062771	0.00057159	0.00052591	0.00049572	0.00047684	0.00045959	0.0003664926534
0.008001561924	0.0010839	0.00081753	0.00070328	0.00063164	0.00057492	0.00053011	0.0005	0.0004812	0.00046376	0.0003700314074
0.008024204825	0.0010865	0.00082006	0.00070642	0.00063569	0.00057836	0.00053441	0.00050438	0.00048557	0.00046804	0.0003736029521
0.008046847726	0.0010893	0.00082271	0.00070968	0.00063986	0.00058191	0.00053882	0.00050888	0.00048938	0.00047242	0.0003772100222
0.008069490627	0.0010923	0.00082549	0.00071306	0.00064415	0.00058559	0.00054333	0.00051347	0.00049327	0.00047671	0.0003808515766
0.008092133529	0.0010953	0.0008284	0.00071657	0.00064711	0.00058937	0.00054795	0.00051818	0.00049726	0.00048081	0.000384526614
0.00811477643	0.0010985	0.00083144	0.00072021	0.00065004	0.00059327	0.00055267	0.00052299	0.00050134	0.00048496	0.00038823724
0.008137419331	0.0011018	0.0008346	0.00072397	0.00065308	0.00059728	0.0005571	0.00052791	0.00050552	0.0004892	0.0003919836467
0.008160062232	0.0011053	0.00083789	0.00072786	0.00065625	0.00060141	0.00056145	0.00053293	0.00050979	0.00049354	0.0003957629795
0.008182705133	0.0011088	0.00084131	0.00073187	0.00065955	0.00060566	0.00056591	0.00053806	0.00051415	0.00049796	0.0003995796364
0.008205348034	0.0011125	0.00084486	0.00073601	0.00066296	0.00061001	0.00057049	0.00054329	0.0005186	0.00050248	0.0004034324899
0.008227990935	0.0011163	0.00084853	0.00074027	0.0006665	0.00061448	0.00057518	0.00054863	0.00052315	0.00050736	0.0004073215519
0.008250633836	0.0011203	0.00085233	0.00074466	0.00067015	0.00061907	0.00057999	0.00055408	0.0005278	0.00051163	0.0004112468021
0.008273276737	0.0011243	0.00085625	0.00074918	0.00067393	0.00062377	0.0005849	0.00055838	0.00053253	0.00051569	0.0004152082038
0.008295919638	0.0011285	0.00086031	0.00075382	0.00067784	0.00062858	0.00058994	0.00056259	0.00053736	0.00051985	0.0004192058981
0.008318562539	0.0011329	0.00086449	0.00075859	0.00068186	0.0006335	0.00059508	0.00056689	0.00054228	0.00052411	0.0004232395603
0.00834120544	0.0011373	0.00086879	0.00076348	0.000686	0.00063806	0.00060034	0.0005713	0.0005473	0.00052847	0.000427309731
0.008363848341	0.0011419	0.00087323	0.00076771	0.00069027	0.00064275	0.00060572	0.00057581	0.00055241	0.00053292	0.0004314175635
0.008386491242	0.0011466	0.00087779	0.0007715	0.00069466	0.00064755	0.00061121	0.00058042	0.00055761	0.00053748	0.0004355635016
0.008409134143	0.0011515	0.00088248	0.00077541	0.00069917	0.00065248	0.0006164	0.00058513	0.00056275	0.00054213	0.0004397489297
0.008431777044	0.0011564	0.0008873	0.00077944	0.00070381	0.00065752	0.00062096	0.00058995	0.00056693	0.00054688	0.0004439733513
0.008454419945	0.0011615	0.00089224	0.0007836	0.00070856	0.00066269	0.00062561	0.00059486	0.0005712	0.00055123	0.0004482372495
0.008477062846	0.0011667	0.00089731	0.00078788	0.00071344	0.00066797	0.00063037	0.00059988	0.00057556	0.00055536	0.0004525396211
0.008499705748	0.0011721	0.00090251	0.00079228	0.00071844	0.00067338	0.00063524	0.00060499	0.00058002	0.00055958	0.0004568811312
0.008522348649	0.0011775	0.00090783	0.00079681	0.00072356	0.0006789	0.00063996	0.00061021	0.00058457	0.00056389	0.0004612634105
0.00854499155	0.0011831	0.00091329	0.00080147	0.0007288	0.00068455	0.00064463	0.00061553	0.00058921	0.0005683	0.0004656868678
0.008567634451	0.0011889	0.00091886	0.00080625	0.00073416	0.00069031	0.00064941	0.00062095	0.00059394	0.00057279	0.0004701515334
0.008590277352	0.0011947	0.00092457	0.00081115	0.00073965	0.000696	0.0006543	0.00062647	0.00059876	0.00057737	0.0004746575775
0.008612920253	0.0012007	0.0009304	0.00081618	0.00074526	0.00070059	0.0006593	0.00063195	0.00060368	0.00058205	0.0004792048501
0.008635563154	0.0012068	0.00093636	0.00082133	0.00075099	0.00070529	0.00066441	0.00063741	0.00060869	0.00058681	0.0004837933972
0.008658206055	0.0012131	0.00094245	0.0008266	0.00075684	0.00071009	0.00066962	0.00064297	0.00061379	0.00059167	0.0004884238952
0.008680848956	0.0012194	0.00094867	0.000832	0.00076282	0.00071501	0.00067494	0.00064826	0.00061898	0.00059662	0.0004930982798
0.008703491857	0.0012259	0.00095501	0.00083753	0.00076891	0.00072004	0.00068037	0.00065296	0.00062427	0.00060166	0.0004978160152
0.008726134758	0.0012325	0.00096148	0.00084318	0.00077513	0.00072518	0.00068591	0.00065776	0.00062964	0.00060678	0.0005025776048
0.008748777659	0.0012393	0.00096807	0.00084895	0.00078147	0.00073043	0.00069156	0.00066261	0.00063511	0.000612	0.0005073828619
0.00877142056	0.0012461	0.0009748	0.00085485	0.00078793	0.00073579	0.00069731	0.00066764	0.00064067	0.00061732	0.0005122317982
0.008794063461	0.0012531	0.00098165	0.00086087	0.00079451	0.00074126	0.00070317	0.00067273	0.00064633	0.00062269	0.0005171248341
0.008816706362	0.0012603	0.00098862	0.00086701	0.00080122	0.00074684	0.00070914	0.00067792	0.00065134	0.00062773	0.0005220615511
0.008839349263	0.0012675	0.00099573	0.00087328	0.00080805	0.00075253	0.00071522	0.0006832	0.00065639	0.00063285	0.0005270427408
0.008861992164	0.0012749	0.001003	0.00087968	0.000815	0.00075833	0.00072141	0.00068859	0.00066154	0.00063806	0.0005320719217
0.008884635065	0.0012824	0.0010103	0.0008862	0.00082207	0.00076424	0.00072771	0.00069407	0.00066659	0.00064334	0.0005371488171
0.008907277967	0.00129	0.0010178	0.00089284	0.00082926	0.00077026	0.00073411	0.0006992	0.00067123	0.00064866	0.0005422734741
0.008929920868	0.0012978	0.0010254	0.00089961	0.00083658	0.00077639	0.00074017	0.00070428	0.00067597	0.00065276	0.0005474459045
0.008952563769	0.0013057	0.0010332	0.0009065	0.00084358	0.00078263	0.0007455	0.00070946	0.0006808	0.00065694	0.0005526668199
0.00897520667	0.0013137	0.001041	0.00091351	0.00084938	0.00078898	0.00075093	0.00071474	0.00068573	0.00066121	0.0005579359902
0.008997849571	0.0013218	0.001049	0.00092065	0.00085529	0.00079544	0.00075646	0.00072012	0.00069076	0.00066557	0.0005632589515
0.009020492472	0.0013301	0.0010571	0.00092792	0.00086132	0.00080201	0.0007621	0.00072559	0.00069589	0.00067001	0.0005686354482
0.009043135373	0.0013385	0.0010654	0.00093531	0.00086745	0.00080869	0.00076783	0.00073117	0.00070111	0.00067455	0.0005740648287
0.009065778274	0.001347	0.0010738	0.00094282	0.0008737	0.00081548	0.00077365	0.00073685	0.00070502	0.00067917	0.0005795475554
0.009088421175	0.0013557	0.0010823	0.00095046	0.00088007	0.00082238	0.00077958	0.00074262	0.00071185	0.00068389	0.0005850836466
0.009111064076	0.0013645	0.0010909	0.00095822	0.00088654	0.00082939	0.00078561	0.0007485	0.00071705	0.00068869	0.0005906732483
0.009133706977	0.0013734	0.0010997	0.0009661	0.00089313	0.00083651	0.00079173	0.00075447	0.00072225	0.00069358	0.0005963176575
0.009156349878	0.0013824	0.0011085	0.00097411	0.00089983	0.00084374	0.00079796	0.0007601	0.00072754	0.00069855	0.0006020170538
0.009178992779	0.0013916	0.0011176	0.00098225	0.00090664	0.00085109	0.00080428	0.00076561	0.00073292	0.00070362	0.0006077714359
0.00920163568	0.0014009	0.0011267	0.00099051	0.00091357	0.00085854	0.00081071	0.00077121	0.00073839	0.00070877	0.0006135808262
0.009224278581	0.0014103	0.001136	0.00099889	0.00092061	0.00086486	0.00081723	0.00077691	0.00074342	0.00071401	0.0006194451326
0.009246921482	0.0014198	0.0011454	0.0010074	0.00092776	0.00087101	0.00082357	0.00078269	0.00074928	0.00071935	0.0006253644597
0.009269564383	0.0014295	0.0011549	0.001016	0.00093502	0.00087725	0.00082961	0.00078856	0.00075523	0.00072476	0.0006313388471
0.009292207284	0.0014393	0.0011644	0.0010248	0.0009424	0.0008836	0.00083576	0.00079452	0.00076117	0.00073027	0.0006373680248
0.009314850185	0.0014492	0.0011717	0.0010337	0.00094988	0.00088993	0.00084201	0.00080058	0.00076709	0.00073587	0.0006434523023
0.009337493087	0.0014593	0.0011793	0.0010427	0.00095748	0.00089624	0.00084837	0.00080672	0.00077311	0.00074155	0.0006495915661
0.009360135988	0.0014694	0.001187	0.0010518	0.0009652	0.00090264	0.00085482	0.00081296	0.00077921	0.00074732	0.000655785754
0.009382778889	0.0014797	0.0011949	0.001061	0.00097303	0.00090915	0.00086138	0.00081928	0.0007854	0.00075319	0.0006620350056
0.00940542179	0.0014902	0.001203	0.0010704	0.00098096	0.00091576	0.00086805	0.0008257	0.00079168	0.00075913	0.000668339147
0.009428064691	0.0015007	0.0012113	0.0010792	0.00098902	0.00092246	0.00087466	0.0008322	0.00079791	0.00076517	0.0006746988224
0.009450707592	0.0015114	0.0012197	0.0010877	0.00099718	0.00092927	0.00088074	0.00083784	0.00080401	0.0007713	0.0006811127451
0.009473350493	0.0015222	0.0012284	0.0010963	0.0010055	0.00093617	0.0008869	0.00084356	0.00080943	0.00077751	0.0006875816822
0.009495993394	0.0015332	0.0012372	0.0011051	0.0010138	0.00094317	0.00089317	0.00084935	0.00081493	0.00078382	0.0006941057454
0.009518636295	0.0015442	0.0012461	0.0011123	0.0010223	0.00095028	0.00089952	0.00085524	0.00082052	0.00079021	0.0007006848136
0.009541279196	0.0015554	0.0012553	0.0011195	0.001031	0.00095748	0.00090597	0.00086122	0.00082619	0.00079669	0.0007073189335
0.009563922097	0.0015668	0.0012646	0.0011268	0.0010397	0.00096478	0.00091251	0.00086728	0.00083195	0.00080325	0.000714007969
0.009586564998	0.0015782	0.0012741	0.0011343	0.0010472	0.00097218	0.00091915	0.00087342	0.0008378	0.00080979	0.0007207522399
0.009609207899	0.0015898	0.0012838	0.001142	0.0010533	0.00097967	0.00092588	0.00087966	0.00084373	0.00081619	0.0007275535055
0.0096318508	0.0016015	0.0012937	0.0011498	0.0010595	0.00098727	0.0009327	0.00088598	0.00084974	0.00082268	0.0007344162592
0.009654493701	0.0016133	0.0013038	0.0011578	0.0010659	0.00099497	0.00093962	0.00089239	0.00085584	0.00082889	0.0007413414276
0.009677136602	0.0016253	0.001314	0.001166	0.0010724	0.0010028	0.00094662	0.00089888	0.00086203	0.0008347	0.0007483291855
0.009699779503	0.0016374	0.0013244	0.0011743	0.001079	0.0010156	0.00095373	0.00091182	0.00087229	0.00084059	0.0007553792778
0.009722422404	0.0016496	0.001335	0.0011828	0.0010858	0.0010228	0.00096093	0.00091799	0.00087852	0.00084657	0.0007624935948
0.009745065306	0.0016619	0.0013457	0.0011914	0.0010928	0.0010302	0.00096822	0.0009242	0.00088483	0.00085263	0.0007696761213
0.009767708207	0.0016744	0.0013567	0.0012002	0.0010999	0.001042	0.00098239	0.0009373	0.00089604	0.00086536	0.0007769267936
0.009790351108	0.001687	0.0013678	0.0012092	0.0011072	0.0010489	0.00098868	0.00093941	0.00090192	0.00087036	0.0007842455796
0.009812994009	0.0016997	0.0013791	0.0012183	0.0011146	0.001056	0.00099509	0.00094621	0.00090794	0.0008775	0.0007916325205
0.00983563691	0.0017126	0.0013905	0.0012276	0.0011221	0.0010633	0.0010016	0.00095594	0.00091408	0.00088604	0.0007990876285
0.009858279811	0.0017255	0.0014022	0.0012371	0.0011298	0.0010701	0.0010083	0.00096241	0.00092035	0.00089292	0.0008066108781
0.009880922712	0.0017386	0.001414	0.0012467	0.0011377	0.0010766	0.0010151	0.00096882	0.00092676	0.0008984	0.0008142022917
0.009903565613	0.0017519	0.001426	0.0012565	0.0011457	0.0010832	0.0010221	0.00097453	0.0009333	0.00090399	0.0008218618597
0.009926208514	0.0017652	0.0014382	0.0012665	0.0011538	0.0010899	0.0010291	0.00098035	0.00093996	0.0009097	0.0008295895415
0.009948851415	0.0017787	0.0014506	0.0012766	0.0011621	0.0010967	0.0010363	0.00098629	0.00094631	0.00091552	0.0008373854103
0.009971494316	0.0017923	0.0014631	0.0012869	0.0011706	0.0011037	0.0010437	0.00099235	0.00095226	0.00092146	0.0008452494273
0.009994137217	0.0018061	0.0014759	0.0012973	0.0011791	0.0011108	0.0010457	0.00099852	0.00095724	0.00092752	0.0008531817214
0.01001678012	0.0018199	0.0014888	0.001308	0.0011879	0.0011181	0.0010526	0.0010048	0.00096391	0.00093369	0.0008611825019
0.01003942302	0.0018339	0.0015018	0.0013187	0.0011968	0.001125	0.0010624	0.0010127	0.00097268	0.000939	0.0008692504217
0.01006206592	0.001848	0.0015151	0.0013297	0.0012058	0.001133	0.0010699	0.0010177	0.00097722	0.00094622	0.0008773870541
0.01008470882	0.0018623	0.0015285	0.0013408	0.001215	0.0011407	0.0010741	0.0010244	0.00098374	0.00095289	0.0008855918932
0.01010735172	0.0018721	0.0015421	0.0013516	0.0012244	0.0011484	0.0010815	0.0010311	0.00099039	0.00095953	0.0008938656094
0.01012999462	0.0018761	0.0015559	0.0013626	0.0012338	0.0011564	0.0010891	0.001038	0.00099714	0.00096627	0.0009022088808
0.01015263752	0.0018804	0.0015699	0.0013738	0.0012435	0.0011644	0.0010967	0.0010449	0.001004	0.00097314	0.0009106290034
0.01017528043	0.001885	0.001584	0.0013851	0.0012533	0.0011726	0.0011045	0.001052	0.001011	0.00098012	0.0009191249075
0.01019792333	0.0018899	0.0015984	0.0013966	0.0012632	0.0011809	0.0011124	0.0010593	0.0010181	0.00098721	0.000927697085
0.01022056623	0.0018952	0.0016129	0.0014082	0.0012733	0.0011887	0.0011204	0.0010666	0.0010253	0.00099442	0.0009363453199
0.01024320913	0.0019008	0.0016275	0.00142	0.0012835	0.0011966	0.0011285	0.001074	0.0010327	0.0010017	0.0009450698089
0.01026585203	0.0019067	0.0016424	0.001432	0.0012932	0.0012046	0.0011368	0.0010816	0.0010401	0.0010092	0.0009538708232
0.01028849493	0.001913	0.0016574	0.0014441	0.0013029	0.0012127	0.0011452	0.0010893	0.0010477	0.0010167	0.0009627467499
0.01031113783	0.0019196	0.0016697	0.0014563	0.0013127	0.0012209	0.0011537	0.001097	0.0010554	0.0010244	0.0009716990757
0.01033378073	0.0019265	0.0016746	0.0014687	0.0013227	0.0012293	0.0011623	0.0011049	0.0010632	0.0010322	0.0009807267984
0.01035642363	0.0019337	0.0016799	0.0014813	0.0013328	0.0012377	0.001171	0.001113	0.0010711	0.0010401	0.0009898311502
0.01037906654	0.0019412	0.0016854	0.0014941	0.001343	0.0012463	0.0011795	0.0011211	0.0010791	0.0010481	0.0009990136307
0.01040170944	0.0019491	0.0016913	0.0015069	0.0013534	0.001255	0.0011875	0.0011294	0.0010873	0.0010563	0.001008273312
0.01042435234	0.0019573	0.0016975	0.00152	0.0013639	0.0012639	0.0011955	0.0011377	0.0010955	0.0010645	0.001017619343
0.01044699524	0.0019659	0.001704	0.0015332	0.0013746	0.0012728	0.0012037	0.0011462	0.0011039	0.0010729	0.001027049572
0.01046963814	0.0019747	0.0017109	0.0015466	0.0013853	0.0012819	0.001212	0.0011548	0.0011124	0.0010814	0.001036563837
0.01049228104	0.0019839	0.001718	0.0015601	0.0013962	0.0012911	0.0012205	0.0011635	0.001121	0.00109	0.001046163455
0.01051492394	0.0019934	0.0017255	0.0015738	0.0014073	0.0013004	0.001229	0.0011724	0.0011297	0.0010987	0.001055847198
0.01053756684	0.0020033	0.0017333	0.0015833	0.0014185	0.0013098	0.0012377	0.0011813	0.0011386	0.0011075	0.001065615649
0.01056020974	0.0020135	0.0017414	0.0015916	0.0014298	0.0013194	0.0012464	0.0011904	0.0011475	0.0011164	0.001075468573
0.01058285264	0.0020239	0.0017498	0.0015968	0.0014412	0.001329	0.0012553	0.0011995	0.0011566	0.0011255	0.001085407441
0.01060549555	0.0020348	0.0017586	0.0016018	0.0014528	0.0013383	0.0012643	0.0012088	0.0011658	0.0011347	0.001095428525
0.01062813845	0.0020459	0.0017677	0.0016071	0.0014645	0.0013449	0.0012735	0.0012182	0.0011751	0.001144	0.001105536862
0.01065078135	0.0020574	0.001777	0.0016127	0.0014764	0.0013517	0.0012827	0.0012278	0.0011845	0.0011534	0.001115730285
0.01067342425	0.0020692	0.0017868	0.0016186	0.0014884	0.0013587	0.001292	0.0012358	0.001194	0.0011629	0.001126009601
0.01069606715	0.0020813	0.0017968	0.0016248	0.0015005	0.001366	0.0013	0.0012437	0.0012037	0.0011725	0.001136374377
0.01071871005	0.0020938	0.0018071	0.0016312	0.0015128	0.0013734	0.0013078	0.0012519	0.0012114	0.0011823	0.001146824858
0.01074135295	0.0021066	0.0018178	0.0016379	0.0015204	0.0013811	0.0013159	0.0012603	0.0012189	0.0011922	0.00115736119
0.01076399585	0.0021197	0.0018288	0.0016449	0.0015254	0.001389	0.0013241	0.0012684	0.0012266	0.0012021	0.00116798271
0.01078663875	0.0021331	0.0018401	0.0016522	0.0015306	0.0013972	0.0013326	0.0012759	0.0012346	0.0012122	0.001178690054
0.01080928166	0.0021469	0.0018517	0.0016597	0.0015361	0.0014056	0.00134	0.0012836	0.0012428	0.0012217	0.001189483682
0.01083192456	0.002161	0.0018637	0.0016675	0.0015418	0.0014142	0.0013476	0.0012915	0.0012511	0.0012308	0.001200366719
0.01085456746	0.0021754	0.0018759	0.0016756	0.0015478	0.001423	0.0013554	0.0012997	0.0012597	0.0012401	0.001211349814
0.01087721036	0.0021901	0.0018885	0.0016839	0.0015541	0.001432	0.0013634	0.0013081	0.0012685	0.0012497	0.001222430315
0.01089985326	0.0022052	0.0019014	0.0016926	0.0015606	0.0014413	0.0013716	0.0013166	0.0012776	0.0012594	0.00123361073
0.01092249616	0.0022206	0.0019146	0.0017015	0.0015674	0.0014508	0.00138	0.0013254	0.0012868	0.0012693	0.00124489018
0.01094513906	0.0022363	0.0019281	0.0017106	0.0015744	0.0014606	0.0013887	0.0013344	0.0012962	0.0012794	0.001256269141
0.01096778196	0.0022524	0.001942	0.0017201	0.0015817	0.0014705	0.0013975	0.0013437	0.0013059	0.0012898	0.001267748108
0.01099042486	0.0022688	0.0019562	0.0017298	0.0015892	0.0014807	0.0014066	0.0013531	0.0013158	0.0013003	0.001279327479
0.01101306776	0.0022855	0.0019707	0.0017398	0.001597	0.0014911	0.0014159	0.0013628	0.0013259	0.001311	0.001291014523
0.01103571067	0.0023025	0.0019855	0.0017501	0.0016051	0.0015017	0.0014255	0.0013727	0.0013362	0.001322	0.001302828441
0.01105835357	0.0023198	0.0020006	0.0017607	0.0016134	0.0015126	0.0014352	0.0013828	0.0013467	0.0013331	0.001314775924
0.01108099647	0.0023375	0.0020161	0.0017715	0.001622	0.0015237	0.0014451	0.0013931	0.0013574	0.0013444	0.00132685688
0.01110363937	0.0023555	0.0020318	0.0017826	0.0016308	0.001535	0.0014553	0.0014036	0.0013684	0.001356	0.001339071251
0.01112628227	0.0023739	0.0020479	0.001794	0.0016399	0.0015465	0.0014657	0.0014143	0.0013796	0.0013677	0.001351420321
0.01114892517	0.0023925	0.0020642	0.0018056	0.0016492	0.0015583	0.0014763	0.0014253	0.0013909	0.0013797	0.001363920434
0.01117156807	0.0024115	0.0020775	0.0018175	0.0016588	0.0015695	0.0014871	0.0014365	0.0014025	0.0013918	0.00137659491
0.01119421097	0.0024308	0.0020912	0.0018297	0.0016687	0.0015782	0.0014982	0.0014479	0.0014143	0.0014041	0.001389454121
0.01121685387	0.0024505	0.0021051	0.0018422	0.0016788	0.0015872	0.0015095	0.0014595	0.0014263	0.0014166	0.001402498099
0.01123949678	0.0024705	0.0021193	0.001855	0.0016892	0.0015965	0.0015209	0.0014713	0.0014386	0.0014292	0.00141572802
0.01126213968	0.0024908	0.0021338	0.001868	0.0016998	0.0016059	0.0015326	0.0014834	0.001451	0.001442	0.001429144613
0.01128478258	0.0025114	0.0021485	0.0018813	0.0017107	0.0016157	0.0015445	0.0014956	0.0014637	0.001455	0.001442747925
0.01130742548	0.0025323	0.0021635	0.0018949	0.0017218	0.0016257	0.0015567	0.0015081	0.0014766	0.0014683	0.00145653792
0.01133006838	0.0025536	0.0021788	0.0019087	0.0017332	0.0016359	0.001569	0.0015208	0.0014896	0.0014817	0.001470514801
0.01135271128	0.0025752	0.0021944	0.0019229	0.0017449	0.0016464	0.0015816	0.0015337	0.001503	0.0014954	0.001484677998
0.01137535418	0.0025972	0.0022103	0.0019373	0.0017568	0.0016571	0.0015944	0.0015468	0.0015165	0.0015092	0.001499028368
0.01139799708	0.0026194	0.0022264	0.0019519	0.001769	0.0016681	0.0016074	0.0015602	0.0015302	0.0015233	0.001513564812
0.01142063998	0.002642	0.0022429	0.0019669	0.0017814	0.0016794	0.0016198	0.0015737	0.0015441	0.0015375	0.001528288249
0.01144328288	0.0026649	0.0022596	0.0019821	0.0017941	0.0016909	0.0016319	0.0015875	0.0015583	0.001552	0.001543198813
0.01146592579	0.0026881	0.0022765	0.0019976	0.0018071	0.0017026	0.0016443	0.0016015	0.0015727	0.0015667	0.001558295604
0.01148856869	0.0027117	0.0022938	0.0020134	0.0018203	0.0017146	0.0016569	0.0016157	0.0015873	0.0015816	0.001573578902
0.01151121159	0.0027356	0.0023113	0.0020294	0.0018338	0.0017268	0.0016697	0.0016301	0.0016021	0.0015967	0.001589049741
0.01153385449	0.0027598	0.0023292	0.0020458	0.0018475	0.0017393	0.0016828	0.0016448	0.0016171	0.001612	0.001604705773
0.01155649739	0.0027844	0.0023473	0.0020624	0.0018615	0.0017521	0.0016961	0.0016596	0.0016323	0.0016275	0.001620549901
0.01157914029	0.0028092	0.0023656	0.0020792	0.0018757	0.0017651	0.0017097	0.0016747	0.0016478	0.0016432	0.001636579754
0.01160178319	0.0028344	0.0023843	0.0020964	0.0018902	0.0017783	0.0017233	0.0016848	0.0016634	0.0016591	0.001652796491
0.01162442609	0.00286	0.0024032	0.0021138	0.001905	0.0017918	0.0017354	0.0016981	0.0016793	0.0016752	0.001669200062
0.01164706899	0.0028858	0.0024224	0.0021315	0.00192	0.0018056	0.001748	0.0017118	0.0016954	0.0016916	0.001685790413
0.0116697119	0.002912	0.0024419	0.0021495	0.0019353	0.0018196	0.0017609	0.0017258	0.0017117	0.0017079	0.001702567381
0.0116923548	0.0029385	0.0024617	0.0021677	0.0019508	0.0018338	0.0017742	0.0017403	0.0017282	0.0017244	0.001719531328
0.0117149977	0.0029653	0.0024817	0.0021863	0.0019666	0.0018483	0.0017879	0.0017551	0.0017449	0.001741	0.001736681655
0.0117376406	0.0029925	0.002502	0.002205	0.0019826	0.0018631	0.001802	0.0017703	0.0017619	0.0017578	0.001754018451
0.0117602835	0.00302	0.0025227	0.0022241	0.0019989	0.0018781	0.0018166	0.0017858	0.001779	0.0017749	0.001771542171
0.0117829264	0.0030478	0.0025435	0.0022435	0.0020136	0.0018917	0.0018315	0.0018018	0.0017964	0.0017922	0.001789252577
0.0118055693	0.0030759	0.0025647	0.0022631	0.0020282	0.0019052	0.0018468	0.0018181	0.0018136	0.0018096	0.001807149915
0.0118282122	0.0031044	0.0025861	0.002283	0.0020434	0.0019192	0.0018625	0.0018348	0.0018305	0.0018269	0.001825233478
0.0118508551	0.0031332	0.0026079	0.0023032	0.0020589	0.0019335	0.0018786	0.0018519	0.0018475	0.0018444	0.001843503958
0.011873498	0.0031623	0.0026299	0.0023218	0.0020749	0.0019483	0.0018951	0.0018694	0.0018649	0.0018623	0.001861961206
0.01189614091	0.0031918	0.0026521	0.0023389	0.0020913	0.0019635	0.001912	0.0018872	0.0018826	0.001880605278	0.001880605278
0.01191878381	0.003228	0.00268	0.0023564	0.0021081	0.0019792	0.0019293	0.0019055	0.0019007	0.001899446229	0.001899446229
0.01194142671	0.0032508	0.0027004	0.0023743	0.0021254	0.0019952	0.001947	0.0019241	0.0019192	0.0019192	0.001918527762
0.01196406961	0.0032849	0.0027212	0.0023879	0.0021431	0.0020117	0.0019651	0.001943	0.0019381	0.0019381	0.001937863001
0.01198671251	0.0032799	0.0027424	0.0023981	0.0021612	0.0020286	0.0019836	0.0019624	0.001957460087	0.001957460087	0.001957460087
0.01200935541	0.0032702	0.0027641	0.0024307	0.0021797	0.0020459	0.0020024	0.0019822	0.001977352358	0.001977352358	0.001977352358
0.01203199831	0.0032371	0.002778	0.0024504	0.0021987	0.0020637	0.0020217	0.0020023	0.00199757453	0.00199757453	0.00199757453
0.01205464121	0.0032105	0.0027583	0.0024705	0.0022181	0.0020819	0.0020414	0.0020228	0.002018126583	0.002018126583	0.002018126583
0.01207728411	0.0031903	0.002745	0.002491	0.002238	0.0021005	0.0020615	0.0020437	0.002039008455	0.002039008455	0.002039008455
0.01209992702	0.0031765	0.002738	0.002476	0.0022433	0.0021052	0.0020686	0.0020604	0.0020604	0.0020604	0.002060220158
0.01212256992	0.0031691	0.0027374	0.002497	0.002257	0.0021189	0.0020882	0.002081779701	0.002081779701	0.002081779701	0.002081779701
0.01214521282	0.0031681	0.0027431	0.0024912	0.0023344	0.0021344	0.002109	0.002103778401	0.002103778401	0.002103778401	0.002103778401
0.01216785572	0.0031735	0.0027552	0.0024828	0.0023264	0.0021515	0.002131	0.002126748677	0.002126748677	0.002126748677	0.002126748677
0.01219049862	0.0031853	0.0027449	0.0024799	0.0023121	0.0021704	0.0021541	0.00215084225	0.00215084225	0.00215084225	0.00215084225
0.01221314152	0.0032035	0.0027382	0.0024826	0.002303	0.0021909	0.0021785	0.002176039218	0.002176039218	0.002176039218	0.002176039218
0.01223578442	0.0032282	0.0027372	0.0024908	0.0022991	0.0022131	0.002204	0.00220236049	0.00220236049	0.00220236049	0.00220236049
0.01225842732	0.0032593	0.0027419	0.002497	0.0023004	0.002237	0.0022307	0.00222979802	0.00222979802	0.00222979802	0.00222979802
0.01228107022	0.0032967	0.0027524	0.0024942	0.0023067	0.0022626	0.0022586	0.002258351899	0.002258351899	0.002258351899	0.002258351899
0.01230371312	0.0033406	0.0027685	0.0024968	0.0023183	0.0022899	0.002288022173	0.002288022173	0.002288022173	0.002288022173	0.002288022173
0.01232635603	0.0033909	0.0027904	0.0025048	0.002335	0.0023189	0.002318808906	0.002318808906	0.002318808906	0.002318808906	0.002318808906
0.01234899893	0.0034476	0.002818	0.0025181	0.0023568	0.002350711887	0.002350711887	0.002350711887	0.002350711887	0.002350711887	0.002350711887
0.01237164183	0.0033815	0.0028514	0.0025369	0.002383816174	0.002383816174	0.002383816174	0.002383816174	0.002383816174	0.002383816174	0.002383816174
0.01239428473	0.0033456	0.0028904	0.002561	0.002418420152	0.002418420152	0.002418420152	0.002418420152	0.002418420152	0.002418420152	0.002418420152
0.01241692763	0.0033522	0.0029352	0.0025904	0.002456520743	0.002456520743	0.002456520743	0.002456520743	0.002456520743	0.002456520743	0.002456520743
0.01243957053	0.0034014	0.0029857	0.0026253	0.002499869215	0.002499869215	0.002499869215	0.002499869215	0.002499869215	0.002499869215	0.002499869215
0.01246221343	0.0034933	0.0029888	0.0027988	0.002548483097	0.002548483097	0.002548483097	0.002548483097	0.002548483097	0.002548483097	0.002548483097
0.01248485633	0.0036277	0.002998	0.0027629	0.00260235717	0.00260235717	0.00260235717	0.00260235717	0.00260235717	0.00260235717	0.00260235717
0.01250749923	0.0038047	0.003036	0.002751	0.002661494023	0.002661494023	0.002661494023	0.002661494023	0.002661494023	0.002661494023	0.002661494023
0.01253014214	0.0037444	0.0031028	0.002763	0.002725892288	0.002725892288	0.002725892288	0.002725892288	0.002725892288	0.002725892288	0.002725892288
0.01255278504	0.0035465	0.0031983	0.0027991	0.00279555203	0.00279555203	0.00279555203	0.00279555203	0.00279555203	0.00279555203	0.00279555203
0.01257542794	0.0034635	0.0032348	0.002870585189	0.002870585189	0.002870585189	0.002870585189	0.002870585189	0.002870585189	0.002870585189	0.002870585189
0.01259807084	0.0034953	0.0031295	0.002963539116	0.002963539116	0.002963539116	0.002963539116	0.002963539116	0.002963539116	0.002963539116	0.002963539116
0.01262071374	0.0036421	0.0031126	0.003083039382	0.003083039382	0.003083039382	0.003083039382	0.003083039382	0.003083039382	0.003083039382	0.003083039382
0.01264335664	0.0039037	0.003233212866	0.003233212866	0.003233212866	0.003233212866	0.003233212866	0.003233212866	0.003233212866	0.003233212866	0.003233212866
0.01266599954	0.0042802	0.003496739591	0.003496739591	0.003496739591	0.003496739591	0.003496739591	0.003496739591	0.003496739591	0.003496739591	0.003496739591
0.01268864244	0.0047717	0.003905960908	0.003905960908	0.003905960908	0.003905960908	0.003905960908	0.003905960908	0.003905960908	0.003905960908	0.003905960908
0.01271128534	0.005378	0.00446087828	0.00446087828	0.00446087828	0.00446087828	0.00446087828	0.00446087828	0.00446087828	0.00446087828	0.00446087828
0.01273392824	0.0060992	0.005161482789	0.005161482789	0.005161482789	0.005161482789	0.005161482789	0.005161482789	0.005161482789	0.005161482789	0.005161482789
0.01275657115	0.0079438	0.006007780266	0.006007780266	0.006007780266	0.006007780266	0.006007780266	0.006007780266	0.006007780266	0.006007780266	0.006007780266
0.01277921405	0.0078601	0.006999771095	0.006999771095	0.006999771095	0.006999771095	0.006999771095	0.006999771095	0.006999771095	0.006999771095	0.006999771095
0.01280185695	0.008137453543	0.008137453543	0.008137453543	0.008137453543	0.008137453543	0.008137453543	0.008137453543	0.008137453543	0.008137453543	0.008137453543
0.01282449985	0.009867962774	0.009867962774	0.009867962774	0.009867962774	0.009867962774	0.009867962774	0.009867962774	0.009867962774	0.009867962774	0.009867962774
0.01284714275	0.01307153429	0.01307153429	0.01307153429	0.01307153429	0.01307153429	0.01307153429	0.01307153429	0.01307153429	0.01307153429	0.01307153429
0.01286978565	0.01777163174	0.01777163174	0.01777163174	0.01777163174	0.01777163174	0.01777163174	0.01777163174	0.01777163174	0.01777163174	0.01777163174
0.01289242855	0.02396825372	0.02396825372	0.02396825372	0.02396825372	0.02396825372	0.02396825372	0.02396825372	0.02396825372	0.02396825372	0.02396825372
