0.00143202418	0.00028106	0.00020141	0.00015254	0.0001266	0.00011133	9.9568e-005	9.212e-005	8.6033e-005	8.0753e-005	4.710208194e-005
0.001454990444	0.00027818	0.00020201	0.00015338	0.00012724	0.00011125	9.9839e-005	9.1938e-005	8.6033e-005	8.054e-005	4.710435791e-005
0.001477956708	0.00027848	0.00020337	0.00015438	0.00012781	0.00011131	9.9062e-005	9.1447e-005	8.5476e-005	8.0388e-005	4.711301964e-005
0.001500922972	0.00027989	0.00020292	0.0001547	0.00012801	0.00011152	9.8983e-005	9.1574e-005	8.5377e-005	8.0298e-005	4.712886289e-005
0.001523889236	0.00027435	0.00019802	0.0001552	0.00012989	0.00011239	9.8972e-005	9.1766e-005	8.5339e-005	8.0269e-005	4.714450271e-005
0.0015468555	0.00026886	0.00019414	0.00015598	0.00012974	0.00011401	0.00010418	9.3686e-005	8.6047e-005	8.1599e-005	4.716894636e-005
0.001569821764	0.00026443	0.00019131	0.00015703	0.00012945	0.00011415	0.00010431	9.5218e-005	8.6141e-005	8.1834e-005	4.719868961e-005
0.001592788028	0.00026106	0.00018952	0.00015803	0.00012941	0.00011346	0.00010075	9.1486e-005	8.524e-005	8.055e-005	4.7232354e-005
0.001615754292	0.00025873	0.00018876	0.00015781	0.00012961	0.00011363	0.00010094	9.1413e-005	8.5295e-005	8.0767e-005	4.727259665e-005
0.001638720556	0.00025747	0.00018904	0.00015663	0.00013006	0.00011387	0.00010119	9.1407e-005	8.5414e-005	8.0799e-005	4.731938913e-005
0.00166168682	0.00025726	0.00019035	0.00015609	0.00013074	0.00011418	0.00010151	9.1466e-005	8.5597e-005	8.0821e-005	4.736955913e-005
0.001684653084	0.0002581	0.00019271	0.00015509	0.0001304	0.00011406	0.00010082	9.159e-005	8.5845e-005	8.0903e-005	4.742509996e-005
0.001707619348	0.00026	0.0001961	0.0001538	0.00013075	0.00011444	0.00010135	9.178e-005	8.5976e-005	8.1048e-005	4.748707125e-005
0.001730585612	0.00026295	0.00019642	0.00015328	0.00013118	0.00011489	0.00010196	9.2036e-005	8.6059e-005	8.1254e-005	4.755816839e-005
0.001753551877	0.00026696	0.00019462	0.00015351	0.00013167	0.00011541	0.00010206	9.2357e-005	8.6204e-005	8.1521e-005	4.762860555e-005
0.001776518141	0.00027202	0.00019363	0.00015451	0.00013207	0.00011526	0.00010231	9.2744e-005	8.6413e-005	8.179e-005	4.770607644e-005
0.001799484405	0.00027814	0.00019346	0.00015627	0.00013282	0.0001151	0.00010264	9.3197e-005	8.6686e-005	8.175e-005	4.779014906e-005
0.001822450669	0.00028531	0.0001941	0.00015875	0.00013303	0.00011508	0.00010303	9.3715e-005	8.7021e-005	8.1793e-005	4.788030031e-005
0.001845416933	0.00029354	0.00019555	0.00015765	0.00013228	0.0001152	0.00010301	9.4299e-005	8.7419e-005	8.1866e-005	4.797307513e-005
0.001868383197	0.00029753	0.00019781	0.00015727	0.00013169	0.00011546	0.00010299	9.4656e-005	8.788e-005	8.2837e-005	4.80713373e-005
0.001891349461	0.00029585	0.00020089	0.00015762	0.00013126	0.00011494	0.00010311	9.4779e-005	8.8405e-005	8.3254e-005	4.817500023e-005
0.001914315725	0.00029439	0.00020391	0.00015772	0.000131	0.00011446	0.00010288	9.5038e-005	8.8883e-005	8.3538e-005	4.828271899e-005
0.001937281989	0.00029315	0.00020281	0.0001572	0.00013069	0.00011387	0.00010267	9.514e-005	8.8839e-005	8.369e-005	4.839589764e-005
0.001960248253	0.00029212	0.00020189	0.00015689	0.00012985	0.00011337	0.00010262	9.5202e-005	8.8635e-005	8.3972e-005	4.851188203e-005
0.001983214517	0.00029132	0.00020116	0.00015679	0.00012921	0.00011307	0.00010273	9.5424e-005	8.8586e-005	8.4384e-005	4.863386829e-005
0.002006180781	0.00029073	0.00020061	0.00015674	0.00012877	0.00011296	0.000103	9.5484e-005	8.8692e-005	8.4927e-005	4.875996766e-005
0.002029147045	0.00029036	0.00019969	0.00015626	0.00012854	0.00011306	0.00010343	9.5628e-005	8.8952e-005	8.5096e-005	4.888948169e-005
0.002052113309	0.00029021	0.00019879	0.00015597	0.0001285	0.00011335	0.00010398	9.5928e-005	8.9366e-005	8.5359e-005	4.902450012e-005
0.002075079573	0.00029029	0.00019811	0.00015586	0.00012867	0.00011383	0.00010407	9.6383e-005	8.9935e-005	8.5763e-005	4.916522859e-005
0.002098045837	0.00029058	0.00019765	0.00015593	0.00012904	0.00011452	0.00010435	9.6887e-005	9.0658e-005	8.5901e-005	4.930935542e-005
0.002121012101	0.00029108	0.0001974	0.00015618	0.0001296	0.0001154	0.00010482	9.7171e-005	9.1015e-005	8.5906e-005	4.945945406e-005
0.002143978365	0.00029181	0.00019737	0.00015663	0.00013037	0.00011648	0.00010548	9.7542e-005	9.1313e-005	8.6164e-005	4.961460133e-005
0.002166944629	0.00029276	0.00019755	0.00015725	0.00013134	0.00011739	0.00010633	9.7998e-005	9.1697e-005	8.6422e-005	4.977442543e-005
0.002189910893	0.00029392	0.00019795	0.00015806	0.00013251	0.00011742	0.00010713	9.8125e-005	9.1901e-005	8.6841e-005	4.993627476e-005
0.002212877157	0.00029531	0.00019857	0.00015901	0.00013388	0.00011755	0.00010729	9.8404e-005	9.1918e-005	8.7319e-005	5.010479855e-005
0.002235843421	0.00029691	0.0001994	0.00015972	0.00013545	0.00011778	0.00010756	9.8883e-005	9.2129e-005	8.797e-005	5.027747954e-005
0.002258809685	0.00029874	0.00020045	0.00016065	0.00013635	0.00011812	0.00010793	9.9562e-005	9.2536e-005	8.8794e-005	5.045497704e-005
0.002281775949	0.00030078	0.00020171	0.00016179	0.00013746	0.00011855	0.00010842	0.00010044	9.3139e-005	8.9188e-005	5.063652821e-005
0.002304742213	0.00030304	0.00020319	0.00016315	0.00013879	0.00011909	0.00010901	0.00010102	9.3936e-005	8.8651e-005	5.082311348e-005
0.002327708477	0.00030552	0.00020489	0.00016472	0.00013848	0.00011972	0.00010972	0.00010063	9.3026e-005	8.7778e-005	5.101439716e-005
0.002350674741	0.00030822	0.0002068	0.00016631	0.00013814	0.00012046	0.00011053	0.00010084	9.3474e-005	8.8163e-005	5.121227955e-005
0.002373641005	0.00031113	0.00020893	0.00016583	0.00013794	0.00012094	0.00011097	0.0001011	9.397e-005	8.8509e-005	5.141226655e-005
0.002396607269	0.00031427	0.00021127	0.00016547	0.00013787	0.00012111	0.0001113	0.00010141	9.4264e-005	8.8753e-005	5.161915364e-005
0.002419573533	0.00031763	0.00021383	0.00016525	0.00013792	0.00012141	0.00011159	0.00010177	9.4603e-005	8.9047e-005	5.183131412e-005
0.002442539797	0.0003212	0.0002166	0.00016517	0.00013812	0.00012184	0.000112	0.00010218	9.4993e-005	8.9393e-005	5.205505301e-005
0.002465506062	0.000325	0.00021959	0.00016522	0.00013844	0.00012241	0.00011255	0.00010264	9.5434e-005	8.9791e-005	5.227771064e-005
0.002488472326	0.00032901	0.0002228	0.00016541	0.0001389	0.0001231	0.00011306	0.00010315	9.5927e-005	9.0239e-005	5.250739834e-005
0.00251143859	0.00033324	0.00022622	0.00016572	0.00013949	0.00012393	0.0001135	0.00010372	9.6472e-005	9.0739e-005	5.273726487e-005
0.002534404854	0.00033769	0.00022986	0.00016618	0.00014022	0.00012489	0.00011392	0.00010434	9.7068e-005	9.129e-005	5.298277945e-005
0.002557371118	0.00034236	0.00023181	0.00016676	0.00014107	0.00012598	0.00011438	0.00010488	9.7715e-005	9.1893e-005	5.322406051e-005
0.002580337382	0.00034725	0.00023249	0.00016749	0.00014206	0.00012669	0.00011489	0.0001054	9.8414e-005	9.2547e-005	5.347581033e-005
0.002603303646	0.00035202	0.00023323	0.00016834	0.00014318	0.00012709	0.00011537	0.00010597	9.9164e-005	9.3071e-005	5.373276504e-005
0.00262626991	0.00035266	0.00023259	0.00016933	0.00014444	0.00012756	0.00011585	0.00010659	9.9322e-005	9.3471e-005	5.399734201e-005
0.002649236174	0.00035337	0.00023224	0.00017045	0.00014582	0.00012807	0.00011639	0.00010727	9.9932e-005	9.391e-005	5.426514353e-005
0.002672202438	0.00035414	0.00023254	0.00017171	0.00014734	0.00012864	0.00011698	0.00010796	0.0001006	9.4388e-005	5.454002269e-005
0.002695168702	0.00035497	0.00023347	0.0001731	0.000149	0.00012927	0.00011763	0.00010859	0.00010116	9.4904e-005	5.481714299e-005
0.002718134966	0.00035586	0.00023504	0.00017463	0.00014982	0.00012995	0.00011833	0.00010927	0.00010171	9.5459e-005	5.509949951e-005
0.00274110123	0.00035682	0.00023726	0.00017629	0.0001505	0.00013069	0.00011908	0.00010989	0.00010229	9.6053e-005	5.539025961e-005
0.002764067494	0.00035784	0.00024012	0.00017809	0.00015124	0.00013148	0.0001199	0.00011048	0.00010291	9.6685e-005	5.568144734e-005
0.002787033758	0.00035878	0.00024146	0.00018001	0.00015179	0.00013233	0.00012051	0.00011111	0.00010357	9.7285e-005	5.59810632e-005
0.002810000022	0.00035516	0.00024277	0.00018208	0.00015202	0.00013323	0.00012107	0.0001118	0.00010427	9.7694e-005	5.628660713e-005
0.002832966286	0.00035245	0.00024415	0.00018427	0.00015232	0.00013418	0.00012169	0.00011253	0.00010501	9.8791e-005	5.659811261e-005
0.00285593255	0.00035065	0.00024559	0.00018661	0.00015269	0.00013519	0.00012235	0.00011331	0.00010578	9.931e-005	5.691357738e-005
0.002878898814	0.00034977	0.00024709	0.00018843	0.00015313	0.00013626	0.00012307	0.00011413	0.0001066	9.9766e-005	5.724011061e-005
0.002901865078	0.0003498	0.00024866	0.00018859	0.00015364	0.00013731	0.00012384	0.000115	0.00010733	0.00010025	5.757002513e-005
0.002924831342	0.00035074	0.00025029	0.00018883	0.00015422	0.00013816	0.00012466	0.00011593	0.00010808	0.00010034	5.7905241e-005
0.002947797606	0.0003526	0.00025199	0.00018913	0.00015487	0.00013908	0.00012553	0.00011689	0.00010865	0.00010131	5.824578183e-005
0.00297076387	0.00035536	0.00025226	0.00018951	0.00015559	0.00014006	0.00012646	0.00011777	0.00010926	0.00010168	5.859474484e-005
0.002993730134	0.00035905	0.00025197	0.00018996	0.00015638	0.00014112	0.00012743	0.00011862	0.0001099	0.00010248	5.894703289e-005
0.003016696398	0.00036364	0.00025176	0.00019048	0.00015724	0.00014224	0.00012846	0.00011952	0.00011046	0.00010273	5.931028127e-005
0.003039662662	0.00036915	0.00025162	0.00019107	0.00015817	0.00014343	0.00012954	0.00012045	0.00011119	0.00010307	5.967171276e-005
0.003062628926	0.00037557	0.00025156	0.00019174	0.00015917	0.00014468	0.00013068	0.00012143	0.00011191	0.00010345	6.004237423e-005
0.00308559519	0.00037884	0.00025158	0.00019247	0.00016023	0.000146	0.00013186	0.00012216	0.00011256	0.00010386	6.041857851e-005
0.003108561454	0.00038082	0.00025167	0.00019328	0.00016137	0.00014738	0.0001331	0.00012274	0.00011316	0.0001043	6.080165735e-005
0.003131527718	0.00038286	0.00025183	0.00019415	0.00016258	0.00014857	0.00013439	0.00012336	0.00011378	0.00010478	6.118872296e-005
0.003154493983	0.00038496	0.00025208	0.0001951	0.00016386	0.00014981	0.00013561	0.00012403	0.00011443	0.0001053	6.158053379e-005
0.003177460247	0.00038713	0.00025239	0.00019612	0.0001652	0.00015075	0.00013668	0.00012475	0.00011511	0.00010585	6.198078423e-005
0.003200426511	0.00038937	0.00025279	0.00019722	0.00016662	0.00015138	0.0001375	0.0001255	0.00011583	0.00010643	6.238443136e-005
0.003223392775	0.00039166	0.00025326	0.00019838	0.00016811	0.00015205	0.00013837	0.0001263	0.00011657	0.00010705	6.279376063e-005
0.003246359039	0.00039402	0.0002538	0.00019961	0.00016966	0.00015274	0.00013927	0.00012715	0.00011735	0.0001077	6.321327162e-005
0.003269325303	0.00039644	0.00025442	0.00020092	0.00017129	0.00015346	0.00014022	0.00012804	0.00011815	0.00010838	6.363261126e-005
0.003292291567	0.00039893	0.00025512	0.0002023	0.00017298	0.00015423	0.00014122	0.00012879	0.0001187	0.0001091	6.406110761e-005
0.003315257831	0.00040148	0.00025589	0.00020375	0.00017475	0.00015504	0.00014211	0.00012995	0.00011893	0.00010986	6.449568066e-005
0.003338224095	0.00040409	0.00025674	0.00020527	0.00017658	0.00015591	0.00014292	0.00013097	0.00011924	0.00011046	6.49364995e-005
0.003361190359	0.00040677	0.00025766	0.00020686	0.00017849	0.00015681	0.00014376	0.00013203	0.00012052	0.00011147	6.538463353e-005
0.003384156623	0.00040951	0.00025866	0.00020852	0.00018046	0.00015777	0.00014466	0.00013254	0.0001212	0.00011233	6.583673938e-005
0.003407122887	0.0004156	0.00025974	0.00021026	0.00018251	0.00015877	0.0001456	0.00013289	0.00012191	0.00011322	6.629698386e-005
0.003430089151	0.00041519	0.00026089	0.00021127	0.00018462	0.00015981	0.00014658	0.00013433	0.00012266	0.00011414	6.676527539e-005
0.003453055415	0.00041812	0.00026212	0.0002122	0.00018566	0.0001609	0.00014762	0.00013475	0.00012344	0.0001151	6.724279654e-005
0.003476021679	0.00042172	0.00026342	0.00021322	0.00018653	0.00016204	0.00014869	0.00013515	0.00012427	0.00011326	6.771961747e-005
0.003498987943	0.00042392	0.0002648	0.00021435	0.00018745	0.00016322	0.00014982	0.0001359	0.00012512	0.00011386	6.820808698e-005
0.003521954207	0.0004262	0.00026625	0.00021558	0.00018842	0.00016446	0.00015072	0.00013669	0.00012602	0.0001145	6.870375582e-005
0.003544920471	0.00042855	0.00026778	0.0002169	0.00018944	0.00016573	0.00015156	0.00013752	0.00012695	0.00011517	6.921019779e-005
0.003567886735	0.00043098	0.00026939	0.00021833	0.00019051	0.00016705	0.00015244	0.00013838	0.00012792	0.00011891	6.972105408e-005
0.003590852999	0.00043139	0.00027107	0.00021986	0.00019164	0.00016842	0.00015334	0.00013929	0.00012892	0.00011973	7.023649217e-005
0.003613819263	0.00043142	0.00027283	0.00022148	0.00019281	0.00016984	0.00015428	0.00014023	0.00012996	0.00012058	7.076269504e-005
0.003636785527	0.00043157	0.00027466	0.00022321	0.00019404	0.0001713	0.00015526	0.00014121	0.00013088	0.00011826	7.130340336e-005
0.003659751791	0.00043184	0.00027657	0.00022504	0.00019531	0.00017281	0.00015626	0.00014223	0.00013149	0.00011913	7.183972926e-005
0.003682718055	0.00043224	0.00027856	0.00022696	0.00019664	0.00017436	0.0001573	0.00014329	0.00013215	0.00012003	7.23876383e-005
0.003705684319	0.00043276	0.00028062	0.00022899	0.00019802	0.00017578	0.00015836	0.00014439	0.00013285	0.00012097	7.294491316e-005
0.003728650583	0.0004334	0.00028275	0.00023112	0.00019945	0.00017674	0.00015945	0.00014553	0.00013359	0.00012195	7.351158413e-005
0.003751616847	0.00043416	0.00028496	0.00023335	0.00020094	0.00017774	0.00016057	0.0001467	0.00013437	0.00012297	7.40847122e-005
0.003774583111	0.00043505	0.00028725	0.00023567	0.00020247	0.00017879	0.00016153	0.00014792	0.00013519	0.00012403	7.466484397e-005
0.003797549375	0.00043606	0.00028962	0.0002381	0.00020405	0.00017989	0.00016248	0.00014917	0.00013605	0.00012512	7.525345399e-005
0.003820515639	0.00043719	0.00029206	0.00024063	0.00020569	0.00018103	0.00016347	0.00015046	0.00013695	0.00012625	7.584893915e-005
0.003843481903	0.00043844	0.00029457	0.00024326	0.00020738	0.00018222	0.0001645	0.00015179	0.00013844	0.00012742	7.645515564e-005
0.003866448168	0.00043982	0.0002959	0.00024598	0.00020911	0.00018345	0.00016558	0.00015307	0.00013929	0.00012863	7.706941816e-005
0.003889414432	0.00044132	0.00029724	0.00024881	0.0002109	0.00018474	0.00016669	0.00015395	0.00013989	0.00012988	7.769345595e-005
0.003912380696	0.00044294	0.00029871	0.00025174	0.00021221	0.00018591	0.00016785	0.00015488	0.00014096	0.00013116	7.832545819e-005
0.00393534696	0.00044468	0.0003003	0.00025477	0.00021349	0.0001871	0.00016906	0.00015584	0.00014206	0.00013248	7.897128327e-005
0.003958313224	0.00044655	0.00030201	0.00025739	0.00021483	0.00018833	0.0001703	0.00015684	0.00014313	0.00013343	7.962112067e-005
0.003981279488	0.00044854	0.00030385	0.0002587	0.00021623	0.00018961	0.00017158	0.00015789	0.0001442	0.00013424	8.028327013e-005
0.004004245752	0.00045065	0.0003058	0.00026007	0.00021769	0.00019092	0.00017291	0.00015896	0.00014531	0.00013499	8.095450309e-005
0.004027212016	0.00045288	0.00030788	0.00026151	0.00021922	0.00019228	0.00017428	0.00015977	0.00014647	0.00013578	8.163457551e-005
0.00405017828	0.00045524	0.00031009	0.000263	0.00022081	0.00019368	0.00017569	0.00016062	0.00014767	0.0001366	8.232359139e-005
0.004073144544	0.00045772	0.00031241	0.00026456	0.00022246	0.00019512	0.00017715	0.00016153	0.00014892	0.00013747	8.302200661e-005
0.004096110808	0.00046032	0.00031486	0.00026618	0.00022393	0.00019661	0.00017864	0.00016248	0.00015021	0.00013837	8.372852863e-005
0.004119077072	0.00046305	0.00031743	0.00026786	0.00022534	0.00019813	0.00018	0.00016348	0.00015154	0.0001393	8.444395483e-005
0.004142043336	0.00046589	0.00032012	0.0002696	0.00022681	0.0001997	0.00018118	0.00016453	0.00015292	0.00014028	8.51682046e-005
0.0041650096	0.00046886	0.00032293	0.00027141	0.00022834	0.00020131	0.00018242	0.00016563	0.00015366	0.00014129	8.590150916e-005
0.004187975864	0.00047195	0.00032587	0.00027514	0.00023542	0.00020297	0.00018481	0.00016677	0.0001544	0.00014234	8.664440439e-005
0.004210942128	0.00047517	0.00032893	0.00027616	0.00023686	0.00020466	0.00018589	0.00016797	0.00015517	0.00014343	8.73974895e-005
0.004233908392	0.00047851	0.00033211	0.00027726	0.00023574	0.0002064	0.00018702	0.00016921	0.00015599	0.00014455	8.815452568e-005
0.004256874656	0.00048196	0.00033541	0.00027844	0.00023774	0.00020818	0.0001882	0.0001705	0.00015685	0.00014572	8.892494154e-005
0.00427984092	0.00048555	0.00033884	0.0002797	0.00023909	0.0002119	0.00018903	0.00017184	0.00015775	0.00014692	8.970507028e-005
0.004302807184	0.00048925	0.00034239	0.00028105	0.00024054	0.00021365	0.00018983	0.00017323	0.00015869	0.00014815	9.048836287e-005
0.004325773448	0.00049308	0.00034606	0.00028248	0.00024206	0.00021508	0.0001907	0.00017467	0.00015967	0.00014943	9.128409924e-005
0.004348739712	0.00049703	0.00034985	0.00028399	0.00024368	0.00021648	0.00019163	0.00017615	0.0001607	0.00015074	9.208947267e-005
0.004371705976	0.00049945	0.00035377	0.00028559	0.00024537	0.00021763	0.00019263	0.00017769	0.00016177	0.00015209	9.290855996e-005
0.00439467224	0.00049634	0.00035781	0.00028726	0.00024716	0.00021881	0.00019369	0.00017927	0.00016287	0.00015347	9.37301281e-005
0.004417638504	0.00049353	0.00036197	0.00028902	0.00024902	0.00022005	0.00019481	0.0001809	0.00016402	0.0001549	9.456018965e-005
0.004440604768	0.00049102	0.00036625	0.00029086	0.00025098	0.00022136	0.000196	0.00018258	0.00016521	0.00015587	9.540287248e-005
0.004463571032	0.00048882	0.00036987	0.00029279	0.00025301	0.00022273	0.00019725	0.00018419	0.00016644	0.00015683	9.625326108e-005
0.004486537296	0.00048692	0.00037335	0.00029479	0.00025514	0.00022416	0.00019856	0.0001854	0.00016772	0.00015782	9.71135169e-005
0.00450950356	0.00048531	0.000377	0.00029688	0.00025734	0.00022566	0.00019993	0.00018658	0.00016903	0.00015885	9.798412069e-005
0.004532469824	0.00048402	0.00038083	0.00029905	0.00025964	0.00022722	0.00020137	0.00018781	0.00017039	0.00015991	9.886087949e-005
0.004555436088	0.00048302	0.00038483	0.0003013	0.0002616	0.00022884	0.00020288	0.00018908	0.00017179	0.00016102	9.974973057e-005
0.004578402353	0.00048233	0.00038866	0.00030363	0.00026308	0.00023053	0.00020444	0.0001904	0.00017323	0.00016215	0.0001006466065
0.004601368617	0.00048194	0.00039267	0.00030585	0.00026437	0.000232	0.00020607	0.00019177	0.00017471	0.00016333	0.0001015533296
0.004624334881	0.00048185	0.00039609	0.00030767	0.00026574	0.00023328	0.00020776	0.00019318	0.00017623	0.00016454	0.0001024705388
0.004647301145	0.00048206	0.00039617	0.00030958	0.00026717	0.00023462	0.00020952	0.00019459	0.0001778	0.00016579	0.0001034004703
0.004670267409	0.00048258	0.00039656	0.00031158	0.00026866	0.00023603	0.00021134	0.00019573	0.0001794	0.00016707	0.0001043314786
0.004693233673	0.0004834	0.00039724	0.00031368	0.00027023	0.00023751	0.00021323	0.00019691	0.00018105	0.0001684	0.0001052764284
0.004716199937	0.00048452	0.00039823	0.00031587	0.00027186	0.00023906	0.00021517	0.00019815	0.00018274	0.00016975	0.0001062309564
0.004739166201	0.00048594	0.00039953	0.00031816	0.00027356	0.00024067	0.00021718	0.00019943	0.00018447	0.00017115	0.0001071988793
0.004762132465	0.00048767	0.00040112	0.00032054	0.00027532	0.00024234	0.00021926	0.00020076	0.00018624	0.00017258	0.0001081712336
0.004785098729	0.00048969	0.00040302	0.00032302	0.00027715	0.00024409	0.00022139	0.00020213	0.00018805	0.00017405	0.0001091529969
0.004808064993	0.00049202	0.00040522	0.00032558	0.00027905	0.0002459	0.0002236	0.00020356	0.00018991	0.00017555	0.0001101525975
0.004831031257	0.00049466	0.00040772	0.00032824	0.00028102	0.00024778	0.00022528	0.00020503	0.00019174	0.00017709	0.0001111538497
0.004853997521	0.00049759	0.0004103	0.000331	0.00028305	0.00024972	0.00022664	0.00020655	0.00019289	0.00017867	0.0001121668934
0.004876963785	0.00050083	0.00041239	0.00033385	0.00028515	0.00025174	0.00022806	0.00020812	0.00019408	0.00018028	0.0001131914947
0.004899930049	0.00050437	0.00041477	0.00033679	0.00028732	0.00025381	0.00022954	0.00020974	0.00019531	0.00018193	0.0001142268036
0.004922896313	0.00050821	0.00041744	0.00033983	0.00028955	0.00025568	0.00023108	0.00021141	0.00019659	0.00018362	0.0001152730782
0.004945862577	0.00051236	0.00042041	0.00034296	0.00029185	0.00025725	0.00023268	0.00021293	0.00019791	0.00018534	0.0001163335806
0.004968828841	0.0005168	0.00042367	0.00034618	0.00029422	0.00025888	0.00023434	0.0002141	0.00019927	0.00018682	0.0001173984205
0.004991795105	0.00052155	0.00042597	0.0003495	0.00029665	0.00026057	0.00023606	0.00021532	0.00020067	0.00018789	0.0001184779424
0.005014761369	0.00052661	0.00042807	0.00035291	0.00029915	0.00026232	0.00023783	0.00021659	0.00020212	0.000189	0.0001195729465
0.005037727633	0.00053196	0.00043027	0.00035642	0.00030172	0.00026413	0.00023967	0.00021791	0.00020361	0.00019016	0.0001206735023
0.005060693897	0.00053762	0.00043236	0.00035896	0.00030436	0.00026599	0.00024156	0.00021929	0.00020501	0.00019135	0.0001217914906
0.005083660161	0.00054358	0.00043405	0.00036156	0.00030706	0.00026792	0.00024352	0.00022072	0.00020634	0.00019258	0.0001229270118
0.005106626425	0.00054984	0.00043596	0.00036425	0.00031027	0.00027558	0.00024694	0.00022647	0.00020834	0.00019384	0.0001240691575
0.005129592689	0.0005564	0.00043808	0.00036706	0.00031219	0.00027754	0.00024878	0.00022857	0.00020971	0.00019515	0.0001252284842
0.005152558953	0.00056327	0.00044043	0.00036996	0.00031419	0.00027958	0.00025065	0.00023013	0.00021106	0.0001965	0.0001264031824
0.005175525217	0.00057044	0.00044299	0.00037298	0.00031628	0.0002817	0.0002519	0.0002314	0.00021249	0.00019788	0.0001275896646
0.005198491481	0.00057791	0.00044577	0.00037609	0.00031845	0.00028374	0.00025323	0.00023275	0.00021399	0.0001993	0.0001287900335
0.005221457745	0.00058568	0.00044876	0.00037932	0.0003207	0.0002857	0.00025462	0.00023417	0.00021556	0.00020076	0.0001300063889
0.005244424009	0.00059376	0.00045198	0.000381	0.00032461	0.00028836	0.00025962	0.00023901	0.0002209	0.0002053	0.0001312357545
0.005267390273	0.00060213	0.00045537	0.00038226	0.00032658	0.00029026	0.00026168	0.00024094	0.00022247	0.00020701	0.0001324798828
0.005290356538	0.00061082	0.0004582	0.00038369	0.00032863	0.00029222	0.0002639	0.00024219	0.00022408	0.00020875	0.0001337361737
0.005313322802	0.0006198	0.00046122	0.00038529	0.00033078	0.00029425	0.00026628	0.0002435	0.00022572	0.00020904	0.0001350111642
0.005336289066	0.00062908	0.00046443	0.00038707	0.000333	0.00029571	0.00026431	0.00024429	0.00022519	0.00020865	0.0001362938728
0.00535925533	0.00063867	0.00046783	0.00038903	0.00033532	0.00029752	0.00026589	0.00024556	0.00022655	0.00021034	0.0001375942353
0.005382221594	0.00064856	0.00047141	0.00039116	0.00033772	0.00030028	0.00027298	0.00024821	0.00023059	0.00021379	0.0001389084424
0.005405187858	0.00065875	0.00047519	0.00039346	0.00034021	0.0003018	0.0002748	0.00025004	0.00023221	0.0002155	0.0001402371934
0.005428154122	0.00066925	0.00047915	0.00039594	0.00034278	0.00030339	0.00027669	0.0002503	0.00023102	0.00021474	0.0001415803468
0.005451120386	0.00068005	0.00048218	0.0003983	0.00034544	0.00030371	0.00027249	0.00025022	0.00023263	0.00021592	0.0001429377357
0.00547408665	0.00069115	0.00048531	0.00040083	0.00034819	0.00030582	0.00027467	0.00025185	0.00023378	0.00021715	0.0001443098061
0.005497052914	0.00070255	0.00048858	0.00040354	0.00035103	0.000308	0.00027692	0.00025355	0.00023498	0.00021843	0.0001457000017
0.005520019178	0.00071425	0.000492	0.00040642	0.00035395	0.00031025	0.00027901	0.00025532	0.00023623	0.00021978	0.0001471022915
0.005542985442	0.00072546	0.00049556	0.00040947	0.0003567	0.00031257	0.00028117	0.00025714	0.00023755	0.00022118	0.0001485167725
0.005565951706	0.00072859	0.00049927	0.0004127	0.00035907	0.00031496	0.0002834	0.00025904	0.00023892	0.00022264	0.0001499511881
0.00558891797	0.00073263	0.00050313	0.0004161	0.00036113	0.00031743	0.00028526	0.000261	0.00024034	0.00022415	0.0001513986434
0.005611884234	0.00073758	0.00050713	0.00041967	0.00036208	0.00032008	0.00028708	0.0002637	0.00024183	0.00022573	0.0001528626969
0.005634850498	0.00074343	0.00051127	0.00042262	0.00036313	0.00032165	0.00028897	0.00026572	0.00024337	0.00022736	0.0001543454665
0.005657816762	0.00075019	0.00051556	0.000425	0.0003643	0.00032332	0.00029092	0.00026709	0.00024497	0.00022904	0.0001558376714
0.005680783026	0.00075786	0.00051999	0.00042751	0.00036558	0.00032511	0.00029293	0.00026833	0.00024663	0.00023079	0.0001573460396
0.00570374929	0.00076039	0.00052457	0.00043013	0.00036697	0.000327	0.000295	0.00026966	0.00024834	0.00023259	0.0001588709261
0.005726715554	0.00075855	0.0005293	0.00043289	0.00036847	0.000329	0.00029714	0.00027108	0.00025011	0.00023445	0.0001604098538
0.005749681818	0.00075859	0.00053416	0.00043577	0.00037009	0.00033111	0.00029867	0.0002726	0.00025194	0.00023637	0.0001619647942
0.005772648082	0.00076053	0.00053918	0.00043877	0.00037182	0.00033334	0.00029996	0.00027422	0.00025383	0.00023834	0.0001635353788
0.005795614346	0.00076435	0.00054434	0.00044189	0.00037366	0.00033567	0.00030134	0.00027593	0.00025578	0.00024037	0.0001651199482
0.00581858061	0.00077006	0.00054964	0.00044498	0.00037561	0.00033811	0.00030282	0.00027773	0.00025778	0.00024246	0.0001667205797
0.005841546874	0.00077766	0.00055509	0.00044797	0.00037768	0.00033992	0.00030439	0.00027963	0.00025984	0.00024461	0.0001683372098
0.005864513138	0.00078715	0.00056068	0.00045108	0.00037986	0.0003411	0.00030607	0.00028162	0.00026195	0.00024681	0.0001699715032
0.005887479402	0.00079852	0.00056642	0.0004543	0.00038215	0.00034238	0.00030783	0.0002837	0.00026413	0.00024907	0.0001716236056
0.005910445666	0.00081178	0.00057231	0.00045764	0.00038455	0.00034376	0.00030969	0.00028588	0.00026636	0.00025139	0.0001732932419
0.00593341193	0.00082693	0.00057834	0.00046109	0.00038707	0.00034524	0.00031165	0.00028815	0.00026819	0.00025376	0.0001749809722
0.005956378194	0.00084397	0.00058451	0.00046466	0.00038969	0.00034682	0.00031371	0.00029052	0.00026981	0.00025619	0.0001766865975
0.005979344458	0.00085522	0.00059083	0.00046835	0.00039244	0.0003485	0.00031586	0.00029298	0.00027152	0.00025868	0.0001784101092
0.006002310723	0.00086675	0.00059729	0.00047216	0.00039529	0.00035028	0.0003181	0.00029459	0.00027331	0.00026059	0.000180151721
0.006025276987	0.00088188	0.00060242	0.00047608	0.00039825	0.00035215	0.00032045	0.00029644	0.00027517	0.00026319	0.0001819112924
0.006048243251	0.0009006	0.00060427	0.00048011	0.00040133	0.00035413	0.00032289	0.00029808	0.00027712	0.00026532	0.0001836882239
0.006071209515	0.00092292	0.00060655	0.00048393	0.00040452	0.00035621	0.00032542	0.00029979	0.00027915	0.00026752	0.0001854833321
0.006094175779	0.00094883	0.00060926	0.00048453	0.00040782	0.00035838	0.00032805	0.00030159	0.00028126	0.0002698	0.0001872965521
0.006117142043	0.00097833	0.00061239	0.00048554	0.00041124	0.00036066	0.00033078	0.00030348	0.00028344	0.00027216	0.0001891279609
0.006140108307	0.001007	0.00061594	0.00048695	0.00041477	0.00036303	0.0003336	0.00030544	0.00028571	0.0002746	0.0001909768483
0.006163074571	0.0010288	0.00061991	0.00048877	0.00041841	0.0003655	0.00033652	0.00030749	0.00028806	0.00027711	0.0001928439894
0.006186040835	0.001024	0.00062431	0.000491	0.00042216	0.00036808	0.00033923	0.00030962	0.00028989	0.0002765	0.0001947300053
0.006209007099	0.0009613	0.00062913	0.00049363	0.00042419	0.00037075	0.00034183	0.00031184	0.00029218	0.00027894	0.0001966322626
0.006231973363	0.00092211	0.00063438	0.00049667	0.00042492	0.00037352	0.00034375	0.00031413	0.00029458	0.00028147	0.0001985540197
0.006254939627	0.0010016	0.00064001	0.00050011	0.00042602	0.00037639	0.00034571	0.00031651	0.00029708	0.00028411	0.0002004944348
0.006277905891	0.0010751	0.00064166	0.00050396	0.0004275	0.00037936	0.00034776	0.00031897	0.00030102	0.00029087	0.0002024533552
0.006300872155	0.001033	0.00064047	0.00050822	0.00042934	0.00038243	0.00034989	0.00032152	0.00030385	0.00029362	0.0002044323979
0.006323838419	0.00099822	0.00064026	0.00051288	0.00043155	0.0003856	0.00035211	0.00032406	0.00030518	0.00029261	0.0002064308762
0.006346804683	0.00094486	0.00064101	0.00051795	0.00043412	0.00038887	0.00035442	0.00032631	0.00030808	0.00029565	0.0002084480252
0.006369770947	0.00091145	0.00064273	0.00051974	0.00043707	0.00039224	0.00035681	0.00032867	0.00031108	0.00029878	0.0002104854078
0.006392737211	0.0008881	0.00064542	0.00051908	0.00044038	0.00039571	0.00035928	0.00033114	0.00031418	0.00030163	0.0002125425536
0.006415703475	0.00087614	0.00064908	0.00051935	0.00044406	0.00039927	0.00036185	0.00033549	0.00031738	0.00030395	0.0002146194674
0.006438669739	0.00087937	0.00065371	0.00052054	0.00044811	0.00040211	0.00036449	0.00033853	0.00032047	0.00030636	0.0002167165709
0.006461636003	0.00089778	0.00065931	0.00052266	0.00045253	0.00040351	0.00037152	0.00034332	0.00032308	0.00030886	0.0002188326587
0.006484602267	0.00093137	0.00066588	0.0005257	0.00045732	0.00040518	0.00037505	0.00034503	0.00032583	0.00031146	0.0002209688982
0.006507568531	0.00096234	0.00067342	0.00052967	0.0004617	0.00040713	0.00037816	0.00034518	0.00032873	0.00031702	0.0002231260945
0.006530534795	0.00094653	0.00068193	0.00053456	0.00046355	0.00040935	0.00038152	0.00034832	0.00033178	0.00031924	0.0002253038583
0.006553501059	0.00093276	0.00069141	0.00054038	0.00046625	0.00041184	0.00038358	0.0003512	0.00033497	0.00032159	0.0002275035897
0.006576467323	0.00092104	0.00070186	0.00054712	0.00046982	0.0004146	0.00038446	0.00035361	0.00033831	0.00032406	0.0002297248998
0.006599433587	0.00091135	0.00071328	0.00055479	0.00047424	0.00041764	0.00038556	0.0003562	0.00034155	0.00032586	0.0002319678852
0.006622399851	0.0009037	0.00070523	0.00056338	0.00047952	0.00042095	0.00038687	0.00035895	0.00034471	0.00032936	0.0002342366451
0.006645366115	0.00089808	0.00069881	0.00056659	0.00048566	0.00043624	0.00040176	0.00036474	0.00035067	0.00033383	0.0002365331362
0.006668332379	0.00089451	0.00069442	0.00056043	0.00049009	0.00043821	0.00040294	0.00037182	0.00035347	0.000335	0.0002388589619
0.006691298643	0.00089297	0.00069207	0.00055629	0.00049233	0.00043956	0.0004046	0.00037476	0.00035558	0.00033761	0.0002412133785
0.006714264908	0.00089348	0.00069031	0.00055418	0.00049506	0.00044139	0.00040676	0.00038268	0.00035853	0.00034057	0.0002435979725
0.006737231172	0.00089602	0.00069054	0.00055409	0.00049829	0.00044372	0.0004094	0.00038376	0.00036027	0.0003439	0.0002460110066
0.006760197436	0.0009006	0.00069279	0.00055603	0.00051303	0.00044652	0.00039917	0.00037919	0.0003611	0.00034706	0.000248454383
0.0067831637	0.00090722	0.00069706	0.00055999	0.00050624	0.00044985	0.00040196	0.00038317	0.00036393	0.00035022	0.0002509273113
0.006806129964	0.00091587	0.00070336	0.00056597	0.00051097	0.00045365	0.00040496	0.00038717	0.00036691	0.00035352	0.0002534301533
0.006829096228	0.00092657	0.00071169	0.00057399	0.00051619	0.00045794	0.00040818	0.0003898	0.00037002	0.00035674	0.0002559635318
0.006852062492	0.0009393	0.00072204	0.00058402	0.00051676	0.00046272	0.00041161	0.00039264	0.00037475	0.00035989	0.0002585272252
0.006875028756	0.00095407	0.00073442	0.00059609	0.0005158	0.00046734	0.00041525	0.0003955	0.00037845	0.00036248	0.0002611211099
0.00689799502	0.00097088	0.00074882	0.00061017	0.00051571	0.00047013	0.00043157	0.00040368	0.00038211	0.00036307	0.0002637452975
0.006920961284	0.00098973	0.00076528	0.00062385	0.00051649	0.00047369	0.00043579	0.00040829	0.00038417	0.00036616	0.0002664000732
0.006943927548	0.0010106	0.00077252	0.00062379	0.00051815	0.00047805	0.00044046	0.0004116	0.00038631	0.00036947	0.0002690878535
0.006966893812	0.0010335	0.0007814	0.00062461	0.00052067	0.00048211	0.00044557	0.00041356	0.00038873	0.00037302	0.000271804662
0.006989860076	0.0010585	0.00078609	0.00062632	0.00052407	0.00048654	0.00043663	0.00041143	0.0003944	0.00037757	0.000274546055
0.00701282634	0.0010855	0.00078751	0.00062892	0.00052835	0.00048861	0.00044154	0.00041518	0.00039439	0.00037998	0.0002773232956
0.007035792604	0.0011001	0.00078983	0.00063241	0.00053349	0.00049108	0.00044666	0.0004191	0.00039763	0.00038218	0.0002801313865
0.007058758868	0.0011096	0.00079303	0.00063678	0.00053951	0.0004914	0.000452	0.00042322	0.00040321	0.00038833	0.0002829712896
0.007081725132	0.0011199	0.00079713	0.00064203	0.0005464	0.00049223	0.00045754	0.00042709	0.00040643	0.0003922	0.0002858429967
0.007104691396	0.001131	0.00080212	0.00064818	0.00055417	0.00049357	0.00046157	0.00043038	0.00040981	0.00039595	0.0002887464469
0.00712765766	0.001143	0.000808	0.00065521	0.0005628	0.00049542	0.00046439	0.00043378	0.00041335	0.00039981	0.0002916816049
0.007150623924	0.0011558	0.00081477	0.00066313	0.00056627	0.00049779	0.00046771	0.00043922	0.00041704	0.00039579	0.0002946485236
0.007173590188	0.0011694	0.00082243	0.00067193	0.00056959	0.00050067	0.00047153	0.00044369	0.00042049	0.00039919	0.000297647224
0.007196556452	0.0011838	0.00083098	0.00068162	0.00057318	0.00050406	0.00047338	0.00044636	0.00042371	0.00040282	0.0003006773164
0.007219522716	0.001199	0.00084043	0.00068992	0.00057703	0.00050797	0.00047548	0.00044939	0.00042716	0.00040667	0.0003037403215
0.00724248898	0.0012151	0.00085076	0.00069309	0.00058115	0.00051239	0.00047804	0.00045286	0.00043488	0.00041075	0.0003068391035
0.007265455244	0.0012206	0.00086198	0.00069652	0.00058554	0.00051732	0.00048107	0.00045677	0.0004379	0.00041506	0.0003099685871
0.007288421508	0.0012259	0.0008741	0.00070023	0.0005902	0.00052276	0.00048455	0.00046013	0.00043901	0.00041959	0.0003131354088
0.007311387772	0.0012316	0.00088711	0.00070421	0.00059512	0.00052872	0.00048849	0.000464	0.00044293	0.00042435	0.0003163370681
0.007334354036	0.0012375	0.00089114	0.00070846	0.00060031	0.00053519	0.0004929	0.00046801	0.00044605	0.00042641	0.00031957615
0.0073573203	0.0012437	0.00089513	0.00071298	0.00060577	0.00054166	0.00049777	0.00047218	0.00044938	0.000428	0.0003228507231
0.007380286564	0.0012502	0.00089939	0.00071777	0.0006115	0.0005449	0.0005031	0.00047564	0.00045305	0.00043146	0.0003261621589
0.007403252829	0.001257	0.00090393	0.00072284	0.00061749	0.00054837	0.00050689	0.00047891	0.00045472	0.00043508	0.0003295117266
0.007426219093	0.001264	0.00090873	0.00072818	0.00062376	0.00055206	0.00050973	0.00048233	0.00045876	0.00043876	0.0003329036505
0.007449185357	0.0012714	0.00091381	0.00073378	0.00063028	0.00055596	0.00051278	0.00048508	0.00046296	0.00044222	0.0003363354729
0.007472151621	0.001279	0.00091916	0.00073966	0.00063708	0.00056009	0.00051605	0.00048804	0.00046731	0.00044581	0.0003398107967
0.007495117885	0.0012869	0.00092478	0.00074581	0.00064414	0.00056443	0.00051952	0.00049121	0.00047041	0.00044955	0.0003433284282
0.007518084149	0.001295	0.00093068	0.00075223	0.00065147	0.000569	0.00052321	0.00049459	0.00047343	0.00045344	0.0003468874825
0.007541050413	0.0013035	0.00093685	0.00075893	0.00065709	0.00057379	0.00052711	0.00049818	0.00047667	0.00045747	0.0003504890984
0.007564016677	0.0013122	0.00094329	0.00076589	0.00066103	0.0005788	0.00053122	0.00050198	0.00048012	0.00046165	0.0003541327552
0.007586982941	0.0013212	0.00095	0.00077313	0.0006652	0.00058402	0.00053554	0.00050599	0.00048377	0.00046597	0.0003578187276
0.007609949205	0.0013305	0.00095698	0.00078064	0.00066959	0.00058947	0.00054008	0.00051022	0.00048763	0.0004698	0.0003615472095
0.007632915469	0.00134	0.00096424	0.00078842	0.00067421	0.00059514	0.00054483	0.00051465	0.00049169	0.00047258	0.0003653214739
0.007655881733	0.0013499	0.00097177	0.00079647	0.00067906	0.00060103	0.00054978	0.00051929	0.00049596	0.00047552	0.0003691413478
0.007678847997	0.00136	0.00097957	0.00080479	0.00068413	0.00060714	0.00055495	0.00052414	0.00050033	0.00047863	0.0003730074944
0.007701814261	0.0013704	0.00098764	0.00081339	0.00068943	0.00061346	0.00056033	0.0005292	0.00050424	0.0004819	0.0003769196724
0.007724780525	0.0013811	0.00099598	0.00082225	0.00069496	0.00062001	0.00056593	0.00053448	0.00050834	0.00048533	0.0003808781961
0.007747746789	0.001392	0.0010046	0.00083139	0.00070072	0.00062678	0.00057173	0.00053996	0.00051252	0.00048892	0.0003848866726
0.007770713053	0.0014033	0.0010135	0.0008408	0.0007067	0.00063377	0.00057775	0.00054497	0.00051641	0.00049268	0.0003889501908
0.007793679317	0.0014148	0.0010227	0.00085048	0.00071292	0.00064098	0.00058398	0.00054945	0.00052048	0.0004966	0.0003930716776
0.007816645581	0.0014266	0.0010321	0.00085763	0.00071935	0.00064739	0.00059042	0.0005541	0.0005247	0.00050068	0.0003972506305
0.007839611845	0.0014387	0.0010418	0.00086346	0.00072602	0.00065306	0.00059707	0.00055892	0.00052909	0.00050493	0.0004014845718
0.007862578109	0.001451	0.0010518	0.00086952	0.00073291	0.00065895	0.00060394	0.00056391	0.00053364	0.00050934	0.000405776071
0.007885544373	0.0014637	0.001062	0.00087581	0.00074003	0.00066506	0.00061101	0.00056906	0.00053836	0.00051391	0.0004101233956
0.007908510637	0.0014766	0.0010725	0.00088233	0.00074738	0.00067139	0.0006183	0.00057438	0.00054324	0.00051865	0.000414528005
0.007931476901	0.0014898	0.0010833	0.00088908	0.00075495	0.00067794	0.0006258	0.00057986	0.00054828	0.00052355	0.0004189861259
0.007954443165	0.0015033	0.0010944	0.00089606	0.00076275	0.00068471	0.00063351	0.00058551	0.00055349	0.00052861	0.0004235014978
0.007977409429	0.001517	0.0011058	0.00090327	0.00077078	0.0006917	0.00064011	0.00059133	0.00055885	0.00053379	0.0004280727001
0.008000375693	0.001531	0.0011174	0.00091071	0.00077904	0.00069891	0.0006467	0.00059732	0.00056439	0.00053857	0.0004327001461
0.008023341957	0.0015454	0.0011292	0.00091838	0.00078752	0.00070634	0.00065231	0.00060347	0.00057008	0.00054349	0.000437383195
0.008046308221	0.0015599	0.0011414	0.00092628	0.00079623	0.000714	0.00065787	0.00060979	0.00057594	0.00054857	0.0004421231178
0.008069274485	0.0015748	0.0011503	0.00093441	0.00080517	0.00072187	0.00066362	0.00061627	0.00058146	0.0005538	0.0004469222459
0.008092240749	0.00159	0.001159	0.00094277	0.00081345	0.00072996	0.00066953	0.00062292	0.00058641	0.00055879	0.0004517807655
0.008115207014	0.0016054	0.0011679	0.00095136	0.00082114	0.00073736	0.00067562	0.00062964	0.00059148	0.00056361	0.0004566992056
0.008138173278	0.0016211	0.001177	0.00096017	0.0008291	0.0007436	0.00068188	0.00063508	0.00059667	0.00056855	0.0004616763823
0.008161139542	0.0016371	0.0011863	0.00096922	0.00083735	0.00074999	0.00068832	0.00064065	0.00060199	0.00057362	0.0004667174808
0.008184105806	0.0016534	0.0011959	0.0009785	0.00084588	0.00075655	0.00069493	0.00064838	0.00060744	0.00057882	0.0004718248062
0.00820707207	0.0016699	0.0012057	0.00098801	0.00085469	0.00076326	0.00070171	0.00065431	0.00061301	0.00058414	0.0004769985576
0.008230038334	0.0016867	0.0012157	0.00099774	0.00086377	0.00077014	0.00070866	0.00065926	0.00062184	0.00058958	0.0004822391869
0.008253004598	0.0017038	0.0012259	0.0010077	0.00087314	0.00077717	0.00071579	0.00066433	0.00062761	0.00059515	0.0004875482733
0.008275970862	0.0017212	0.0012364	0.0010179	0.00088278	0.00078346	0.00072307	0.00066954	0.00063048	0.00060084	0.0004929253656
0.008298937126	0.0017389	0.0012471	0.0010283	0.00089271	0.00078993	0.00072917	0.00067488	0.00063656	0.00060628	0.0004983710509
0.00832190339	0.0017568	0.0012581	0.0010348	0.00090043	0.00079658	0.00073538	0.00068035	0.00064276	0.00061182	0.0005038850656
0.008344869654	0.0017751	0.0012693	0.0010416	0.00090769	0.00080342	0.00074177	0.00068595	0.00064909	0.00061748	0.0005094674075
0.008367835918	0.0017936	0.0012807	0.0010487	0.00091513	0.00081043	0.00074734	0.00069169	0.00065523	0.00062326	0.0005151185102
0.008390802182	0.0018123	0.0012923	0.0010561	0.00092276	0.00081763	0.00075222	0.00069755	0.00066092	0.00062915	0.0005208419998
0.008413768446	0.0018314	0.0013042	0.0010639	0.00093056	0.00082501	0.00075725	0.00070355	0.00066673	0.00063517	0.000526638991
0.00843673471	0.0018507	0.0013162	0.001072	0.00093855	0.00083257	0.00076241	0.00070968	0.00067268	0.00064048	0.0005325101291
0.008459700974	0.0018704	0.0013286	0.0010804	0.00094672	0.00084032	0.00076772	0.00071594	0.00067876	0.0006459	0.000538455274
0.008482667238	0.0018903	0.0013411	0.0010891	0.00095508	0.00084824	0.00077317	0.00072233	0.00068497	0.00065143	0.0005444742263
0.008505633502	0.0019104	0.0013539	0.0010982	0.00096362	0.00085635	0.00077876	0.00072886	0.00069131	0.00065709	0.0005505687818
0.008528599766	0.0019309	0.0013669	0.0011076	0.00097234	0.00086464	0.00078449	0.00073551	0.00069779	0.00066288	0.0005567409347
0.00855156603	0.0019516	0.0013802	0.0011174	0.00098124	0.00087311	0.00079035	0.0007423	0.00070287	0.00066879	0.0005629921166
0.008574532294	0.0019726	0.0013936	0.0011275	0.0009895	0.00087964	0.00079636	0.00074899	0.00070808	0.00067482	0.0005693214546
0.008597498558	0.0019939	0.0014049	0.0011379	0.00099498	0.00088583	0.00080251	0.00075503	0.00071343	0.00068098	0.0005757294294
0.008620464822	0.0020155	0.0014135	0.0011487	0.0010007	0.00089215	0.0008088	0.00076121	0.00071891	0.00068726	0.0005822159855
0.008643431086	0.0020374	0.0014225	0.0011597	0.0010067	0.00089861	0.00081523	0.00076753	0.00072453	0.00069367	0.0005887813007
0.00866639735	0.0020595	0.0014318	0.0011712	0.0010129	0.00090522	0.0008218	0.000774	0.00073028	0.0007002	0.0005954248265
0.008689363614	0.0020819	0.0014414	0.0011829	0.0010194	0.00091196	0.00082851	0.0007806	0.00073617	0.00070672	0.0006021472079
0.008712329878	0.0021046	0.0014513	0.001195	0.0010261	0.00091885	0.00083537	0.00078735	0.00074219	0.00071301	0.0006089471302
0.008735296142	0.0021276	0.0014617	0.0012074	0.0010331	0.00092587	0.00084236	0.00079423	0.00074834	0.00071943	0.0006158263753
0.008758262406	0.0021508	0.0014723	0.0012202	0.0010403	0.00093304	0.00084949	0.00080125	0.00075463	0.00072598	0.000622784803
0.00878122867	0.0021744	0.0014833	0.0012332	0.0010477	0.00094034	0.00085676	0.00080842	0.00076105	0.00073267	0.0006298232063
0.008804194934	0.0021982	0.0014946	0.0012467	0.0010554	0.00094779	0.00086417	0.00081554	0.00076761	0.00073949	0.000636942047
0.008827161199	0.0022223	0.0015063	0.0012604	0.0010634	0.00095537	0.00087173	0.00082228	0.0007743	0.00074595	0.0006441440077
0.008850127463	0.0022466	0.0015183	0.0012745	0.0010715	0.0009631	0.00087942	0.00082905	0.00078113	0.00075214	0.0006514298043
0.008873093727	0.0022713	0.0015307	0.0012889	0.00108	0.00097097	0.00088726	0.00083594	0.00078809	0.00075845	0.000658799122
0.008896059991	0.0022962	0.0015434	0.0013021	0.0010887	0.00097897	0.00089523	0.00084297	0.00079518	0.00076489	0.000666251418
0.008919026255	0.0023214	0.0015564	0.0013124	0.0010976	0.00098712	0.00090334	0.00085013	0.00080241	0.00077146	0.0006737881038
0.008941992519	0.002345	0.0015698	0.001323	0.0011068	0.00099541	0.0009116	0.00085742	0.00080977	0.00077816	0.0006814078874
0.008964958783	0.0023641	0.0015835	0.0013338	0.0011162	0.0010038	0.00091999	0.00086485	0.00081727	0.00078498	0.0006891150627
0.008987925047	0.0023836	0.0015976	0.0013448	0.0011259	0.0010124	0.00092853	0.0008724	0.00082491	0.00079193	0.0006969098191
0.009010891311	0.0024034	0.001612	0.0013532	0.0011358	0.0010211	0.00093721	0.00088009	0.00083267	0.00079901	0.0007048030486
0.009033857575	0.0024236	0.0016267	0.0013613	0.0011459	0.00103	0.00094602	0.00088791	0.00084057	0.00080621	0.0007127969432
0.009056823839	0.0024442	0.0016418	0.0013696	0.0011563	0.001039	0.00095498	0.00089586	0.00084861	0.00081355	0.0007208909957
0.009079790103	0.0024651	0.0016572	0.0013781	0.001167	0.0010481	0.00096408	0.00090394	0.00085678	0.00082101	0.0007290857416
0.009102756367	0.0024864	0.001673	0.001387	0.0011779	0.0010574	0.00097332	0.00091215	0.00086508	0.00082859	0.0007373818519
0.009125722631	0.002508	0.0016891	0.0013961	0.001189	0.0010668	0.00098269	0.0009205	0.00087277	0.00083631	0.0007457802511
0.009148688895	0.00253	0.0017056	0.0014054	0.0012004	0.0010763	0.00099221	0.00092898	0.00088059	0.00084415	0.0007542805308
0.009171655159	0.0025524	0.0017224	0.001415	0.0012121	0.001086	0.0010019	0.00093759	0.00088854	0.00085212	0.0007628833531
0.009194621423	0.0025751	0.0017395	0.0014249	0.0012239	0.0010958	0.0010117	0.00094633	0.00089662	0.00086021	0.0007715886224
0.009217587687	0.0025982	0.001757	0.001435	0.0012361	0.0011058	0.0010216	0.0009552	0.00090483	0.00086843	0.000780397126
0.009240553951	0.0026216	0.0017748	0.0014453	0.0012484	0.0011159	0.0010317	0.0009642	0.00091316	0.00087678	0.0007893092206
0.009263520215	0.0026454	0.001793	0.001456	0.0012611	0.0011262	0.0010419	0.00097334	0.00092162	0.00088526	0.0007983261728
0.009286486479	0.0026696	0.0018115	0.0014668	0.0012739	0.0011366	0.0010523	0.00098261	0.0009302	0.00089387	0.000807447568
0.009309452743	0.0026941	0.0018303	0.001478	0.001287	0.0011457	0.0010628	0.00099201	0.00093892	0.0009026	0.0008166736153
0.009332419007	0.002719	0.0018495	0.0014894	0.0013004	0.0011551	0.0010734	0.0010015	0.00094776	0.00091146	0.0008260041794
0.009355385271	0.0027442	0.001869	0.001501	0.001314	0.0011647	0.0010839	0.0010112	0.00095673	0.00092044	0.0008354393927
0.009378351535	0.0027639	0.0018889	0.0015129	0.0013268	0.0011744	0.0010937	0.001021	0.00096582	0.00092956	0.0008449791729
0.009401317799	0.0027767	0.0019042	0.0015251	0.0013375	0.0011844	0.0011035	0.0010309	0.00097504	0.0009388	0.0008546235637
0.009424284063	0.00279	0.0019188	0.0015375	0.0013483	0.0011945	0.001113	0.001041	0.00098439	0.00094817	0.0008643725546
0.009447250327	0.0028038	0.0019339	0.0015502	0.0013593	0.0012048	0.0011225	0.0010512	0.00099387	0.00095766	0.0008742261629
0.009470216591	0.0028182	0.0019495	0.0015631	0.0013705	0.0012153	0.0011322	0.0010615	0.0010035	0.00096729	0.0008841841781
0.009493182855	0.0028331	0.0019656	0.0015763	0.0013818	0.001226	0.001142	0.0010705	0.0010132	0.00097704	0.0008942471742
0.009516149119	0.0028486	0.0019823	0.0015897	0.0013932	0.0012369	0.0011521	0.0010789	0.0010231	0.00098691	0.0009044141735
0.009539115384	0.0028646	0.0019994	0.0016034	0.0014047	0.001248	0.0011623	0.0010877	0.0010331	0.00099692	0.000914686064
0.009562081648	0.0028811	0.0020171	0.0016174	0.0014342	0.00124	0.0011537	0.0010968	0.0010427	0.0010086	0.000925064157
0.009585047912	0.0028982	0.0020352	0.0016316	0.0014439	0.001248	0.0011611	0.0011061	0.0010505	0.0010164	0.0009355638336
0.009608014176	0.0029159	0.0020539	0.0016431	0.0014537	0.0012563	0.0011688	0.0011157	0.0010584	0.0010244	0.0009461883086
0.00963098044	0.002934	0.0020731	0.0016519	0.0014638	0.0012649	0.0011768	0.0011252	0.0010667	0.0010327	0.0009569378514
0.009653946704	0.0029528	0.0020926	0.0016611	0.0014698	0.0012738	0.0011852	0.001132	0.0010752	0.0010413	0.0009678117732
0.009676912968	0.002972	0.0021118	0.0016707	0.0014744	0.001283	0.0011938	0.001139	0.001084	0.0010501	0.0009788133817
0.009699879232	0.0029918	0.0021315	0.0016808	0.0014794	0.0012926	0.0012028	0.0011462	0.001093	0.0010591	0.0009899401039
0.009722845496	0.0030121	0.0021518	0.0016913	0.0014847	0.0013025	0.001212	0.0011537	0.0011023	0.0010685	0.001001194977
0.00974581176	0.003033	0.0021695	0.0017022	0.0014905	0.0013127	0.0012216	0.0011615	0.0011118	0.001078	0.001012577554
0.009768778024	0.0030481	0.002178	0.0017136	0.0014966	0.0013232	0.0012315	0.0011696	0.0011216	0.0010879	0.001024097981
0.009791744288	0.0030438	0.0021869	0.0017254	0.0015031	0.001334	0.0012418	0.001178	0.0011317	0.001098	0.001035769521
0.009814710552	0.0030405	0.0021963	0.0017377	0.0015099	0.0013451	0.0012523	0.0011866	0.001142	0.0011083	0.001047591978
0.009837676816	0.0030382	0.0022062	0.0017504	0.0015172	0.0013566	0.0012632	0.0011956	0.0011525	0.0011189	0.001059582927
0.00986064308	0.0030368	0.0022164	0.0017635	0.0015248	0.0013683	0.0012743	0.0012048	0.0011634	0.0011298	0.001071767768
0.009883609344	0.0030363	0.0022272	0.0017771	0.0015327	0.0013804	0.0012858	0.0012144	0.0011745	0.0011409	0.00108414356
0.009906575608	0.0030368	0.0022383	0.0017911	0.0015411	0.0013928	0.0012976	0.0012242	0.0011858	0.0011523	0.001096717498
0.009929541872	0.0030382	0.0022499	0.0018055	0.0015498	0.0014056	0.0013097	0.0012343	0.0011974	0.0011639	0.001109491104
0.009952508136	0.0030406	0.002262	0.0018204	0.0015589	0.0014186	0.0013222	0.0012447	0.0012079	0.0011758	0.001122464298
0.0099754744	0.003044	0.0022745	0.0018357	0.0015683	0.001432	0.0013349	0.0012554	0.0012187	0.001188	0.001135637111
0.009998440664	0.0030483	0.0022874	0.0018514	0.0015782	0.0014456	0.0013472	0.0012663	0.0012297	0.0012004	0.001149009767
0.01002140693	0.0030535	0.0023008	0.0018676	0.0015884	0.0014596	0.0013589	0.0012776	0.0012411	0.0012131	0.00116258164
0.01004437319	0.0030597	0.0023147	0.0018842	0.001599	0.0014739	0.0013708	0.0012891	0.0012528	0.001226	0.001176353325
0.01006733946	0.0030668	0.002329	0.0019013	0.0016099	0.0014872	0.001383	0.001301	0.0012647	0.0012392	0.001190324821
0.01009030572	0.0030749	0.0023437	0.0019188	0.0016212	0.0014983	0.0013955	0.0013131	0.0012769	0.0012527	0.00120449571
0.01011327198	0.0030839	0.0023589	0.0019367	0.0016329	0.0015097	0.0014082	0.0013255	0.0012895	0.0012664	0.001218866297
0.01013623825	0.0030939	0.0023745	0.0019551	0.001645	0.0015214	0.0014213	0.0013382	0.0013023	0.0012799	0.001233437153
0.01015920451	0.0031049	0.0023906	0.0019739	0.0016574	0.0015335	0.0014346	0.0013512	0.0013154	0.0012932	0.001248205881
0.01018217078	0.0031167	0.0024071	0.0019931	0.0016702	0.001546	0.0014483	0.0013645	0.0013288	0.0013067	0.001263174467
0.01020513704	0.0031296	0.002424	0.0020128	0.0016834	0.0015589	0.0014622	0.001378	0.0013424	0.0013205	0.001278340263
0.0102281033	0.0031433	0.0024414	0.0020329	0.0016969	0.0015722	0.0014733	0.0013919	0.0013564	0.0013346	0.001293705488
0.01025106957	0.0031581	0.0024593	0.0020535	0.0017109	0.0015858	0.0014845	0.001406	0.0013706	0.001349	0.001309273054
0.01027403583	0.0031737	0.0024776	0.0020745	0.0017252	0.0015998	0.001496	0.0014204	0.0013852	0.0013637	0.001325065499
0.0102970021	0.0031904	0.0024868	0.0020959	0.0017398	0.0016124	0.0015079	0.0014352	0.0014	0.0013787	0.001341084261
0.01031996836	0.0032079	0.0024913	0.0021178	0.0017549	0.0016247	0.0015201	0.0014502	0.0014151	0.001394	0.00135732976
0.01034293462	0.0032265	0.0024967	0.0021401	0.0017703	0.0016373	0.0015326	0.0014654	0.0014305	0.0014095	0.001373815717
0.01036590089	0.0032459	0.0025029	0.0021628	0.001786	0.0016503	0.0015455	0.001481	0.0014462	0.0014254	0.001390554036
0.01038886715	0.0032664	0.0025099	0.002175	0.0018022	0.0016636	0.0015588	0.0014969	0.0014622	0.0014415	0.001407545137
0.01041183342	0.0032877	0.0025178	0.0021752	0.0018187	0.0016772	0.0015724	0.001513	0.0014784	0.0014579	0.001424787417
0.01043479968	0.00331	0.0025265	0.002176	0.0018356	0.0016912	0.0015863	0.0015295	0.001495	0.0014746	0.001442282404
0.01045776594	0.0033333	0.002536	0.0021776	0.0018529	0.0017055	0.0016006	0.0015462	0.0015118	0.0014916	0.001460029464
0.01048073221	0.0033575	0.0025463	0.00218	0.0018705	0.0017202	0.0016152	0.0015632	0.0015289	0.0015089	0.001478028809
0.01050369847	0.0033827	0.0025575	0.0021831	0.0018885	0.0017352	0.0016302	0.0015805	0.0015463	0.0015264	0.00149628033
0.01052666474	0.0034088	0.0025695	0.0021869	0.0019069	0.0017505	0.0016455	0.0015981	0.001564	0.0015443	0.001514784652
0.010549631	0.0034359	0.0025823	0.0021914	0.0019257	0.0017662	0.0016611	0.0016145	0.001582	0.0015624	0.001533540029
0.01057259726	0.0034639	0.002596	0.0021967	0.0019448	0.0017823	0.0016771	0.0016309	0.0015994	0.0015808	0.001552549234
0.01059556353	0.0034928	0.0026105	0.0022028	0.0019643	0.0017987	0.0016934	0.0016478	0.0016169	0.0015995	0.001571815655
0.01061852979	0.0035227	0.0026258	0.0022096	0.0019842	0.0018154	0.0017101	0.0016649	0.0016346	0.0016176	0.001591357147
0.01064149606	0.0035536	0.0026419	0.0022171	0.0019959	0.0018324	0.0017271	0.0016824	0.0016527	0.0016359	0.001611174126
0.01066446232	0.0035854	0.0026589	0.0022254	0.0020071	0.0018498	0.0017444	0.0017002	0.0016711	0.0016544	0.001631264875
0.01068742859	0.0036181	0.0026767	0.0022344	0.0020191	0.0018676	0.0017621	0.0017184	0.0016899	0.0016733	0.001651629947
0.01071039485	0.0036519	0.0026954	0.0022441	0.0020318	0.0018857	0.0017802	0.0017369	0.0017089	0.0016925	0.001672270156
0.01073336111	0.0036865	0.0027148	0.0022546	0.0020452	0.001901	0.0017985	0.0017557	0.0017284	0.0017121	0.001693185066
0.01075632738	0.0037221	0.0027351	0.0022659	0.0020594	0.0019116	0.0018173	0.0017749	0.0017481	0.001732	0.001714374874
0.01077929364	0.0037587	0.0027562	0.0022778	0.0020742	0.0019229	0.0018348	0.0017929	0.0017674	0.0017522	0.001735839026
0.01080225991	0.0037961	0.0027782	0.0022906	0.0020898	0.0019349	0.0018511	0.0018101	0.0017855	0.0017717	0.001757578179
0.01082522617	0.0038346	0.002801	0.002304	0.0021061	0.0019475	0.0018679	0.0018278	0.0018042	0.0017914	0.001779591677
0.01084819243	0.003874	0.0028246	0.0023182	0.0021231	0.0019608	0.0018852	0.0018461	0.0018234	0.0018116	0.001801879826
0.0108711587	0.0039143	0.002849	0.0023331	0.0021393	0.0019748	0.0019032	0.001865	0.0018432	0.0018323	0.001824442576
0.01089412496	0.0039556	0.0028743	0.0023488	0.0021511	0.0019894	0.0019217	0.0018844	0.0018635	0.0018534	0.001847280109
0.01091709123	0.0039979	0.0029004	0.0023652	0.0021636	0.0020048	0.0019408	0.0019044	0.0018843	0.0018751	0.001870392333
0.01094005749	0.0040411	0.0029273	0.0023824	0.0021768	0.0020208	0.0019605	0.001925	0.0019057	0.0018973	0.001893781295
0.01096302375	0.0040852	0.002955	0.0024003	0.0021907	0.0020375	0.0019807	0.0019461	0.0019276	0.00192	0.001917448769
0.01098599002	0.0041303	0.0029836	0.0024189	0.0022054	0.0020549	0.0020015	0.0019678	0.0019501	0.0019432	0.001941409168
0.01100895628	0.0041763	0.003013	0.0024383	0.0022207	0.0020729	0.0020228	0.00199	0.0019731	0.0019669	0.001965739558
0.01103192255	0.0042154	0.0030433	0.0024584	0.0022367	0.0020916	0.0020432	0.0020128	0.0019967	0.0019911	0.001990452663
0.01105488881	0.004254	0.0030744	0.0024793	0.0022534	0.002111	0.0020643	0.0020361	0.0020208	0.0020159	0.002015592717
0.01107785507	0.0042937	0.0031063	0.0025009	0.0022708	0.0021311	0.002086	0.0020601	0.0020454	0.002041191965	0.002041191965
0.01110082134	0.0043346	0.003139	0.0025233	0.002289	0.0021519	0.0021084	0.0020845	0.0020706	0.002067250256	0.002067250256
0.0111237876	0.0043767	0.0031725	0.0025463	0.0023078	0.0021733	0.0021314	0.0021096	0.0020963	0.002093768212	0.002093768212
0.01114675387	0.00442	0.0032069	0.0025702	0.0023273	0.0021954	0.0021551	0.0021351	0.0021226	0.002120747164	0.002120747164
0.01116972013	0.0044646	0.0032421	0.0025947	0.0023476	0.0022182	0.0021794	0.0021613	0.0021494	0.00214819381	0.00214819381
0.01119268639	0.0045788	0.0032782	0.00262	0.0023685	0.0022417	0.0022043	0.002188	0.0021767	0.00217611263	0.00217611263
0.01121565266	0.0046333	0.0033151	0.0026461	0.0023902	0.0022658	0.0022299	0.0022153	0.0022046	0.002204503719	0.002204503719
0.01123861892	0.0046889	0.0033528	0.0026729	0.0024125	0.0022907	0.0022562	0.0022431	0.00223336694	0.00223336694	0.00223336694
0.01126158519	0.0047453	0.0033913	0.0027004	0.0024355	0.0023162	0.0022831	0.0022712	0.002262701778	0.002262701778	0.002262701778
0.01128455145	0.0048028	0.0034307	0.0027287	0.0024593	0.0023423	0.0023107	0.0022995	0.002292526955	0.002292526955	0.002292526955
0.01130751771	0.0048611	0.0034709	0.0027577	0.0024837	0.0023692	0.0023389	0.0023285	0.002322857624	0.002322857624	0.002322857624
0.01133048398	0.0049205	0.003502	0.0027875	0.0025089	0.0023967	0.0023677	0.0023581	0.002353693511	0.002353693511	0.002353693511
0.01135345024	0.0049728	0.003532	0.002818	0.0025348	0.0024249	0.0023972	0.0023883	0.002385036148	0.002385036148	0.002385036148
0.01137641651	0.0050151	0.0035635	0.0028492	0.0025613	0.0024538	0.0024274	0.0024192	0.002416884749	0.002416884749	0.002416884749
0.01139938277	0.005059	0.0035966	0.0028812	0.0025886	0.0024834	0.0024582	0.0024506	0.002449238855	0.002449238855	0.002449238855
0.01142234903	0.0051044	0.0036312	0.0029139	0.0026165	0.0025136	0.0024896	0.0024827	0.002482099067	0.002482099067	0.002482099067
0.0114453153	0.0051515	0.0036674	0.0029473	0.0026452	0.0025446	0.0025217	0.002515478288	0.002515478288	0.002515478288	0.002515478288
0.01146828156	0.0052001	0.0037051	0.0029815	0.0026746	0.0025762	0.0025544	0.002549400235	0.002549400235	0.002549400235	0.002549400235
0.01149124783	0.0052503	0.0037443	0.0030165	0.0027047	0.0026084	0.0025878	0.002583865667	0.002583865667	0.002583865667	0.002583865667
0.01151421409	0.0053021	0.0037851	0.0030522	0.0027354	0.0026414	0.0026219	0.002618874633	0.002618874633	0.002618874633	0.002618874633
0.01153718035	0.0053555	0.0038275	0.0030886	0.0027669	0.002675	0.0026566	0.002654424306	0.002654424306	0.002654424306	0.002654424306
0.01156014662	0.0054105	0.0038713	0.0031257	0.0027991	0.0027093	0.0026919	0.002690518655	0.002690518655	0.002690518655	0.002690518655
0.01158311288	0.005467	0.0039168	0.0031637	0.002832	0.0027443	0.0027279	0.002727155968	0.002727155968	0.002727155968	0.002727155968
0.01160607915	0.0055251	0.0039637	0.0032023	0.0028656	0.00278	0.0027645	0.002764336733	0.002764336733	0.002764336733	0.002764336733
0.01162904541	0.0055848	0.0040122	0.0033245	0.0030207	0.0028754	0.0028124	0.002802090029	0.002802090029	0.002802090029	0.002802090029
0.01165201167	0.0055753	0.0040623	0.0033547	0.0030449	0.0029119	0.0028499	0.002840464831	0.002840464831	0.002840464831	0.002840464831
0.01167497794	0.0054926	0.0041119	0.0033862	0.0030703	0.0029491	0.0028881	0.002879461503	0.002879461503	0.002879461503	0.002879461503
0.0116979442	0.0054177	0.0041528	0.0034189	0.0030968	0.002987	0.0029269	0.002919080536	0.002919080536	0.002919080536	0.002919080536
0.01172091047	0.0053505	0.0041964	0.0034529	0.0031246	0.0030242	0.0029664	0.002959319659	0.002959319659	0.002959319659	0.002959319659
0.01174387673	0.0052911	0.0042427	0.0034881	0.0031536	0.003057	0.0030065	0.003000181558	0.003000181558	0.003000181558	0.003000181558
0.01176684299	0.0052396	0.0042918	0.0035247	0.0031763	0.0030486	0.003041665276	0.003041665276	0.003041665276	0.003041665276	0.003041665276
0.01178980926	0.0051958	0.0043375	0.0035709	0.0031982	0.0030897	0.003083770801	0.003083770801	0.003083770801	0.003083770801	0.003083770801
0.01181277552	0.0051597	0.0043054	0.003599	0.0032223	0.0031315	0.003126498195	0.003126498195	0.003126498195	0.003126498195	0.003126498195
0.01183574179	0.0051315	0.0042811	0.0036293	0.0032486	0.0031739	0.003169847261	0.003169847261	0.003169847261	0.003169847261	0.003169847261
0.01185870805	0.0051111	0.0042646	0.0036619	0.0032773	0.003217	0.003213818137	0.003213818137	0.003213818137	0.003213818137	0.003213818137
0.01188167431	0.0050984	0.0042558	0.0036967	0.0033081	0.0032608	0.003258410839	0.003258410839	0.003258410839	0.003258410839	0.003258410839
0.01190464058	0.0050935	0.0042548	0.0037338	0.0033412	0.0033053	0.003303625618	0.003303625618	0.003303625618	0.003303625618	0.003303625618
0.01192760684	0.0050964	0.0042616	0.0037732	0.0033765	0.0033505	0.003349461918	0.003349461918	0.003349461918	0.003349461918	0.003349461918
0.01195057311	0.0051071	0.0042761	0.0037829	0.0034141	0.0033963	0.00339593257	0.00339593257	0.00339593257	0.00339593257	0.00339593257
0.01197353937	0.0051256	0.0042984	0.0037689	0.0034539	0.003443054028	0.003443054028	0.003443054028	0.003443054028	0.003443054028	0.003443054028
0.01199650563	0.0051518	0.0043285	0.0037614	0.003496	0.003490823841	0.003490823841	0.003490823841	0.003490823841	0.003490823841	0.003490823841
0.0120194719	0.0051859	0.0043329	0.0037604	0.0035403	0.003539244876	0.003539244876	0.003539244876	0.003539244876	0.003539244876	0.003539244876
0.01204243816	0.0052277	0.0043286	0.0037659	0.003588507907	0.003588507907	0.003588507907	0.003588507907	0.003588507907	0.003588507907	0.003588507907
0.01206540443	0.0052773	0.0043308	0.0037778	0.003639293272	0.003639293272	0.003639293272	0.003639293272	0.003639293272	0.003639293272	0.003639293272
0.01208837069	0.0053347	0.0043397	0.0037962	0.003691659791	0.003691659791	0.003691659791	0.003691659791	0.003691659791	0.003691659791	0.003691659791
0.01211133696	0.0053999	0.004355	0.0038211	0.003745624173	0.003745624173	0.003745624173	0.003745624173	0.003745624173	0.003745624173	0.003745624173
0.01213430322	0.0054729	0.004377	0.0038525	0.003801623482	0.003801623482	0.003801623482	0.003801623482	0.003801623482	0.003801623482	0.003801623482
0.01215726948	0.0055536	0.0044055	0.0038904	0.00385989019	0.00385989019	0.00385989019	0.00385989019	0.00385989019	0.00385989019	0.00385989019
0.01218023575	0.0056421	0.0044406	0.0039348	0.003920418118	0.003920418118	0.003920418118	0.003920418118	0.003920418118	0.003920418118	0.003920418118
0.01220320201	0.0057384	0.0044823	0.0039856	0.003983209949	0.003983209949	0.003983209949	0.003983209949	0.003983209949	0.003983209949	0.003983209949
0.01222616828	0.0058425	0.0045305	0.004048264689	0.004048264689	0.004048264689	0.004048264689	0.004048264689	0.004048264689	0.004048264689	0.004048264689
0.01224913454	0.0059544	0.0045853	0.004115594333	0.004115594333	0.004115594333	0.004115594333	0.004115594333	0.004115594333	0.004115594333	0.004115594333
0.0122721008	0.0060741	0.0046467	0.004187681927	0.004187681927	0.004187681927	0.004187681927	0.004187681927	0.004187681927	0.004187681927	0.004187681927
0.01229506707	0.0062015	0.0047146	0.004266419106	0.004266419106	0.004266419106	0.004266419106	0.004266419106	0.004266419106	0.004266419106	0.004266419106
0.01231803333	0.0063368	0.0047891	0.004351805456	0.004351805456	0.004351805456	0.004351805456	0.004351805456	0.004351805456	0.004351805456	0.004351805456
0.0123409996	0.0064798	0.0048702	0.004443840874	0.004443840874	0.004443840874	0.004443840874	0.004443840874	0.004443840874	0.004443840874	0.004443840874
0.01236396586	0.0066306	0.0049579	0.004542525612	0.004542525612	0.004542525612	0.004542525612	0.004542525612	0.004542525612	0.004542525612	0.004542525612
0.01238693212	0.0067892	0.0050521	0.004647859937	0.004647859937	0.004647859937	0.004647859937	0.004647859937	0.004647859937	0.004647859937	0.004647859937
0.01240989839	0.0069538	0.0051529	0.004759844324	0.004759844324	0.004759844324	0.004759844324	0.004759844324	0.004759844324	0.004759844324	0.004759844324
0.01243286465	0.006959	0.0052602	0.004878478329	0.004878478329	0.004878478329	0.004878478329	0.004878478329	0.004878478329	0.004878478329	0.004878478329
0.01245583092	0.0069942	0.0053741	0.005003755745	0.005003755745	0.005003755745	0.005003755745	0.005003755745	0.005003755745	0.005003755745	0.005003755745
0.01247879718	0.0070596	0.0054946	0.005135689706	0.005135689706	0.005135689706	0.005135689706	0.005135689706	0.005135689706	0.005135689706	0.005135689706
0.01250176344	0.0071551	0.0056217	0.005274264952	0.005274264952	0.005274264952	0.005274264952	0.005274264952	0.005274264952	0.005274264952	0.005274264952
0.01252472971	0.0072807	0.0057553	0.005419494837	0.005419494837	0.005419494837	0.005419494837	0.005419494837	0.005419494837	0.005419494837	0.005419494837
0.01254769597	0.0074364	0.0058658	0.005571372912	0.005571372912	0.005571372912	0.005571372912	0.005571372912	0.005571372912	0.005571372912	0.005571372912
0.01257066224	0.0076222	0.0059181	0.005729900088	0.005729900088	0.005729900088	0.005729900088	0.005729900088	0.005729900088	0.005729900088	0.005729900088
0.0125936285	0.0078382	0.0059952	0.005895076925	0.005895076925	0.005895076925	0.005895076925	0.005895076925	0.005895076925	0.005895076925	0.005895076925
0.01261659476	0.0080843	0.0060969	0.006066903259	0.006066903259	0.006066903259	0.006066903259	0.006066903259	0.006066903259	0.006066903259	0.006066903259
0.01263956103	0.0083604	0.006245373375	0.006245373375	0.006245373375	0.006245373375	0.006245373375	0.006245373375	0.006245373375	0.006245373375	0.006245373375
0.01266252729	0.0086667	0.006430496741	0.006430496741	0.006430496741	0.006430496741	0.006430496741	0.006430496741	0.006430496741	0.006430496741	0.006430496741
0.01268549356	0.0090032	0.006626370996	0.006626370996	0.006626370996	0.006626370996	0.006626370996	0.006626370996	0.006626370996	0.006626370996	0.006626370996
0.01270845982	0.0093697	0.006848141774	0.006848141774	0.006848141774	0.006848141774	0.006848141774	0.006848141774	0.006848141774	0.006848141774	0.006848141774
0.01273142608	0.008151	0.007097219233	0.007097219233	0.007097219233	0.007097219233	0.007097219233	0.007097219233	0.007097219233	0.007097219233	0.007097219233
0.01275439235	0.007957	0.007373603448	0.007373603448	0.007373603448	0.007373603448	0.007373603448	0.007373603448	0.007373603448	0.007373603448	0.007373603448
0.01277735861	0.0078633	0.007677291499	0.007677291499	0.007677291499	0.007677291499	0.007677291499	0.007677291499	0.007677291499	0.007677291499	0.007677291499
0.01280032488	0.008099462715	0.008099462715	0.008099462715	0.008099462715	0.008099462715	0.008099462715	0.008099462715	0.008099462715	0.008099462715	0.008099462715
0.01282329114	0.009739025207	0.009739025207	0.009739025207	0.009739025207	0.009739025207	0.009739025207	0.009739025207	0.009739025207	0.009739025207	0.009739025207
0.0128462574	0.01291815979	0.01291815979	0.01291815979	0.01291815979	0.01291815979	0.01291815979	0.01291815979	0.01291815979	0.01291815979	0.01291815979
0.01286922367	0.01763687169	0.01763687169	0.01763687169	0.01763687169	0.01763687169	0.01763687169	0.01763687169	0.01763687169	0.01763687169	0.01763687169
0.01289218993	0.02389514947	0.02389514947	0.02389514947	0.02389514947	0.02389514947	0.02389514947	0.02389514947	0.02389514947	0.02389514947	0.02389514947
