0.003971	0.0016485	0.0016485	0.0016485	0.0016485	0.0016485	0.0016485	0.0016485	0.0016485	0.0016485	0.001648522404
0.0039632134	0.00154	0.00154	0.00154	0.00154	0.00154	0.00154	0.00154	0.00154	0.00154	0.001590000294
0.0039554273	0.0014895	0.0014895	0.0014895	0.0014895	0.0014895	0.0014895	0.0014895	0.0014895	0.0014895	0.001534445491
0.0039476407	0.0014417	0.0014417	0.0014417	0.0014417	0.0014417	0.0014417	0.0014417	0.0014417	0.0014417	0.001481850914
0.0039398546	0.0013966	0.0013966	0.0013966	0.0013966	0.0013966	0.0013966	0.0013966	0.0013966	0.0013966	0.001432223303
0.003932068	0.0013542	0.0013542	0.0013542	0.0013542	0.0013542	0.0013542	0.0013542	0.0013542	0.0013542	0.00138555628
0.0039242818	0.0013145	0.0013145	0.0013145	0.0013145	0.0013145	0.0013145	0.0013145	0.0013145	0.0013145	0.001341855333
0.0039164952	0.0012774	0.0012774	0.0012774	0.0012774	0.0012774	0.0012774	0.0012774	0.0012774	0.0012774	0.00130111595
0.0039087091	0.0012431	0.0012431	0.0012431	0.0012431	0.0012431	0.0012431	0.0012431	0.0012431	0.0012431	0.001263342781
0.0039009225	0.0012115	0.0012115	0.0012115	0.0012115	0.0012115	0.0012115	0.0012115	0.0012115	0.0012115	0.001228530972
0.0038931362	0.0011825	0.0011825	0.0011825	0.0011825	0.0011825	0.0011825	0.0011825	0.0011825	0.0011825	0.001196684214
0.0038853498	0.0011563	0.0011563	0.0011563	0.0011563	0.0011563	0.0011563	0.0011563	0.0011563	0.0011563	0.001167800759
0.0038775634	0.0011327	0.0011327	0.0011327	0.0011327	0.0011327	0.0011327	0.0011327	0.0011327	0.0011327	0.001141881036
0.0038697768	0.0011118	0.0011118	0.0011118	0.0011118	0.0011118	0.0011118	0.0011118	0.0011118	0.0011118	0.001118924494
0.0038619904	0.0010937	0.0010937	0.0010937	0.0010937	0.0010937	0.0010937	0.0010937	0.0010937	0.0010937	0.001098932201
0.0038541986	0.0010782	0.0010762	0.0010762	0.0010762	0.0010762	0.0010762	0.0010762	0.0010762	0.0010762	0.001080983967
0.0038463997	0.0010654	0.0010597	0.0010592	0.0010592	0.0010592	0.0010592	0.0010592	0.0010592	0.0010592	0.001063884873
0.0038386	0.0010553	0.0010433	0.0010427	0.0010427	0.0010427	0.0010427	0.0010427	0.0010427	0.0010427	0.001047149205
0.0038308003	0.0010479	0.0010272	0.0010265	0.0010265	0.0010265	0.0010265	0.0010265	0.0010265	0.0010265	0.001030771394
0.0038230006	0.0010432	0.0010114	0.0010107	0.0010107	0.0010107	0.0010107	0.0010107	0.0010107	0.0010107	0.001014748476
0.0038152008	0.0010412	0.00099602	0.00099518	0.00099518	0.00099518	0.00099518	0.00099518	0.00099518	0.00099518	0.0009990845491
0.0038074009	0.0010419	0.00098099	0.00098005	0.00098005	0.00098005	0.00098005	0.00098005	0.00098005	0.00098005	0.0009837777008
0.0037996012	0.0010453	0.00096632	0.00096527	0.00096527	0.00096527	0.00096527	0.00096527	0.00096527	0.00096527	0.0009688288869
0.0037918015	0.0010515	0.000952	0.00095085	0.00095085	0.00095085	0.00095085	0.00095085	0.00095085	0.00095085	0.0009542376134
0.0037840017	0.0010603	0.00093805	0.00093678	0.00093678	0.00093678	0.00093678	0.00093678	0.00093678	0.00093678	0.0009400036209
0.003776202	0.0010718	0.00092445	0.00092307	0.00092307	0.00092307	0.00092307	0.00092307	0.00092307	0.00092307	0.0009261273181
0.0037684023	0.001086	0.00091121	0.00090971	0.00090971	0.00090971	0.00090971	0.00090971	0.00090971	0.00090971	0.0009126085108
0.0037606026	0.0010755	0.00089833	0.0008967	0.0008967	0.0008967	0.0008967	0.0008967	0.0008967	0.0008967	0.0008994472058
0.0037528028	0.00106	0.00088581	0.00088405	0.00088405	0.00088405	0.00088405	0.00088405	0.00088405	0.00088405	0.0008866432415
0.0037450031	0.0010449	0.00087365	0.00087174	0.00087174	0.00087174	0.00087174	0.00087174	0.00087174	0.00087174	0.000874196946
0.0037372032	0.0010302	0.00086184	0.0008598	0.0008598	0.0008598	0.0008598	0.0008598	0.0008598	0.0008598	0.0008621078474
0.0037294034	0.0010159	0.0008504	0.0008482	0.0008482	0.0008482	0.0008482	0.0008482	0.0008482	0.0008482	0.0008503764172
0.0037216054	0.001002	0.00083931	0.00083696	0.00083696	0.00083696	0.00083696	0.00083696	0.00083696	0.00083696	0.0008389847992
0.0037138078	0.00098846	0.00082858	0.00082608	0.00082593	0.00082593	0.00082593	0.00082593	0.00082593	0.00082593	0.0008278908666
0.0037060102	0.00097529	0.00081822	0.00081555	0.00081524	0.00081524	0.00081524	0.00081524	0.00081524	0.00081524	0.0008170932962
0.0036982126	0.00096252	0.00080821	0.00080537	0.00080484	0.00080484	0.00080484	0.00080484	0.00080484	0.00080484	0.0008065920029
0.003690415	0.00095012	0.00079856	0.00079554	0.00079474	0.00079474	0.00079474	0.00079474	0.00079474	0.00079474	0.0007963869974
0.0036826174	0.00093811	0.00078926	0.00078607	0.00078492	0.00078492	0.00078492	0.00078492	0.00078492	0.00078492	0.000786478229
0.0036748195	0.00092648	0.00078033	0.00077695	0.0007754	0.0007754	0.0007754	0.0007754	0.0007754	0.0007754	0.0007768649599
0.003667022	0.00091523	0.00077175	0.000768	0.00076618	0.00076618	0.00076618	0.00076618	0.00076618	0.00076618	0.0007675487528
0.0036592244	0.00090436	0.00076354	0.00075905	0.00075724	0.00075724	0.00075724	0.00075724	0.00075724	0.00075724	0.0007585283036
0.0036514267	0.00089388	0.00075568	0.00075039	0.0007486	0.0007486	0.0007486	0.0007486	0.0007486	0.0007486	0.0007498041618
0.0036436292	0.00088378	0.00074818	0.00074203	0.00074026	0.00074026	0.00074026	0.00074026	0.00074026	0.00074026	0.0007413765116
0.0036358316	0.00087407	0.00074103	0.00073396	0.0007322	0.0007322	0.0007322	0.0007322	0.0007322	0.0007322	0.0007332450289
0.003628034	0.00086474	0.00073425	0.00072619	0.00072444	0.00072444	0.00072444	0.00072444	0.00072444	0.00072444	0.0007254098357
0.0036202364	0.00085579	0.00072782	0.00071871	0.00071698	0.00071698	0.00071698	0.00071698	0.00071698	0.00071698	0.0007178706828
0.0036124386	0.00084722	0.00072176	0.00071152	0.00070981	0.00070981	0.00070981	0.00070981	0.00070981	0.00070981	0.000710627673
0.0036046409	0.00083904	0.00071605	0.00070463	0.00070293	0.00070293	0.00070293	0.00070293	0.00070293	0.00070293	0.0007036810055
0.0035968434	0.0008241	0.0007107	0.00069803	0.00069634	0.00069634	0.00069634	0.00069634	0.00069634	0.00069634	0.0006970317674
0.0035890458	0.00080941	0.0007057	0.00069172	0.00069005	0.00069005	0.00069005	0.00069005	0.00069005	0.00069005	0.0006906781029
0.0035812482	0.00079551	0.00070107	0.0006857	0.00068405	0.00068405	0.00068405	0.00068405	0.00068405	0.00068405	0.0006846208322
0.0035734506	0.00078241	0.00069679	0.00067998	0.00067834	0.00067834	0.00067834	0.00067834	0.00067834	0.00067834	0.0006788596951
0.0035656519	0.00077009	0.00069288	0.00067456	0.00067293	0.00067293	0.00067293	0.00067293	0.00067293	0.00067293	0.0006733902476
0.0035578479	0.00075856	0.00068931	0.00066942	0.00066781	0.00066781	0.00066781	0.00066781	0.00066781	0.00066781	0.0006681409982
0.0035500437	0.00074783	0.00068611	0.00066457	0.00066298	0.00066266	0.00066266	0.00066266	0.00066266	0.00066266	0.0006630687619
0.0035422398	0.00073788	0.00068327	0.00066002	0.00065844	0.0006578	0.0006578	0.0006578	0.0006578	0.0006578	0.000658173502
0.0035344358	0.00072873	0.00068078	0.00065577	0.00065413	0.0006531	0.0006531	0.0006531	0.0006531	0.0006531	0.0006534548826
0.0035266319	0.00072037	0.00067866	0.00065181	0.00064951	0.00064859	0.00064859	0.00064859	0.00064859	0.00064859	0.0006489130905
0.0035188279	0.0007128	0.00067689	0.00064814	0.00064507	0.00064425	0.00064425	0.00064425	0.00064425	0.00064425	0.0006445480575
0.003511024	0.00070603	0.00067165	0.00064476	0.00064081	0.00064009	0.00064009	0.00064009	0.00064009	0.00064009	0.0006403608517
0.00350322	0.00070005	0.00066386	0.00064168	0.00063673	0.0006361	0.0006361	0.0006361	0.0006361	0.0006361	0.0006363485173
0.003495416	0.00069486	0.00065682	0.0006389	0.00063283	0.00063228	0.00063228	0.00063228	0.00063228	0.00063228	0.0006325141999
0.0034876121	0.00069047	0.00065053	0.0006364	0.00062912	0.00062865	0.00062865	0.00062865	0.00062865	0.00062865	0.0006288572392
0.0034798061	0.00068686	0.00064498	0.0006342	0.00062558	0.00062519	0.00062519	0.00062519	0.00062519	0.00062519	0.0006253586633
0.0034719996	0.00068405	0.00064018	0.0006323	0.00062223	0.0006219	0.00062179	0.00062179	0.00062179	0.00062179	0.0006219709566
0.0034641931	0.00068204	0.00063612	0.00063069	0.00061906	0.00061879	0.00061852	0.00061852	0.00061852	0.00061852	0.0006186915665
0.0034563865	0.00068081	0.00063281	0.00062784	0.00061607	0.00061565	0.00061536	0.00061536	0.00061536	0.00061536	0.0006155201962
0.00344858	0.00068038	0.00063025	0.0006231	0.00061326	0.00061256	0.00061231	0.00061231	0.00061231	0.00061231	0.000612456709
0.0034407735	0.00068075	0.00062843	0.00061872	0.00061064	0.00060958	0.00060936	0.00060936	0.00060936	0.00060936	0.0006095011101
0.0034329669	0.0006819	0.00062737	0.0006147	0.0006082	0.00060671	0.00060653	0.00060653	0.00060653	0.00060653	0.0006066533562
0.0034251604	0.00068385	0.00062705	0.00061102	0.00060594	0.00060395	0.0006038	0.0006038	0.0006038	0.0006038	0.0006039135032
0.0034173537	0.00068659	0.00062747	0.00060771	0.00060386	0.0006013	0.00060117	0.00060117	0.00060117	0.00060117	0.0006012815002
0.0034095471	0.00069013	0.000625	0.00060474	0.00060196	0.00059877	0.00059866	0.00059866	0.00059866	0.00059866	0.0005987575378
0.0034017406	0.00069446	0.00062167	0.00060213	0.00060025	0.00059634	0.00059634	0.00059634	0.00059634	0.00059634	0.0005963415186
0.0033939341	0.00069958	0.0006187	0.00059988	0.00059744	0.00059402	0.00059402	0.00059402	0.00059402	0.00059402	0.0005940333609
0.0033861276	0.0007055	0.00061611	0.00059798	0.00059454	0.00059181	0.00059181	0.00059181	0.00059181	0.00059181	0.0005918327182
0.0033783211	0.00071221	0.00061388	0.00059644	0.00059184	0.00058971	0.00058971	0.00058971	0.00058971	0.00058971	0.0005897399794
0.0033705145	0.00071971	0.00061202	0.00059524	0.00058932	0.00058772	0.00058772	0.00058772	0.00058772	0.00058772	0.0005877553138
0.003362708	0.00072801	0.00061052	0.00059441	0.00058698	0.00058584	0.00058584	0.00058584	0.00058584	0.00058584	0.0005858769605
0.0033549013	0.00071309	0.0006094	0.00059393	0.00058483	0.00058407	0.00058407	0.00058407	0.00058407	0.00058407	0.0005840434598
0.0033470948	0.00069138	0.00060864	0.00059263	0.00058287	0.00058241	0.00058241	0.00058241	0.00058241	0.00058241	0.0005822294876
0.0033392883	0.00068088	0.00060825	0.00059134	0.00058109	0.00058086	0.00058039	0.00058039	0.00058039	0.00058039	0.0005804332239
0.0033314817	0.0006816	0.00060822	0.00059024	0.0005795	0.0005795	0.00057861	0.00057861	0.00057861	0.00057861	0.0005786521672
0.003323675	0.00069352	0.00060857	0.00058935	0.0005781	0.00057735	0.00057685	0.00057685	0.00057685	0.00057685	0.0005768861181
0.0033158684	0.00071666	0.00060928	0.00058865	0.00057688	0.00057555	0.00057511	0.00057511	0.00057511	0.00057511	0.0005751342233
0.0033080618	0.00076193	0.00061036	0.00058815	0.00057584	0.00057377	0.00057339	0.00057339	0.00057339	0.00057339	0.0005733972065
0.0033002552	0.00076386	0.0006118	0.00058712	0.00057499	0.00057202	0.00057168	0.00057168	0.00057168	0.00057168	0.0005716743566
0.0032924485	0.00076243	0.00061209	0.00058594	0.00057433	0.00057028	0.00056999	0.00056999	0.00056999	0.00056999	0.0005699652117
0.0032846417	0.00074329	0.00061167	0.00058496	0.00057386	0.00056857	0.00056832	0.00056823	0.00056823	0.00056823	0.0005682709212
0.003276835	0.00072616	0.00061146	0.00058418	0.00057242	0.00056688	0.00056667	0.00056655	0.00056655	0.00056655	0.0005665909584
0.0032690284	0.00071105	0.00061146	0.0005836	0.00057077	0.00056521	0.00056504	0.00056488	0.00056488	0.00056488	0.0005649254239
0.0032612218	0.00069795	0.00061165	0.00058321	0.00056913	0.00056357	0.00056343	0.00056323	0.00056323	0.00056323	0.0005632736238
0.0032534152	0.00068687	0.00061205	0.00058229	0.00056752	0.00056194	0.00056178	0.00056159	0.00056159	0.00056159	0.0005616367268
0.0032456085	0.00067781	0.00061265	0.00058051	0.00056593	0.00056034	0.00056013	0.00055997	0.00055997	0.00055997	0.0005600144734
0.0032378019	0.00067076	0.00061346	0.00057876	0.00056436	0.00055876	0.0005585	0.00055836	0.00055836	0.00055836	0.0005584060177
0.0032299952	0.00066572	0.00061446	0.00057702	0.00056281	0.0005572	0.00055688	0.00055677	0.00055677	0.00055677	0.0005568121135
0.0032221884	0.00066271	0.00061333	0.00057531	0.00056129	0.00055566	0.00055528	0.00055528	0.00055528	0.00055528	0.0005552325664
0.0032143817	0.0006617	0.0006115	0.00057363	0.00055978	0.00055414	0.0005537	0.0005537	0.0005537	0.0005537	0.000553667274
0.0032065752	0.00066272	0.0006097	0.00057196	0.0005583	0.00055265	0.00055213	0.00055213	0.00055213	0.00055213	0.0005521164825
0.0031987685	0.00066575	0.00060792	0.00057032	0.00055684	0.00055118	0.00055058	0.00055058	0.00055058	0.00055058	0.0005505804096
0.003190962	0.00067079	0.00060616	0.0005687	0.0005554	0.00054973	0.00054905	0.00054905	0.00054905	0.00054905	0.0005490579711
0.0031831553	0.00067786	0.00060443	0.00056711	0.00055398	0.0005483	0.00054753	0.00054753	0.00054753	0.00054753	0.0005475503716
0.0031753487	0.00068127	0.00060271	0.00056553	0.00055259	0.00054689	0.00054603	0.00054603	0.00054603	0.00054603	0.0005460571503
0.0031675421	0.00067821	0.00060103	0.00056398	0.00055121	0.0005455	0.00054455	0.00054455	0.00054455	0.00054455	0.0005445785677
0.0031597353	0.00067566	0.00059936	0.00056246	0.00054986	0.00054414	0.00054308	0.00054308	0.00054308	0.00054308	0.0005431138258
0.0031519287	0.00067363	0.00059772	0.00056095	0.00054853	0.00054279	0.00054163	0.00054163	0.00054163	0.00054163	0.0005416649669
0.003144122	0.00067213	0.0005961	0.00055947	0.00054722	0.00054147	0.00054019	0.00054019	0.00054019	0.00054019	0.000540228788
0.0031363146	0.00067114	0.0005945	0.00055801	0.00054593	0.00054017	0.00053878	0.00053878	0.00053878	0.00053878	0.0005388116633
0.0031285073	0.00067067	0.00059293	0.00055658	0.00054467	0.0005389	0.00053737	0.00053737	0.00053737	0.00053737	0.0005374063825
0.0031207018	0.00067072	0.00059138	0.00055517	0.00054342	0.00053764	0.00053599	0.00053599	0.00053599	0.00053599	0.000536016187
0.0031128966	0.0006713	0.00058985	0.00055378	0.0005422	0.00053641	0.00053462	0.00053462	0.00053462	0.00053462	0.0005346345442
0.0031050914	0.00067239	0.00058835	0.00055241	0.000541	0.00053519	0.00053326	0.00053326	0.00053326	0.00053326	0.0005332581008
0.003097286	0.000674	0.00058687	0.00055107	0.00053982	0.000534	0.00053193	0.00053193	0.00053193	0.00053193	0.0005318935093
0.003089481	0.00067613	0.00058541	0.00054975	0.00053867	0.00053283	0.00053061	0.00053061	0.00053061	0.00053061	0.0005305267655
0.0030816758	0.00067878	0.00058398	0.00054845	0.00053753	0.00053168	0.0005293	0.0005293	0.0005293	0.0005293	0.0005291686594
0.0030738706	0.00068195	0.00058257	0.00054718	0.00053642	0.00053056	0.00052802	0.00052779	0.00052779	0.00052779	0.0005278198677
0.0030660655	0.00068564	0.00058118	0.00054592	0.00053532	0.00052945	0.00052674	0.00052645	0.00052645	0.00052645	0.0005264787402
0.0030582604	0.00068487	0.00057982	0.00054469	0.00053425	0.00052837	0.00052549	0.00052511	0.00052511	0.00052511	0.0005251421232
0.0030504552	0.00068188	0.00057848	0.00054349	0.00053321	0.00052731	0.00052425	0.00052379	0.00052379	0.00052379	0.0005238139628
0.0030426501	0.00067895	0.00057716	0.00054231	0.00053218	0.00052627	0.00052303	0.00052246	0.00052246	0.00052246	0.0005224936806
0.0030348449	0.00067608	0.00057586	0.00054115	0.00053117	0.00052525	0.00052182	0.00052115	0.00052115	0.00052115	0.0005211780369
0.0030270395	0.00067327	0.00057459	0.00054001	0.00053019	0.00052426	0.00052063	0.00051984	0.00051984	0.00051984	0.0005198704115
0.0030192344	0.00067053	0.00057334	0.00053889	0.00052923	0.00052328	0.00051946	0.00051854	0.00051854	0.00051854	0.0005185697399
0.0030114292	0.00066785	0.00057212	0.0005378	0.00052829	0.00052233	0.0005183	0.00051725	0.00051725	0.00051725	0.0005172757271
0.0030036241	0.00066524	0.00057092	0.00053673	0.00052737	0.0005214	0.00051716	0.00051596	0.00051596	0.00051596	0.0005159885904
0.0029958189	0.00066268	0.00056974	0.00053569	0.00052647	0.00052049	0.00051604	0.00051468	0.00051468	0.00051468	0.0005147098986
0.0029880136	0.00066019	0.00056858	0.00053466	0.0005256	0.0005196	0.00051493	0.00051341	0.00051341	0.00051341	0.0005134369595
0.0029802079	0.00065777	0.00056745	0.00053366	0.00052474	0.00051867	0.00051384	0.00051214	0.00051214	0.00051214	0.0005121659685
0.0029724024	0.0006554	0.00056634	0.00053269	0.00052391	0.00051758	0.00051276	0.00051088	0.00051088	0.00051088	0.000510902283
0.0029645966	0.0006531	0.00056525	0.00053173	0.0005231	0.00051651	0.00051166	0.00050963	0.00050963	0.00050963	0.0005096435043
0.0029567911	0.00065086	0.00056419	0.0005308	0.00052231	0.00051545	0.00051046	0.00050838	0.00050838	0.00050838	0.0005083899988
0.0029489855	0.00064869	0.00056315	0.00052989	0.00052155	0.00051441	0.00050926	0.00050715	0.00050715	0.00050715	0.000507141792
0.0029411799	0.00064658	0.00056213	0.00052901	0.0005208	0.0005133	0.00050807	0.00050591	0.00050591	0.00050591	0.0005058966038
0.0029333744	0.00064453	0.00056114	0.00052814	0.00052008	0.00051211	0.00050689	0.00050469	0.00050469	0.00050469	0.000504657008
0.002925569	0.00064254	0.00056017	0.0005273	0.00051938	0.00051092	0.00050572	0.00050347	0.00050347	0.00050347	0.0005034227563
0.0029177634	0.00064062	0.00055922	0.00052649	0.00051855	0.00050974	0.00050455	0.00050226	0.00050217	0.00050217	0.0005021922987
0.0029099578	0.00063876	0.00055829	0.00052569	0.00051746	0.00050857	0.0005034	0.00050105	0.00050095	0.00050095	0.0005009664855
0.0029021521	0.00063696	0.00055739	0.00052492	0.00051638	0.00050741	0.00050225	0.00049986	0.00049973	0.00049973	0.00049974556
0.0028943466	0.00063523	0.00055651	0.00052417	0.00051533	0.00050625	0.0005011	0.00049867	0.00049851	0.00049851	0.0004985294904
0.0028865409	0.00063356	0.00055566	0.00052345	0.00051429	0.0005051	0.00049997	0.00049748	0.0004973	0.0004973	0.0004973181331
0.0028787355	0.00063195	0.00055483	0.00052274	0.00051327	0.00050396	0.00049884	0.00049631	0.0004961	0.0004961	0.000496110866
0.00287093	0.00063041	0.00055402	0.00052206	0.00051227	0.00050282	0.00049771	0.00049514	0.0004949	0.0004949	0.0004949086709
0.0028631244	0.00062893	0.00055323	0.00052141	0.00051128	0.00050169	0.0004966	0.00049397	0.00049371	0.00049371	0.0004937117615
0.0028553188	0.00062751	0.00055247	0.00052077	0.00051031	0.00050057	0.00049549	0.00049282	0.00049252	0.00049252	0.0004925187499
0.0028475134	0.00062615	0.00055173	0.00052016	0.00050936	0.00049946	0.00049439	0.00049167	0.00049133	0.00049133	0.0004913304177
0.0028397078	0.00062486	0.00055101	0.00051957	0.00050843	0.00049835	0.00049328	0.00049052	0.00049015	0.00049015	0.0004901468703
0.002831902	0.00062363	0.00055032	0.00051901	0.00050739	0.00049725	0.00049218	0.00048939	0.00048898	0.00048894	0.0004889679629
0.0028240965	0.00062165	0.00054965	0.00051847	0.00050624	0.00049616	0.00049108	0.00048826	0.00048781	0.00048777	0.0004877937492
0.002816291	0.00061967	0.000549	0.00051795	0.00050509	0.00049508	0.00048999	0.00048714	0.00048664	0.0004866	0.0004866241979
0.0028084854	0.00061773	0.00054838	0.00051745	0.00050394	0.000494	0.0004889	0.00048602	0.00048548	0.00048544	0.0004854593055
0.0028006799	0.00061582	0.00054778	0.00051698	0.00050281	0.00049293	0.00048782	0.00048491	0.00048433	0.00048428	0.000484299109
0.0027928744	0.00061395	0.00054716	0.00051653	0.00050168	0.00049187	0.00048675	0.00048381	0.00048318	0.00048312	0.0004831443612
0.0027850689	0.00061211	0.00054597	0.0005161	0.00050056	0.00049081	0.00048569	0.00048272	0.00048204	0.00048197	0.0004819927005
0.0027772634	0.00061031	0.00054482	0.0005155	0.00049944	0.00048977	0.00048463	0.00048163	0.0004809	0.00048083	0.0004808468187
0.0027694576	0.00060854	0.00054369	0.00051449	0.00049834	0.00048873	0.00048357	0.00048055	0.00047976	0.00047968	0.0004797064294
0.002761652	0.00060681	0.0005426	0.00051349	0.00049724	0.00048769	0.00048253	0.00047947	0.00047863	0.00047855	0.0004785681611
0.0027538466	0.00060511	0.00054154	0.0005125	0.00049614	0.00048666	0.00048148	0.00047841	0.00047751	0.00047742	0.0004774360304
0.0027460409	0.00060345	0.00054052	0.00051152	0.00049506	0.00048562	0.00048045	0.00047735	0.00047639	0.00047629	0.0004763086744
0.0027382355	0.00060183	0.00053952	0.00051054	0.00049398	0.00048458	0.00047942	0.00047629	0.00047527	0.00047517	0.0004751867074
0.0027304299	0.00060024	0.00053856	0.00050957	0.00049291	0.00048355	0.0004784	0.00047525	0.00047416	0.00047405	0.0004740677604
0.0027226245	0.00059869	0.00053763	0.0005086	0.00049184	0.00048253	0.00047739	0.00047421	0.00047306	0.00047293	0.0004729552158
0.0027148189	0.00059717	0.00053674	0.00050765	0.00049078	0.00048151	0.00047638	0.00047317	0.00047195	0.00047183	0.0004718452864
0.0027070131	0.00059569	0.00053587	0.00050669	0.00048973	0.0004805	0.00047538	0.00047215	0.00047086	0.00047072	0.0004707411981
0.0026992076	0.00059424	0.00053504	0.00050575	0.00048869	0.0004795	0.00047438	0.00047113	0.00046977	0.00046962	0.0004696417056
0.0026914021	0.00059283	0.00053424	0.00050481	0.00048765	0.0004785	0.00047339	0.00047012	0.00046868	0.00046853	0.0004685468511
0.0026835965	0.00059145	0.00053348	0.00050388	0.00048662	0.00047751	0.00047241	0.00046911	0.0004676	0.00046744	0.0004674573916
0.002675791	0.00059011	0.00053274	0.00050296	0.0004856	0.00047652	0.00047143	0.00046811	0.00046653	0.00046635	0.0004663714221
0.0026679854	0.00058881	0.00053204	0.00050204	0.00048458	0.00047554	0.00047047	0.00046712	0.00046546	0.00046527	0.000465290734
0.0026601799	0.00058754	0.00053137	0.00050113	0.00048357	0.00047457	0.0004695	0.00046613	0.00046439	0.0004642	0.0004642154379
0.0026523744	0.00058631	0.00053073	0.00050023	0.00048257	0.0004736	0.00046855	0.00046514	0.00046333	0.00046312	0.0004631436936
0.0026445686	0.00058511	0.00053013	0.00049934	0.00048158	0.00047264	0.0004676	0.00046415	0.00046227	0.00046206	0.0004620761064
0.0026367631	0.00058395	0.00052956	0.00049845	0.00048059	0.00047169	0.00046665	0.00046316	0.00046122	0.000461	0.0004610139498
0.0026289576	0.00058283	0.00052902	0.00049756	0.00047961	0.00047074	0.00046571	0.00046218	0.00046018	0.00045994	0.000459956519
0.0026211521	0.00058173	0.00052851	0.00049669	0.00047863	0.0004698	0.00046478	0.00046121	0.00045914	0.00045889	0.0004589061813
0.0026133466	0.00058068	0.00052804	0.00049582	0.00047767	0.00046887	0.00046386	0.00046018	0.0004581	0.00045784	0.0004578561083
0.0026055409	0.00057966	0.00052759	0.00049496	0.00047671	0.00046794	0.00046294	0.00045916	0.00045707	0.00045679	0.0004568123631
0.0025977354	0.00057868	0.00052718	0.0004941	0.00047576	0.00046702	0.00046203	0.00045814	0.00045604	0.00045576	0.000455773662
0.0025899299	0.00057773	0.00052681	0.00049326	0.00047481	0.00046611	0.00046112	0.00045713	0.00045502	0.00045472	0.0004547393859
0.0025821244	0.00057682	0.00052599	0.00049242	0.00047387	0.0004652	0.00046023	0.00045611	0.00045401	0.00045369	0.0004537103836
0.0025743186	0.00057594	0.00052507	0.00049158	0.00047294	0.0004643	0.00045933	0.0004551	0.00045299	0.00045267	0.0004526850708
0.0025665131	0.0005751	0.00052415	0.00049075	0.00047202	0.0004634	0.00045837	0.00045409	0.00045199	0.00045165	0.0004516649838
0.0025587077	0.0005743	0.00052324	0.00048993	0.0004711	0.00046252	0.00045736	0.00045309	0.00045099	0.00045063	0.000450650141
0.002550902	0.00057353	0.00052233	0.00048912	0.00047019	0.00046163	0.00045635	0.00045209	0.00044999	0.00044962	0.0004496390374
0.0025430966	0.00057279	0.00052144	0.00048831	0.00046929	0.00046076	0.00045535	0.0004511	0.000449	0.00044862	0.0004486328358
0.002535291	0.00057209	0.00052055	0.00048751	0.00046839	0.00045989	0.00045436	0.00045011	0.00044801	0.00044761	0.0004476313497
0.0025274855	0.00057143	0.00051967	0.00048672	0.0004675	0.00045903	0.00045337	0.00044913	0.00044703	0.00044662	0.0004466346122
0.0025196799	0.0005708	0.0005188	0.00048593	0.00046662	0.00045817	0.00045239	0.00044815	0.00044605	0.00044563	0.0004456425309
0.0025118742	0.00057021	0.00051794	0.00048516	0.00046575	0.00045732	0.00045141	0.00044717	0.00044508	0.00044464	0.0004446550978
0.0025040687	0.00056966	0.00051708	0.00048438	0.00046488	0.00045648	0.00045043	0.0004462	0.00044412	0.00044366	0.000443672356
0.0024962631	0.00056914	0.00051624	0.00048362	0.00046402	0.00045564	0.00044946	0.00044524	0.00044315	0.00044268	0.0004426942709
0.0024884576	0.00056865	0.0005154	0.00048286	0.00046316	0.00045481	0.0004485	0.00044428	0.0004422	0.00044171	0.000441720868
0.0024806521	0.0005682	0.00051457	0.00048211	0.00046232	0.00045398	0.00044754	0.00044332	0.00044124	0.00044074	0.0004407521349
0.0024728466	0.00056779	0.00051374	0.00048136	0.00046148	0.00045317	0.00044659	0.00044237	0.0004403	0.00043977	0.000439788072
0.0024650409	0.00056741	0.00051293	0.00048062	0.00046065	0.00045236	0.00044564	0.00044142	0.00043936	0.00043881	0.0004388286545
0.0024572355	0.00056707	0.00051198	0.00047989	0.00045982	0.00045155	0.00044469	0.00044048	0.00043842	0.00043786	0.0004378739429
0.0024494297	0.00056676	0.00051102	0.00047917	0.000459	0.00045075	0.00044375	0.00043955	0.00043749	0.00043691	0.0004369238517
0.0024416242	0.00056649	0.00051008	0.00047845	0.00045819	0.00044996	0.00044282	0.00043861	0.00043656	0.00043596	0.0004359794329
0.0024338186	0.00056625	0.00050914	0.00047774	0.00045739	0.00044917	0.00044189	0.00043769	0.00043564	0.00043502	0.0004350383461
0.0024260131	0.00056605	0.00050821	0.00047704	0.00045659	0.0004484	0.00044097	0.00043676	0.00043472	0.00043409	0.0004341020164
0.0024182075	0.00056589	0.0005073	0.00047634	0.0004558	0.00044762	0.00044005	0.00043585	0.00043381	0.00043316	0.0004331705888
0.002410402	0.00056576	0.00050639	0.00047565	0.00045502	0.00044678	0.00043913	0.00043493	0.00043289	0.00043223	0.0004322438585
0.0024025965	0.00056567	0.00050549	0.00047496	0.00045424	0.00044583	0.00043821	0.00043402	0.00043198	0.00043131	0.0004313217995
0.002394791	0.00056561	0.0005046	0.00047429	0.00045347	0.00044488	0.0004373	0.00043312	0.00043107	0.00043039	0.0004304044239
0.0023869854	0.00056559	0.00050372	0.00047354	0.00045271	0.00044394	0.00043638	0.00043222	0.00043016	0.00042948	0.0004294916931
0.0023791797	0.0005656	0.00050285	0.00047265	0.00045196	0.000443	0.00043547	0.00043133	0.00042926	0.00042857	0.0004285836141
0.0023713742	0.00056452	0.00050199	0.00047176	0.00045121	0.00044206	0.00043457	0.00043044	0.00042837	0.00042767	0.000427680223
0.0023635686	0.00056315	0.00050109	0.00047082	0.00045047	0.00044113	0.00043367	0.00042955	0.00042748	0.00042677	0.0004267815118
0.0023557631	0.00056178	0.00050017	0.00046976	0.00044973	0.00044021	0.00043278	0.00042867	0.00042659	0.00042587	0.0004258875342
0.0023479575	0.00056043	0.00049926	0.00046872	0.00044901	0.00043929	0.00043189	0.0004278	0.00042571	0.00042499	0.0004249981903
0.0023401521	0.00055909	0.00049837	0.00046768	0.00044826	0.00043838	0.000431	0.00042693	0.00042483	0.0004241	0.0004241134939
0.0023323466	0.00055776	0.00049748	0.00046665	0.00044752	0.00043747	0.00043012	0.00042606	0.00042396	0.00042322	0.0004232334287
0.002324541	0.00055644	0.00049661	0.00046563	0.00044679	0.00043657	0.00042925	0.0004252	0.00042309	0.00042235	0.0004223580684
0.0023167353	0.00055513	0.00049574	0.00046462	0.00044606	0.00043567	0.00042838	0.00042434	0.00042223	0.00042147	0.0004214873648
0.0023089297	0.00055384	0.00049489	0.00046362	0.00044535	0.00043478	0.00042751	0.00042349	0.00042137	0.00042061	0.000420621341
0.0023011241	0.00055256	0.00049404	0.00046263	0.00044463	0.00043389	0.00042665	0.00042264	0.00042052	0.00041975	0.0004197599869
0.0022933186	0.00055128	0.00049321	0.00046165	0.00044393	0.00043301	0.00042579	0.0004218	0.00041967	0.00041889	0.0004189033156
0.0022855132	0.00055002	0.00049238	0.00046068	0.00044323	0.00043213	0.00042494	0.00042096	0.00041882	0.00041804	0.0004180513327
0.0022777075	0.00054878	0.00049157	0.00045972	0.00044253	0.00043126	0.00042409	0.00042013	0.00041798	0.00041719	0.0004172039797
0.002269902	0.00054754	0.00049076	0.00045877	0.00044185	0.00043039	0.00042325	0.0004193	0.00041715	0.00041635	0.0004163613135
0.0022620966	0.00054631	0.00048997	0.00045783	0.00044117	0.00042952	0.00042241	0.00041848	0.00041632	0.00041551	0.0004155233288
0.0022542908	0.0005451	0.00048918	0.00045689	0.00044049	0.00042865	0.00042158	0.00041766	0.00041549	0.00041468	0.0004146899717
0.0022464852	0.0005439	0.00048841	0.00045597	0.00043983	0.00042778	0.00042075	0.00041685	0.00041467	0.00041385	0.0004138613059
0.0022386797	0.00054271	0.00048764	0.00045506	0.00043916	0.00042692	0.00041993	0.00041604	0.00041386	0.00041303	0.0004130373207
0.0022308741	0.00054153	0.00048688	0.00045416	0.00043851	0.00042606	0.00041911	0.00041523	0.00041305	0.00041221	0.0004122179953
0.0022230687	0.00054036	0.00048614	0.00045326	0.00043786	0.00042521	0.0004183	0.00041443	0.00041224	0.00041139	0.0004114033622
0.0022152631	0.00053921	0.0004854	0.00045238	0.00043722	0.00042436	0.00041749	0.00041364	0.00041144	0.00041058	0.0004105933816
0.0022074574	0.00053806	0.00048468	0.0004515	0.00043659	0.00042352	0.00041669	0.00041285	0.00041064	0.00040978	0.0004097880746
0.0021996522	0.00053693	0.00048396	0.00045064	0.00043595	0.00042268	0.00041589	0.00041206	0.00040985	0.00040898	0.0004089875465
0.0021918462	0.00053581	0.00048326	0.00044978	0.00043515	0.00042185	0.00041509	0.00041128	0.00040906	0.00040818	0.0004081916383
0.0021840407	0.0005347	0.00048256	0.00044894	0.00043435	0.00042102	0.0004143	0.0004105	0.00040828	0.00040739	0.0004074003981
0.0021762352	0.0005336	0.00048188	0.0004481	0.00043355	0.00042019	0.00041352	0.00040973	0.0004075	0.0004066	0.0004066134916
0.0021684299	0.00053252	0.0004812	0.00044728	0.00043276	0.00041937	0.00041273	0.00040897	0.00040673	0.00040582	0.0004058305804
0.0021606246	0.00053144	0.00048035	0.00044646	0.00043198	0.00041856	0.00041196	0.0004082	0.00040596	0.00040504	0.0004050513834
0.0021528194	0.00053038	0.00047919	0.00044566	0.0004312	0.00041775	0.00041119	0.00040745	0.00040519	0.00040427	0.0004042758453
0.0021450138	0.00052933	0.00047804	0.00044486	0.00043042	0.00041695	0.00041042	0.00040669	0.00040443	0.0004035	0.0004035038789
0.0021372084	0.00052829	0.0004769	0.00044407	0.00042965	0.00041615	0.00040966	0.00040594	0.00040368	0.00040274	0.0004027356179
0.0021294031	0.00052726	0.00047578	0.00044329	0.00042889	0.00041535	0.0004089	0.0004052	0.00040293	0.00040198	0.0004019709416
0.0021215976	0.00052625	0.00047466	0.00044253	0.00042813	0.00041456	0.00040815	0.00040446	0.00040219	0.00040123	0.0004012099401
0.0021137924	0.00052524	0.00047356	0.00044177	0.00042737	0.00041378	0.0004074	0.00040373	0.00040144	0.00040048	0.0004004526342
0.002105987	0.00052425	0.00047246	0.00044102	0.00042662	0.000413	0.00040666	0.000403	0.00040071	0.00039974	0.000399698885
0.0020981817	0.00052327	0.00047138	0.00044028	0.00042587	0.00041222	0.00040592	0.00040228	0.00039998	0.000399	0.000398948794
0.0020903763	0.0005223	0.00047031	0.00043955	0.00042513	0.00041145	0.00040519	0.00040156	0.00039925	0.00039826	0.0003982023218
0.0020825708	0.00052134	0.00046926	0.00043883	0.0004244	0.00041069	0.00040446	0.00040084	0.00039853	0.00039753	0.0003974594641
0.0020747655	0.0005204	0.00046821	0.00043812	0.00042367	0.00040992	0.00040374	0.00040013	0.00039781	0.0003968	0.0003967202441
0.0020669601	0.00051946	0.00046717	0.00043742	0.0004229	0.00040917	0.00040302	0.00039942	0.0003971	0.00039608	0.0003959859105
0.0020591546	0.00051854	0.00046615	0.00043673	0.00042196	0.00040842	0.00040231	0.00039872	0.00039639	0.00039537	0.0003952537512
0.0020513494	0.00051763	0.00046514	0.00043605	0.00042103	0.00040767	0.0004016	0.00039803	0.00039569	0.00039465	0.0003945255127
0.002043544	0.00051673	0.00046414	0.00043538	0.0004201	0.00040693	0.00040089	0.00039734	0.00039499	0.00039395	0.0003938009987
0.0020357387	0.00051584	0.00046315	0.00043471	0.00041918	0.00040619	0.00040019	0.00039665	0.0003943	0.00039324	0.0003930801438
0.0020279333	0.00051496	0.00046217	0.00043406	0.00041827	0.00040546	0.0003995	0.00039597	0.00039361	0.00039255	0.0003923629329
0.0020201278	0.0005141	0.00046121	0.00043342	0.00041737	0.00040473	0.00039881	0.00039529	0.00039293	0.00039185	0.0003916493687
0.0020123225	0.00051324	0.00046025	0.00043279	0.00041647	0.00040401	0.00039812	0.00039462	0.00039225	0.00039117	0.0003909394809
0.0020045172	0.0005124	0.00045931	0.00043216	0.00041558	0.0004033	0.00039744	0.00039395	0.00039157	0.00039048	0.0003902332542
0.0019967116	0.00051157	0.00045838	0.00043155	0.00041469	0.00040258	0.00039676	0.00039329	0.0003909	0.0003898	0.0003895306648
0.0019889064	0.00051075	0.00045746	0.00043094	0.00041382	0.00040188	0.00039609	0.00039263	0.00039024	0.00038913	0.0003888317797
0.001981101	0.00050995	0.00045655	0.00043035	0.00041294	0.00040117	0.00039542	0.00039197	0.00038958	0.00038846	0.0003881365498
0.0019732957	0.00050915	0.00045565	0.00042977	0.00041208	0.00040048	0.00039476	0.00039133	0.00038892	0.00038779	0.0003874449946
0.0019654902	0.00050837	0.00045477	0.00042919	0.00041122	0.00039978	0.00039411	0.00039068	0.00038827	0.00038713	0.0003867568659
0.0019576848	0.0005076	0.00045389	0.00042863	0.00041037	0.00039909	0.00039345	0.00039004	0.00038762	0.00038648	0.0003860723927
0.0019498794	0.00050683	0.00045303	0.00042807	0.00040953	0.00039841	0.0003928	0.00038941	0.00038698	0.00038583	0.0003853915417
0.001942074	0.00050609	0.00045218	0.00042752	0.00040869	0.00039773	0.00039216	0.00038878	0.00038635	0.00038518	0.0003847142833
0.0019342688	0.00050535	0.00045134	0.00042697	0.00040786	0.00039706	0.00039152	0.00038815	0.00038571	0.00038454	0.0003840405966
0.0019264635	0.00050462	0.00045051	0.00042617	0.00040704	0.00039639	0.00039089	0.00038753	0.00038509	0.0003839	0.0003833704063
0.0019186581	0.00050391	0.0004497	0.00042538	0.00040622	0.00039573	0.00039026	0.00038692	0.00038446	0.00038327	0.0003827037556
0.0019108528	0.00050321	0.00044889	0.0004246	0.00040541	0.00039507	0.00038964	0.0003863	0.00038384	0.00038264	0.0003820404653
0.0019030477	0.00050252	0.0004481	0.00042382	0.0004046	0.00039441	0.00038902	0.0003857	0.00038323	0.00038202	0.0003813804628
0.001895243	0.00050184	0.00044732	0.00042305	0.00040381	0.00039377	0.0003884	0.0003851	0.00038262	0.0003814	0.0003807236947
0.0018874381	0.00050117	0.00044655	0.00042229	0.00040302	0.00039312	0.00038779	0.0003845	0.00038202	0.00038079	0.0003800700626
0.0018796331	0.00050051	0.00044579	0.00042154	0.00040223	0.00039248	0.00038719	0.00038391	0.00038142	0.00038018	0.0003794195544
0.0018718281	0.00049987	0.00044504	0.00042079	0.00040146	0.00039185	0.00038659	0.00038332	0.00038082	0.00037957	0.0003787722448
0.0018640231	0.00049924	0.00044431	0.00042005	0.00040069	0.00039122	0.00038599	0.00038274	0.00038024	0.00037897	0.0003781280612
0.0018562181	0.00049862	0.00044358	0.00041931	0.00039992	0.00039059	0.0003854	0.00038216	0.00037965	0.00037838	0.0003774869797
0.0018484133	0.00049801	0.00044287	0.00041858	0.00039917	0.00038997	0.00038482	0.00038158	0.00037907	0.00037779	0.0003768494915
0.0018406083	0.00049741	0.00044217	0.00041786	0.00039842	0.00038936	0.00038423	0.00038102	0.00037849	0.0003772	0.0003762151558
0.0018328034	0.00049682	0.00044148	0.00041715	0.00039768	0.00038875	0.00038366	0.00038045	0.00037792	0.00037661	0.0003755834487
0.0018249983	0.00049625	0.0004408	0.00041644	0.00039694	0.00038814	0.00038309	0.00037989	0.00037736	0.00037599	0.0003749548974
0.0018171933	0.00049568	0.00044014	0.00041574	0.00039621	0.00038754	0.00038252	0.00037934	0.0003768	0.00037537	0.0003743294091
0.0018093884	0.00049513	0.00043948	0.00041504	0.00039549	0.00038695	0.00038196	0.00037879	0.00037624	0.00037476	0.000373706989
0.0018015836	0.00049459	0.00043884	0.00041436	0.00039477	0.00038635	0.0003814	0.00037824	0.00037569	0.00037415	0.0003730875674
0.0017937787	0.00049406	0.00043821	0.00041367	0.00039406	0.00038577	0.00038085	0.0003777	0.00037514	0.00037354	0.0003724710016
0.0017859736	0.00049355	0.00043759	0.000413	0.00039336	0.00038519	0.00038024	0.00037715	0.0003746	0.00037294	0.0003718581104
0.0017781686	0.00049304	0.00043698	0.00041233	0.00039266	0.00038461	0.00037961	0.00037654	0.00037406	0.00037234	0.0003712483321
0.0017703637	0.00049255	0.00043638	0.00041162	0.00039198	0.00038404	0.00037899	0.00037593	0.00037352	0.00037175	0.0003706416737
0.0017625587	0.00049207	0.0004358	0.0004109	0.00039129	0.00038347	0.00037837	0.00037533	0.000373	0.00037116	0.0003700381201
0.0017547538	0.0004916	0.00043522	0.0004102	0.00039062	0.00038291	0.00037776	0.00037474	0.00037247	0.00037057	0.0003694376864
0.0017469489	0.00049114	0.00043466	0.0004095	0.00038995	0.00038235	0.00037715	0.00037415	0.0003719	0.00036999	0.0003688403707
0.0017391439	0.00049069	0.00043411	0.0004088	0.00038929	0.0003818	0.00037655	0.00037357	0.00037132	0.00036941	0.0003682461773
0.001731339	0.00049026	0.00043357	0.00040812	0.00038863	0.00038125	0.00037595	0.00037299	0.00037074	0.00036883	0.0003676551079
0.0017235339	0.00048983	0.00043304	0.00040744	0.00038798	0.00038071	0.00037536	0.00037242	0.00037016	0.00036826	0.0003670671409
0.0017157291	0.00048942	0.00043252	0.00040676	0.00038734	0.00038017	0.00037478	0.00037186	0.00036959	0.00036769	0.0003664823126
0.0017079241	0.00048902	0.00043202	0.00040609	0.00038671	0.00037961	0.0003742	0.0003713	0.00036902	0.00036713	0.0003659005846
0.0017001192	0.00048863	0.00043152	0.00040543	0.00038608	0.00037901	0.00037363	0.00037075	0.00036846	0.00036657	0.0003653219782
0.0016923143	0.00048826	0.00043104	0.00040477	0.00038546	0.00037842	0.00037307	0.0003702	0.0003679	0.00036601	0.0003647464841
0.0016845092	0.00048789	0.00043057	0.00040412	0.00038484	0.00037784	0.00037251	0.00036966	0.00036734	0.00036545	0.0003641740928
0.0016767044	0.00048754	0.00043011	0.00040348	0.00038424	0.00037726	0.00037195	0.00036912	0.00036678	0.0003649	0.0003636048378
0.0016688992	0.00048719	0.00042966	0.00040284	0.00038363	0.00037668	0.0003714	0.00036859	0.00036623	0.00036436	0.0003630386674
0.0016610943	0.00048686	0.00042923	0.00040221	0.00038304	0.00037611	0.00037086	0.00036807	0.00036569	0.00036381	0.0003624756321
0.0016532895	0.00048654	0.0004288	0.00040158	0.00038245	0.00037555	0.00037032	0.00036755	0.00036514	0.00036327	0.0003619157168
0.0016454845	0.00048624	0.00042839	0.00040096	0.00038187	0.000375	0.00036979	0.00036703	0.0003646	0.00036274	0.0003613588929
0.0016376796	0.00048594	0.00042799	0.00040015	0.0003813	0.00037445	0.00036927	0.00036653	0.00036407	0.00036221	0.0003608051796
0.0016298745	0.00048566	0.0004276	0.00039934	0.00038073	0.0003739	0.00036875	0.00036603	0.00036353	0.00036168	0.0003602545631
0.0016220695	0.00048538	0.00042722	0.00039853	0.00038017	0.00037336	0.00036823	0.00036553	0.00036301	0.00036115	0.0003597070645
0.0016142646	0.00048512	0.00042685	0.00039774	0.00037962	0.00037282	0.00036773	0.000365	0.00036248	0.00036063	0.0003591626834
0.0016064599	0.00048487	0.0004265	0.00039695	0.00037907	0.00037226	0.00036722	0.00036446	0.00036196	0.00036011	0.0003586214253
0.0015986549	0.00048463	0.00042616	0.00039617	0.00037853	0.0003717	0.00036673	0.00036393	0.00036144	0.0003596	0.0003580832518
0.0015908498	0.00048441	0.00042582	0.0003954	0.00037799	0.00037115	0.00036624	0.0003634	0.00036093	0.00035909	0.0003575481727
0.0015830449	0.00048419	0.0004255	0.00039464	0.00037747	0.00037061	0.00036575	0.00036288	0.00036042	0.00035858	0.0003570162185
0.0015752399	0.00048399	0.00042519	0.00039389	0.00037695	0.00037007	0.00036527	0.00036235	0.00035991	0.00035808	0.0003564873443
0.001567435	0.0004838	0.00042489	0.00039314	0.00037641	0.00036954	0.0003648	0.00036184	0.00035941	0.00035758	0.0003559615869
0.00155963	0.00048362	0.00042461	0.0003924	0.00037585	0.00036901	0.00036433	0.00036132	0.00035891	0.00035708	0.0003554389379
0.001551825	0.00048345	0.00042433	0.00039167	0.00037528	0.00036849	0.00036387	0.00036081	0.00035841	0.00035659	0.0003549194045
0.0015440201	0.00048329	0.00042407	0.00039095	0.00037473	0.00036798	0.00036342	0.00036031	0.00035792	0.0003561	0.000354402994
0.0015362152	0.00048315	0.00042373	0.00039024	0.00037418	0.00036747	0.00036297	0.0003598	0.00035743	0.00035562	0.0003538897006
0.0015284102	0.00048302	0.00042297	0.00038954	0.00037364	0.00036697	0.00036252	0.0003593	0.00035695	0.00035514	0.0003533795179
0.0015206051	0.00048289	0.00042222	0.00038884	0.00037311	0.00036647	0.00036209	0.00035881	0.00035647	0.00035466	0.0003528725333
0.0015128002	0.00048278	0.00042149	0.00038816	0.00037258	0.00036598	0.00036165	0.00035832	0.00035599	0.00035418	0.0003523687117
0.0015049954	0.00048269	0.00042076	0.00038748	0.00037205	0.0003655	0.00036123	0.00035783	0.00035551	0.00035371	0.0003518680467
0.0014971904	0.0004826	0.00042004	0.00038681	0.00037154	0.00036502	0.00036081	0.00035734	0.00035502	0.00035325	0.0003513704216
0.0014893854	0.00048252	0.00041932	0.00038615	0.00037103	0.00036455	0.00036038	0.00035683	0.00035451	0.00035278	0.0003508759695
0.0014815805	0.00048246	0.00041862	0.00038549	0.00037052	0.00036409	0.00035987	0.00035631	0.00035401	0.00035232	0.0003503846251
0.0014737755	0.00048241	0.00041792	0.00038485	0.00037003	0.00036363	0.00035937	0.0003558	0.00035352	0.00035187	0.0003498963363
0.0014659704	0.00048237	0.00041724	0.00038421	0.00036954	0.00036318	0.00035887	0.00035529	0.00035303	0.00035142	0.0003494110533
0.0014581654	0.00048234	0.00041656	0.00038358	0.00036905	0.00036273	0.00035837	0.00035479	0.00035254	0.00035097	0.0003489287348
0.0014503603	0.00048232	0.00041589	0.00038296	0.00036857	0.00036229	0.00035788	0.00035429	0.00035206	0.00035052	0.0003484493193
0.0014425554	0.00048232	0.00041522	0.00038235	0.0003681	0.00036186	0.00035739	0.00035379	0.00035158	0.00035008	0.0003479727865
0.0014347504	0.00048232	0.00041457	0.00038175	0.00036764	0.00036143	0.00035691	0.0003533	0.0003511	0.00034964	0.0003474990915
0.0014269453	0.00048234	0.00041392	0.00038115	0.00036718	0.00036101	0.00035643	0.00035281	0.00035063	0.00034921	0.0003470282191
0.0014191403	0.00048237	0.00041329	0.00038057	0.00036672	0.0003606	0.00035595	0.00035232	0.00035016	0.00034878	0.0003465601744
0.0014113351	0.00048241	0.00041266	0.00037999	0.00036628	0.00036019	0.00035548	0.00035184	0.0003497	0.00034835	0.0003460949409
0.00140353	0.00048246	0.00041204	0.00037942	0.00036583	0.00035979	0.00035501	0.00035137	0.00034924	0.00034793	0.0003456325317
0.0013957248	0.00048253	0.00041142	0.00037886	0.0003654	0.00035939	0.00035455	0.0003509	0.00034879	0.00034749	0.0003451729976
0.0013879198	0.0004826	0.00041082	0.0003783	0.00036497	0.000359	0.00035409	0.00035043	0.00034834	0.00034704	0.0003447162849
0.0013801148	0.00048269	0.00041023	0.00037776	0.00036455	0.00035862	0.00035363	0.00034997	0.00034789	0.00034659	0.0003442623662
0.0013723098	0.00048279	0.00040964	0.00037722	0.00036414	0.00035824	0.00035317	0.00034951	0.00034745	0.00034615	0.0003438112687
0.0013645045	0.0004829	0.00040906	0.00037669	0.00036373	0.00035787	0.00035273	0.00034905	0.00034701	0.00034571	0.0003433629588
0.0013566993	0.00048302	0.00040849	0.00037617	0.00036332	0.0003575	0.00035227	0.0003486	0.00034658	0.00034528	0.0003429175459
0.0013488944	0.00048316	0.00040793	0.00037566	0.00036293	0.00035706	0.0003518	0.00034816	0.00034615	0.00034485	0.0003424749945
0.0013410893	0.0004833	0.00040737	0.00037516	0.00036254	0.00035653	0.00035133	0.00034771	0.00034572	0.00034438	0.0003420352435
0.0013332842	0.00048346	0.00040683	0.00037466	0.00036215	0.00035601	0.00035086	0.00034727	0.0003453	0.00034392	0.0003415984948
0.0013254792	0.00048363	0.00040629	0.00037418	0.00036178	0.00035549	0.0003504	0.00034684	0.00034488	0.00034346	0.0003411631726
0.0013176743	0.00048381	0.00040576	0.0003737	0.00036141	0.00035497	0.00034994	0.00034641	0.00034447	0.000343	0.0003407321967
0.0013098692	0.000484	0.00040524	0.00037323	0.00036104	0.00035446	0.00034949	0.00034599	0.00034406	0.00034255	0.0003403029411
0.0013020641	0.0004842	0.00040473	0.00037277	0.00036068	0.00035395	0.00034904	0.00034556	0.00034366	0.0003421	0.0003398758664
0.0012942592	0.00048442	0.00040423	0.00037231	0.00036033	0.00035345	0.0003486	0.00034515	0.00034321	0.00034165	0.0003394519485
0.0012864541	0.00048464	0.00040374	0.00037187	0.00035998	0.00035295	0.00034814	0.00034473	0.00034275	0.00034121	0.00033903059
0.0012786491	0.00048488	0.00040325	0.00037143	0.00035964	0.00035245	0.00034769	0.00034433	0.00034229	0.00034077	0.0003386128981
0.0012708439	0.00048513	0.00040277	0.00037101	0.00035931	0.00035197	0.00034724	0.00034392	0.00034184	0.00034034	0.0003381974315
0.0012630388	0.00048539	0.0004023	0.00037059	0.00035898	0.00035148	0.0003468	0.00034352	0.00034138	0.00033991	0.0003377841581
0.0012552339	0.00048567	0.00040184	0.00037017	0.00035866	0.000351	0.00034636	0.00034312	0.00034094	0.00033948	0.0003373728959
0.0012474291	0.00048595	0.00040139	0.00036977	0.00035835	0.00035053	0.00034592	0.00034273	0.00034049	0.00033905	0.0003369637401
0.001239624	0.00048625	0.00040094	0.00036938	0.00035804	0.00035006	0.00034549	0.00034234	0.00034006	0.00033863	0.0003365567428
0.0012318188	0.00048656	0.00040051	0.00036899	0.00035774	0.00034959	0.00034507	0.00034196	0.00033962	0.00033821	0.0003361519881
0.0012240139	0.00048688	0.00040008	0.00036861	0.00035744	0.00034913	0.00034465	0.00034158	0.00033919	0.0003378	0.0003357502088
0.0012162089	0.00048721	0.00039966	0.00036824	0.00035715	0.00034867	0.00034423	0.00034121	0.00033876	0.00033739	0.0003353514253
0.0012084038	0.00048755	0.00039925	0.00036788	0.00035687	0.00034822	0.00034382	0.00034084	0.00033833	0.00033698	0.0003349550315
0.0012005987	0.0004879	0.00039885	0.00036753	0.0003566	0.00034777	0.00034341	0.00034047	0.00033791	0.00033658	0.0003345611595
0.0011927941	0.00048827	0.00039845	0.00036718	0.00035633	0.00034733	0.00034301	0.00034011	0.00033749	0.00033618	0.0003341700111
0.001184989	0.00048865	0.00039807	0.00036685	0.00035606	0.00034689	0.00034261	0.00033975	0.00033708	0.00033578	0.0003337816176
0.0011771838	0.00048904	0.00039769	0.00036652	0.0003558	0.00034646	0.00034222	0.00033939	0.00033667	0.00033539	0.0003333947135
0.0011693787	0.00048944	0.00039732	0.0003662	0.00035555	0.00034603	0.00034183	0.00033899	0.00033626	0.000335	0.0003330108426
0.0011615737	0.00048985	0.00039696	0.00036589	0.00035531	0.00034561	0.00034144	0.00033855	0.00033586	0.00033461	0.000332629669
0.0011537688	0.00049027	0.00039661	0.00036558	0.00035507	0.00034519	0.00034106	0.00033811	0.00033546	0.00033423	0.0003322507635
0.0011459637	0.00049071	0.00039617	0.00036529	0.00035484	0.00034477	0.00034068	0.00033768	0.00033506	0.00033385	0.0003318741714
0.0011381586	0.00049116	0.00039572	0.000365	0.00035453	0.00034436	0.00034031	0.00033725	0.00033467	0.00033347	0.0003314999054
0.0011303537	0.00049162	0.00039528	0.00036473	0.00035406	0.00034396	0.00033995	0.00033682	0.00033428	0.0003331	0.0003311278381
0.0011225488	0.00049209	0.00039484	0.00036446	0.00035359	0.00034356	0.00033958	0.00033639	0.00033389	0.00033273	0.0003307579756
0.0011147437	0.00049257	0.00039442	0.00036419	0.00035313	0.00034316	0.00033922	0.00033597	0.00033351	0.00033235	0.0003303905758
0.0011069386	0.00049306	0.000394	0.00036394	0.00035268	0.00034277	0.00033887	0.00033556	0.00033313	0.00033198	0.0003300251014
0.0010991336	0.00049357	0.00039358	0.0003637	0.00035223	0.00034238	0.00033852	0.00033515	0.00033276	0.0003316	0.0003296633355
0.0010913287	0.00049408	0.00039318	0.00036346	0.00035178	0.000342	0.00033818	0.00033474	0.00033239	0.00033123	0.0003293042941
0.0010835236	0.00049461	0.00039278	0.00036323	0.00035134	0.00034162	0.00033783	0.00033433	0.00033202	0.00033087	0.0003289478146
0.0010757184	0.00049515	0.00039239	0.00036301	0.0003509	0.00034125	0.0003375	0.00033393	0.00033165	0.00033051	0.0003285938319
0.0010679135	0.00049571	0.00039201	0.0003628	0.00035047	0.00034088	0.00033717	0.00033354	0.00033129	0.00033015	0.0003282423229
0.0010601087	0.00049627	0.00039163	0.0003626	0.00035005	0.00034052	0.00033674	0.00033314	0.00033094	0.00032979	0.000327893662
0.0010523035	0.00049684	0.00039126	0.0003624	0.00034962	0.00034016	0.00033632	0.00033276	0.00033058	0.00032944	0.0003275477543
0.0010444984	0.00049743	0.0003909	0.00036217	0.00034921	0.00033981	0.00033589	0.00033237	0.00033023	0.0003291	0.0003272020621
0.0010366934	0.00049803	0.00039054	0.00036189	0.0003488	0.00033946	0.00033548	0.00033199	0.00032989	0.00032875	0.0003268604101
0.0010288886	0.00049864	0.0003902	0.00036161	0.00034839	0.00033911	0.00033506	0.00033161	0.00032954	0.00032841	0.0003265212881
0.0010210835	0.00049926	0.00038986	0.00036134	0.00034799	0.00033877	0.00033465	0.00033124	0.0003292	0.00032807	0.0003261846702
0.0010132783	0.00049989	0.00038953	0.00036109	0.00034759	0.00033843	0.00033425	0.00033087	0.00032887	0.00032774	0.0003258505518
0.0010054732	0.00050054	0.0003892	0.00036083	0.0003472	0.0003381	0.00033385	0.0003305	0.00032854	0.00032741	0.0003255189344
0.0009976686	0.0005012	0.00038888	0.00036059	0.00034681	0.00033778	0.00033345	0.00033014	0.00032821	0.00032709	0.0003251930078
0.0009898634	0.00050186	0.00038858	0.00036035	0.00034643	0.00033746	0.00033306	0.00032978	0.00032788	0.00032676	0.0003248670153
0.0009820583	0.00050254	0.00038827	0.00036012	0.00034605	0.00033714	0.00033267	0.00032943	0.00032756	0.00032645	0.0003245424163
0.0009742531	0.00050323	0.00038798	0.0003599	0.00034568	0.00033683	0.00033229	0.00032908	0.00032725	0.00032613	0.0003242176986
0.0009664484	0.00050394	0.00038769	0.00035968	0.00034531	0.00033652	0.00033191	0.00032873	0.00032693	0.00032582	0.0003239009625
0.0009586433	0.00050465	0.00038741	0.00035947	0.00034494	0.00033621	0.00033153	0.00032839	0.00032662	0.00032551	0.0003235818246
0.0009508382	0.00050538	0.00038714	0.00035927	0.00034459	0.00033592	0.00033116	0.00032805	0.00032632	0.00032521	0.0003232689646
0.0009430331	0.00050611	0.00038687	0.00035908	0.00034423	0.00033562	0.00033079	0.00032772	0.00032601	0.00032491	0.0003229568606
0.0009352284	0.00050686	0.00038661	0.00035889	0.00034388	0.00033533	0.00033042	0.00032739	0.00032571	0.00032461	0.0003226469984
0.0009274233	0.00050762	0.00038636	0.00035871	0.00034354	0.00033505	0.00033006	0.00032706	0.00032542	0.00032431	0.0003223403804
0.0009196181	0.00050817	0.00038612	0.00035854	0.0003432	0.00033475	0.00032971	0.00032674	0.00032512	0.00032402	0.0003220362365
0.000911813	0.00050851	0.00038588	0.00035809	0.00034287	0.00033433	0.00032936	0.00032642	0.00032484	0.00032374	0.0003217345792
0.0009040083	0.00050886	0.00038565	0.00035761	0.00034254	0.00033392	0.00032901	0.00032611	0.00032455	0.00032346	0.0003214354386
0.0008962032	0.00050923	0.00038543	0.00035714	0.00034221	0.00033351	0.00032866	0.00032579	0.00032427	0.00032318	0.0003211388077
0.0008883981	0.0005096	0.00038522	0.00035667	0.00034189	0.00033311	0.00032832	0.00032549	0.00032399	0.0003229	0.0003208446732
0.000880593	0.00050998	0.00038501	0.00035621	0.00034158	0.00033271	0.00032799	0.00032518	0.00032372	0.00032263	0.0003205530117
0.0008727883	0.00051036	0.00038481	0.00035576	0.00034127	0.00033232	0.00032766	0.00032488	0.00032345	0.00032236	0.0003202638724
0.0008649831	0.00051076	0.00038462	0.00035531	0.00034096	0.00033193	0.00032733	0.00032459	0.00032318	0.00032209	0.0003199779801
0.000857178	0.00051116	0.00038444	0.00035487	0.00034066	0.00033155	0.000327	0.0003243	0.00032292	0.00032183	0.0003196930314
0.0008493728	0.00051158	0.00038426	0.00035443	0.00034037	0.00033117	0.00032668	0.00032401	0.00032266	0.00032158	0.0003194114012
0.0008415682	0.000512	0.00038409	0.000354	0.00034008	0.00033079	0.00032637	0.00032372	0.0003224	0.00032132	0.0003191320585
0.0008337631	0.00051243	0.00038393	0.00035358	0.00033979	0.00033042	0.00032606	0.00032344	0.00032215	0.00032107	0.0003188553878
0.0008259579	0.00051287	0.00038377	0.00035316	0.00033951	0.00033006	0.00032575	0.00032317	0.0003219	0.00032082	0.0003185812751
0.0008181528	0.00051332	0.00038363	0.00035275	0.00033923	0.0003297	0.00032545	0.0003229	0.00032165	0.00032055	0.0003183096586
0.0008103481	0.00051378	0.00038349	0.00035235	0.00033896	0.00032934	0.00032515	0.00032263	0.00032139	0.00032026	0.0003180407533
0.0008025429	0.00051425	0.00038335	0.00035195	0.0003387	0.00032899	0.00032485	0.00032236	0.0003211	0.00031997	0.0003177741877
0.0007947379	0.00051472	0.00038323	0.00035156	0.00033844	0.00032864	0.00032456	0.0003221	0.00032081	0.00031968	0.0003175096657
0.0007869327	0.0005152	0.00038311	0.00035118	0.00033818	0.00032829	0.00032427	0.00032185	0.00032053	0.0003194	0.0003172482323
0.0007791281	0.0005157	0.000383	0.0003508	0.00033793	0.00032795	0.00032399	0.00032159	0.00032025	0.00031911	0.000316989173
0.0007713229	0.0005162	0.0003829	0.00035042	0.00033768	0.00032762	0.00032371	0.00032134	0.00031997	0.00031884	0.00031673243
0.0007635178	0.00051671	0.0003828	0.00035006	0.00033744	0.00032729	0.00032344	0.0003211	0.0003197	0.00031856	0.0003164781061
0.0007557127	0.00051723	0.00038271	0.0003497	0.0003372	0.00032696	0.00032317	0.00032083	0.00031943	0.00031829	0.0003162263223
0.000747908	0.00051776	0.00038263	0.00034934	0.00033697	0.00032664	0.0003229	0.00032053	0.00031916	0.00031803	0.0003159786077
0.0007401028	0.00051777	0.00038256	0.000349	0.00033674	0.00032632	0.00032264	0.00032024	0.0003189	0.00031774	0.0003157301476
0.0007322977	0.00051585	0.00038249	0.00034865	0.00033652	0.00032601	0.00032238	0.00031995	0.00031864	0.00031746	0.0003154862652
0.0007244926	0.00051401	0.00038243	0.00034832	0.00033628	0.0003257	0.00032212	0.00031966	0.00031838	0.00031718	0.0003152444088
0.0007166878	0.00051226	0.00038238	0.00034799	0.00033582	0.0003254	0.00032187	0.00031938	0.00031813	0.0003169	0.0003150054601
0.0007088828	0.00051058	0.00038233	0.00034767	0.00033537	0.0003251	0.00032163	0.0003191	0.00031789	0.00031663	0.0003147687872
0.0007010777	0.00050899	0.0003823	0.00034735	0.00033492	0.00032481	0.00032139	0.00031882	0.00031764	0.00031636	0.0003145340718
0.0006932725	0.00050748	0.00038227	0.00034704	0.00033448	0.00032452	0.00032115	0.00031855	0.00031737	0.00031609	0.0003143025824
0.0006854675	0.00050605	0.00038225	0.00034674	0.00033405	0.00032423	0.00032091	0.00031829	0.00031707	0.00031583	0.0003140731638
0.0006776627	0.0005047	0.00038223	0.00034642	0.00033362	0.00032395	0.00032068	0.00031802	0.00031678	0.00031557	0.0003138465341
0.0006698576	0.00050344	0.00038222	0.00034609	0.0003332	0.00032367	0.00032046	0.00031776	0.0003165	0.00031531	0.0003136222405
0.0006620525	0.00050226	0.00038222	0.00034576	0.00033278	0.0003234	0.00032023	0.00031751	0.00031622	0.00031506	0.0003134007416
0.0006542474	0.00050116	0.00038223	0.00034544	0.00033237	0.00032313	0.00032002	0.00031726	0.00031594	0.00031481	0.0003131814795
0.0006464426	0.00050014	0.00038225	0.00034512	0.00033196	0.00032287	0.00031978	0.00031701	0.00031566	0.00031456	0.0003129649678
0.0006386376	0.00049921	0.00038227	0.0003448	0.00033156	0.00032261	0.00031949	0.00031677	0.00031539	0.00031432	0.000312750294
0.0006308324	0.00049835	0.0003823	0.0003445	0.00033117	0.00032236	0.00031922	0.00031653	0.00031512	0.00031408	0.0003125385661
0.0006230273	0.00049758	0.00038233	0.0003442	0.00033078	0.0003221	0.00031894	0.0003163	0.00031486	0.00031383	0.0003123292957
0.0006152225	0.00049689	0.00038238	0.0003439	0.00033039	0.00032186	0.00031867	0.00031607	0.0003146	0.00031357	0.0003121225633
0.0006074174	0.00049629	0.00038243	0.00034361	0.00033001	0.00032162	0.0003184	0.00031584	0.00031435	0.00031332	0.0003119183191
0.0005996123	0.00049576	0.00038249	0.00034333	0.00032964	0.00032138	0.00031814	0.00031562	0.00031409	0.00031307	0.0003117165835
0.0005918076	0.00049532	0.00038256	0.00034305	0.00032927	0.00032115	0.00031789	0.0003154	0.00031384	0.00031282	0.0003115173635
0.0005840026	0.00049496	0.00038263	0.00034278	0.00032891	0.00032092	0.00031763	0.00031519	0.0003136	0.00031258	0.0003113206603
0.0005761974	0.00049469	0.00038271	0.00034252	0.00032855	0.0003207	0.00031739	0.00031498	0.00031336	0.00031234	0.0003111263643
0.0005683922	0.00049449	0.0003828	0.00034226	0.0003282	0.00032048	0.00031714	0.00031477	0.00031312	0.0003121	0.0003109355679
0.0005605872	0.00049438	0.00038289	0.000342	0.00032786	0.00032027	0.0003169	0.00031457	0.00031289	0.00031187	0.0003107461083
0.0005527825	0.00049435	0.000383	0.00034176	0.00032752	0.00032006	0.00031667	0.00031437	0.00031266	0.00031164	0.0003105607905
0.0005449773	0.0004944	0.00038311	0.00034152	0.00032719	0.00031985	0.00031644	0.00031418	0.00031243	0.00031141	0.0003103752572
0.0005371723	0.00049453	0.00038323	0.00034128	0.00032686	0.00031965	0.00031621	0.00031399	0.00031221	0.00031119	0.0003101936201
0.0005293674	0.00049475	0.00038335	0.00034105	0.00032653	0.00031945	0.00031599	0.0003138	0.00031199	0.00031098	0.0003100144823
0.0005215625	0.00049504	0.00038348	0.00034082	0.00032622	0.00031926	0.00031577	0.00031362	0.00031178	0.00031076	0.0003098381892
0.0005137575	0.00049542	0.00038362	0.00034061	0.00032591	0.00031907	0.00031556	0.00031345	0.00031157	0.00031055	0.0003096646393
0.0005059527	0.00049589	0.00038377	0.00034039	0.0003256	0.00031889	0.00031535	0.00031327	0.00031136	0.00031035	0.0003094941984
0.0004981478	0.00049643	0.00038393	0.00034019	0.0003253	0.00031871	0.00031514	0.0003131	0.00031116	0.00031014	0.0003093256242
0.000490343	0.00049706	0.00038409	0.00033999	0.000325	0.00031854	0.00031494	0.00031294	0.00031096	0.00030994	0.0003091597701
0.0004825381	0.00049777	0.00038426	0.00033979	0.00032472	0.00031837	0.00031475	0.00031278	0.00031076	0.00030975	0.0003089963734
0.0004747331	0.00049856	0.00038444	0.0003396	0.00032443	0.0003182	0.00031456	0.00031262	0.00031057	0.00030956	0.0003088362581
0.000466928	0.00049943	0.00038462	0.00033942	0.00032415	0.00031804	0.00031437	0.00031247	0.00031038	0.00030937	0.0003086799595
0.0004591229	0.00050039	0.00038481	0.00033924	0.00032388	0.00031788	0.00031419	0.00031231	0.0003102	0.00030919	0.0003085247684
0.0004513182	0.00050143	0.00038501	0.00033907	0.00032361	0.00031773	0.00031401	0.00031209	0.00031001	0.00030901	0.0003083728452
0.0004435132	0.00050254	0.00038522	0.00033891	0.00032335	0.00031759	0.00031383	0.00031188	0.00030984	0.00030883	0.0003082239588
0.0004357084	0.00050375	0.00038543	0.00033875	0.0003231	0.00031744	0.00031366	0.00031167	0.00030966	0.00030866	0.0003080778481
0.0004279035	0.00050503	0.00038565	0.00033859	0.00032285	0.0003173	0.0003135	0.00031147	0.00030949	0.00030849	0.0003079346084
0.0004200985	0.0005064	0.00038588	0.00033845	0.0003226	0.00031717	0.00031334	0.00031127	0.00030933	0.00030833	0.0003077941773
0.0004122935	0.00050785	0.00038612	0.0003383	0.00032236	0.00031704	0.00031318	0.00031108	0.00030917	0.00030817	0.0003076572157
0.0004044882	0.00050938	0.00038636	0.00033817	0.00032213	0.00031692	0.00031303	0.00031089	0.00030901	0.00030801	0.0003075235284
0.000396683	0.00051099	0.00038661	0.00033804	0.0003219	0.00031679	0.00031288	0.0003107	0.00030885	0.00030786	0.0003073922695
0.000388878	0.00051269	0.00038687	0.00033791	0.00032168	0.00031668	0.00031274	0.00031052	0.0003087	0.00030771	0.0003072632153
0.000381073	0.00055078	0.00038713	0.00033779	0.00032146	0.00031657	0.0003126	0.00031034	0.00030856	0.00030756	0.0003071392941
0.000373268	0.00051632	0.00038741	0.00033768	0.00032125	0.00031646	0.00031246	0.00031017	0.00030841	0.00030742	0.0003070193208
0.0003654625	0.00055197	0.00038769	0.00033758	0.00032105	0.00031636	0.00031233	0.00031	0.00030827	0.00030728	0.0003069007498
0.0003576576	0.00055247	0.00038797	0.00033747	0.00032085	0.00031626	0.00031221	0.00030983	0.00030814	0.00030714	0.0003067845513
0.0003498526	0.00055298	0.00038827	0.00033738	0.00032065	0.00031616	0.00031209	0.00030967	0.00030801	0.00030701	0.0003066748403
0.0003420475	0.00055172	0.00038857	0.00033729	0.00032046	0.00031608	0.00031195	0.00030951	0.00030788	0.00030689	0.0003065643477
0.0003342426	0.00055017	0.00038888	0.00033721	0.00032028	0.00031599	0.0003118	0.00030936	0.00030775	0.00030676	0.000306457837
0.0003264377	0.00054887	0.0003892	0.00033713	0.0003201	0.00031591	0.00031166	0.00030921	0.00030763	0.00030664	0.0003063563734
0.0003186326	0.00054782	0.00038952	0.00033706	0.00031993	0.00031583	0.00031153	0.00030906	0.00030752	0.00030653	0.0003062556753
0.0003108277	0.00054702	0.00038986	0.00033699	0.00031976	0.00031576	0.0003114	0.00030892	0.0003074	0.00030642	0.0003061580719
0.0003030223	0.00054647	0.00039019	0.00033693	0.0003196	0.0003157	0.00031127	0.00030879	0.00030729	0.00030631	0.0003060654645
0.0002952174	0.00054618	0.00039054	0.00033688	0.00031945	0.00031563	0.00031115	0.00030865	0.00030719	0.0003062	0.0003059750931
0.0002874122	0.00054613	0.0003909	0.00033683	0.0003193	0.00031557	0.00031103	0.00030852	0.00030709	0.0003061	0.00030588682
0.0002796073	0.00054633	0.00039126	0.00033679	0.00031915	0.00031552	0.00031091	0.0003084	0.00030699	0.000306	0.0003058024154
0.0002718023	0.00054678	0.00039163	0.00033675	0.00031901	0.00031547	0.0003108	0.00030827	0.00030689	0.00030591	0.0003057212973
0.0002639974	0.00054748	0.000392	0.00033672	0.00031888	0.00031543	0.00031069	0.00030816	0.0003068	0.00030582	0.0003056428311
0.0002561923	0.00054843	0.00039238	0.0003367	0.00031875	0.0003153	0.00031059	0.00030804	0.00030672	0.00030574	0.0003055670589
0.0002483873	0.00054963	0.00039278	0.00033668	0.00031863	0.00031512	0.00031049	0.00030793	0.00030663	0.00030565	0.0003054897984
0.000240582	0.00055108	0.00039317	0.00033667	0.00031851	0.00031493	0.0003104	0.00030783	0.00030656	0.00030558	0.0003054198164
0.0002327771	0.00055278	0.00039358	0.00033666	0.0003184	0.00031475	0.00031031	0.00030773	0.00030648	0.0003055	0.0003053524343
0.0002249721	0.00055473	0.00039399	0.00033666	0.0003183	0.00031458	0.00031022	0.00030763	0.00030641	0.00030543	0.0003052882342
0.000217167	0.00055545	0.00039441	0.00033667	0.0003182	0.00031441	0.00031014	0.00030754	0.00030634	0.00030536	0.0003052269681
0.000209362	0.00055558	0.00039484	0.00033668	0.00031811	0.00031424	0.00031006	0.00030745	0.00030628	0.0003053	0.0003051695442
0.000201557	0.00055574	0.00039528	0.00033669	0.00031802	0.00031408	0.00030998	0.00030736	0.00030622	0.00030524	0.0003051141587
0.000193752	0.00055592	0.00039572	0.00033672	0.00031793	0.00031393	0.00030991	0.00030728	0.00030616	0.00030518	0.0003050627191
0.0001859471	0.00055612	0.00039617	0.00033674	0.00031786	0.00031378	0.00030985	0.0003072	0.00030611	0.00030513	0.0003050147807
0.000178142	0.00055634	0.00039663	0.00033678	0.00031779	0.00031363	0.00030979	0.00030713	0.00030606	0.00030508	0.0003049653203
0.0001703368	0.00055659	0.00039709	0.00033682	0.00031772	0.00031349	0.00030973	0.00030706	0.00030601	0.00030504	0.0003049219523
0.0001625318	0.00055686	0.00039756	0.00033687	0.00031766	0.00031336	0.00030967	0.000307	0.00030597	0.000305	0.000304882108
0.0001547268	0.00055714	0.00039804	0.00033692	0.0003176	0.00031323	0.00030962	0.00030693	0.00030593	0.00030496	0.0003048441854
0.0001469218	0.00055745	0.00039853	0.00033698	0.00031755	0.0003131	0.00030958	0.00030688	0.0003059	0.00030493	0.0003048095299
0.0001391169	0.00055779	0.00039902	0.00033704	0.00031751	0.00031298	0.00030953	0.00030682	0.00030587	0.0003049	0.0003047794548
0.0001313118	0.00055814	0.00039952	0.00033711	0.00031747	0.00031287	0.0003095	0.00030677	0.00030584	0.00030487	0.0003047503858
0.0001235065	0.00055851	0.00040003	0.00033718	0.00031744	0.00031276	0.00030946	0.00030673	0.00030582	0.00030485	0.0003047268266
0.0001157014	0.00055891	0.00040055	0.00033727	0.00031741	0.00031265	0.00030943	0.00030669	0.0003058	0.00030484	0.0003047026012
0.0001078963	0.00055933	0.00040107	0.00033735	0.00031739	0.00031255	0.00030941	0.00030665	0.00030577	0.00030482	0.0003046825566
0.0001000916	0.00055977	0.0004016	0.00033745	0.00031738	0.00031246	0.00030938	0.00030662	0.00030574	0.00030481	0.0003046666824
9.22869e-005	0.00056023	0.00040214	0.00033754	0.00031736	0.00031236	0.00030937	0.00030659	0.00030571	0.0003048	0.0003046566396
8.4482e-005	0.00056072	0.00040269	0.00033765	0.00031736	0.00031228	0.00030935	0.00030657	0.00030568	0.0003048	0.0003046491645
7.66772e-005	0.00056122	0.00040324	0.00033776	0.00031736	0.0003122	0.00030934	0.00030654	0.00030566	0.0003048	0.0003046447825
