0.001594	729	783	1396	1513	1846	0.183799	0.240949	0.155596	0.207513	0.212143	
0.001616	729	783	1396	1513	1846	0.186710	0.234499	0.162669	0.202172	0.213950	
0.001639	729	783	1396	1513	1846	0.189621	0.228050	0.169743	0.196830	0.215756	
0.001662	729	783	1396	1513	1846	0.192532	0.221601	0.176816	0.191488	0.217562	
0.001684	729	783	1396	1513	1846	0.195444	0.215152	0.183889	0.186147	0.219369	
0.001707	729	783	1396	1513	1846	0.198355	0.208703	0.190962	0.180805	0.221175	
0.001729	300	729	783	1513	1846	0.144684	0.191257	0.247968	0.191952	0.224140	
0.001752	300	729	783	1513	1846	0.151127	0.192406	0.243750	0.187651	0.225066	
0.001775	300	729	783	1513	1846	0.157571	0.193555	0.239533	0.183350	0.225993	
0.001797	300	729	783	1513	1846	0.164014	0.194703	0.235315	0.179048	0.226919	
0.001820	300	729	783	1513	1846	0.170458	0.195852	0.231097	0.174747	0.227845	
0.001843	300	729	783	1513	1846	0.176901	0.197001	0.226880	0.170446	0.228772	
0.001865	300	729	783	1513	1846	0.183345	0.198150	0.222662	0.166145	0.229698	
0.001888	300	729	783	1513	1846	0.189788	0.199299	0.218445	0.161843	0.230625	
0.001911	300	729	783	1513	1846	0.196232	0.200448	0.214227	0.157542	0.231551	
0.001933	300	729	783	1513	1846	0.202675	0.201597	0.210010	0.153241	0.232478	
0.001956	300	729	783	1513	1846	0.209119	0.202746	0.205792	0.148940	0.233404	
0.001979	300	729	783	1513	1846	0.215563	0.203895	0.201574	0.144638	0.234330	
0.002001	300	729	783	1513	1846	0.222006	0.205043	0.197357	0.140337	0.235257	
0.002024	300	729	1597	1681	1846	0.155780	0.192777	0.278023	0.195239	0.178182	
0.002046	300	729	1597	1681	1846	0.164617	0.193535	0.269653	0.192327	0.179868	
0.002069	300	729	783	1513	1846	0.241337	0.208490	0.184704	0.127433	0.238036	
0.002092	300	729	1597	1681	1846	0.182292	0.195052	0.252912	0.186503	0.183241	
0.002114	366	729	1396	1513	1846	0.212037	0.196290	0.199730	0.170834	0.221110	
0.002137	300	729	1597	1681	1846	0.199967	0.196569	0.236171	0.180679	0.186614	
0.002160	300	729	1597	1681	1846	0.208804	0.197327	0.227801	0.177767	0.188301	
0.002182	300	729	1597	1681	1846	0.217642	0.198086	0.219430	0.174855	0.189987	
0.002205	300	729	1597	1681	1846	0.226479	0.198844	0.211060	0.171943	0.191674	
0.002228	300	366	729	1513	1846	0.165127	0.213692	0.205524	0.178340	0.237317	
0.002250	300	366	729	1513	1846	0.171517	0.216107	0.204987	0.170693	0.236696	
0.002273	300	366	729	1513	1846	0.177906	0.218521	0.204450	0.163046	0.236076	
0.002296	300	366	729	1513	1846	0.184296	0.220936	0.203913	0.155400	0.235455	
0.002318	300	366	729	1513	1846	0.190686	0.223350	0.203377	0.147753	0.234834	
0.002341	300	366	729	1513	1846	0.197076	0.225765	0.202840	0.140106	0.234214	
0.002363	300	366	729	1513	1846	0.203465	0.228180	0.202303	0.132459	0.233593	
0.002386	300	729	1597	1830	1846	0.164303	0.190392	0.331402	0.107502	0.206401	
0.002409	300	729	1597	1830	1846	0.168937	0.189447	0.323888	0.111331	0.206397	
0.002431	300	366	729	1681	1846	0.195632	0.203241	0.211365	0.180793	0.208969	
0.002454	300	366	729	1681	1846	0.205629	0.206511	0.208720	0.170523	0.208617	
0.002477	300	366	729	1681	1846	0.215627	0.209780	0.206076	0.160253	0.208265	
0.002499	300	366	729	1681	1846	0.225624	0.213049	0.203432	0.149983	0.207913	
0.002522	97	300	366	729	1846	0.105862	0.203309	0.241551	0.228291	0.220986	
0.002545	300	366	714	729	1846	0.176521	0.231215	0.148761	0.229343	0.214160	
0.002567	300	366	714	729	1846	0.193053	0.230893	0.143070	0.222426	0.210558	
0.002590	300	366	714	729	1846	0.209586	0.230571	0.137378	0.215510	0.206956	
0.002613	300	366	729	1396	1846	0.148573	0.245191	0.201043	0.180707	0.224486	
0.002635	300	366	729	1396	1846	0.166257	0.242517	0.192599	0.180140	0.218487	
0.002658	300	366	729	1396	1846	0.183942	0.239843	0.184155	0.179572	0.212487	
0.002680	300	366	729	1396	1846	0.201627	0.237169	0.175711	0.179004	0.206488	
0.002703	125	300	366	729	1846	0.123639	0.190588	0.247661	0.203213	0.234900	
0.002726	74	366	729	1396	1846	0.094524	0.239797	0.226472	0.228576	0.210630	
0.002748	74	366	729	1396	1846	0.101975	0.236946	0.224398	0.229736	0.206944	
0.002771	74	366	729	1396	1846	0.109426	0.234095	0.222325	0.230896	0.203258	
0.002794	74	366	729	1396	1846	0.116877	0.231244	0.220252	0.232056	0.199572	
0.002816	74	366	729	1396	1846	0.124327	0.228393	0.218179	0.233216	0.195885	
0.002839	74	366	729	1396	1846	0.131778	0.225542	0.216105	0.234376	0.192199	
0.002862	74	366	729	1396	1846	0.139229	0.222690	0.214032	0.235536	0.188513	
0.002884	300	366	729	1830	1846	0.206569	0.243895	0.197922	0.121647	0.229967	
0.002907	300	366	729	1830	1846	0.212426	0.240514	0.192355	0.128496	0.226208	
0.002930	300	366	729	1830	1846	0.218282	0.237134	0.186789	0.135345	0.222449	
0.002952	300	366	729	1830	1846	0.224139	0.233754	0.181222	0.142195	0.218690	
0.002975	300	366	729	1830	1846	0.229996	0.230374	0.175655	0.149044	0.214931	
0.002997	74	300	366	729	1846	0.124871	0.216900	0.229241	0.220468	0.208520	
0.003020	74	300	366	729	1846	0.131002	0.220457	0.225904	0.217729	0.204908	
0.003043	300	366	506	729	1846	0.207602	0.261234	0.097551	0.210074	0.223539	
0.003065	300	366	506	729	1846	0.209698	0.259685	0.102128	0.207395	0.221094	
0.003088	70	300	729	901	1681	0.188546	0.217806	0.230386	0.160279	0.202984	
0.003111	70	300	729	901	1681	0.188399	0.219217	0.228547	0.164699	0.199138	
0.003133	70	300	714	729	901	0.201093	0.196901	0.192555	0.267802	0.141649	
0.003156	70	300	714	729	901	0.200065	0.198361	0.190316	0.264416	0.146843	
0.003179	70	300	714	729	901	0.199036	0.199820	0.188077	0.261030	0.152036	
0.003201	70	300	714	729	901	0.198008	0.201279	0.185839	0.257645	0.157230	
0.003224	70	300	714	729	901	0.196979	0.202738	0.183600	0.254259	0.162424	
0.003247	70	300	714	729	901	0.195951	0.204197	0.181361	0.250873	0.167617	
0.003269	70	300	714	729	901	0.194923	0.205657	0.179122	0.247488	0.172811	
0.003292	70	300	714	729	901	0.193894	0.207116	0.176884	0.244102	0.178004	
0.003314	70	300	714	729	901	0.192866	0.208575	0.174645	0.240716	0.183198	
0.003337	70	300	714	729	901	0.191838	0.210034	0.172406	0.237330	0.188392	
0.003360	70	300	714	729	901	0.190809	0.211493	0.170167	0.233945	0.193585	
0.003382	70	300	714	729	901	0.189781	0.212953	0.167929	0.230559	0.198779	
0.003405	70	300	714	729	901	0.188753	0.214412	0.165690	0.227173	0.203972	
0.003428	70	300	714	729	901	0.187724	0.215871	0.163451	0.223788	0.209166	
0.003450	70	300	714	729	901	0.186696	0.217330	0.161212	0.220402	0.214360	
0.003473	70	300	714	729	901	0.185667	0.218790	0.158974	0.217016	0.219553	
0.003496	70	300	714	729	901	0.184639	0.220249	0.156735	0.213631	0.224747	
0.003518	70	300	714	729	901	0.183611	0.221708	0.154496	0.210245	0.229940	
0.003541	70	300	714	729	901	0.182582	0.223167	0.152257	0.206859	0.235134	
0.003564	70	300	714	729	901	0.181554	0.224626	0.150019	0.203474	0.240327	
0.003586	70	300	714	729	901	0.180526	0.226086	0.147780	0.200088	0.245521	
0.003609	70	300	714	729	901	0.179497	0.227545	0.145541	0.196702	0.250715	
0.003631	70	300	714	729	901	0.178469	0.229004	0.143302	0.193317	0.255908	
0.003654	70	300	714	729	901	0.177440	0.230463	0.141064	0.189931	0.261102	
0.003677	70	300	714	729	901	0.176412	0.231922	0.138825	0.186545	0.266295	
0.003699	70	300	729	901	996	0.197015	0.230476	0.216188	0.197843	0.158478	
0.003722	70	300	729	901	996	0.194976	0.231208	0.211641	0.203206	0.158969	
0.003745	70	276	300	729	901	0.232729	0.092554	0.243729	0.249827	0.181161	
0.003767	70	276	300	729	901	0.230903	0.094254	0.244067	0.245575	0.185202	
0.003790	70	276	300	729	901	0.229076	0.095954	0.244405	0.241323	0.189243	
0.003813	70	276	300	729	901	0.227250	0.097654	0.244742	0.237071	0.193284	
0.003835	70	276	300	729	901	0.225424	0.099353	0.245080	0.232818	0.197325	
0.003858	70	276	300	729	901	0.223597	0.101053	0.245418	0.228566	0.201366	
0.003881	70	300	729	901	1538	0.228654	0.241532	0.269768	0.186746	0.073300	
0.003903	70	300	729	901	1538	0.227027	0.241575	0.266630	0.189792	0.074976	
0.003926	70	300	729	901	1538	0.225399	0.241619	0.263493	0.192837	0.076652	
0.003948	70	300	729	901	1538	0.223772	0.241662	0.260355	0.195883	0.078328	
0.003971	70	300	729	901	1538	0.222145	0.241705	0.257217	0.198929	0.080004	
0.003994	70	300	729	901	1538	0.220517	0.241748	0.254079	0.201975	0.081680	
0.004016	70	300	729	901	1538	0.218890	0.241792	0.250942	0.205021	0.083356	
0.004039	70	300	729	901	1538	0.217262	0.241835	0.247804	0.208067	0.085032	
0.004062	70	300	729	901	1538	0.215635	0.241878	0.244666	0.211113	0.086707	
0.004084	70	300	729	901	1538	0.214007	0.241921	0.241529	0.214159	0.088383	
0.004107	70	300	729	901	1538	0.212380	0.241965	0.238391	0.217205	0.090059	
0.004130	70	300	729	901	1538	0.210753	0.242008	0.235253	0.220251	0.091735	
0.004152	300	729	901	996	1447	0.250807	0.250463	0.193143	0.178069	0.127519	
0.004175	300	729	901	996	1447	0.250493	0.245096	0.197451	0.177657	0.129303	
0.004198	300	729	901	996	1447	0.250179	0.239730	0.201758	0.177246	0.131087	
0.004220	70	300	729	901	1538	0.204243	0.242181	0.222702	0.232435	0.098439	
0.004243	70	300	729	901	1538	0.202615	0.242224	0.219565	0.235481	0.100115	
0.004265	70	300	729	901	1538	0.200988	0.242267	0.216427	0.238527	0.101791	
0.004288	70	300	729	901	1538	0.199360	0.242310	0.213289	0.241573	0.103467	
0.004311	70	300	729	901	1538	0.197733	0.242354	0.210151	0.244619	0.105143	
0.004333	300	485	901	1447	1919	0.287502	0.173965	0.220141	0.118000	0.200392	
0.004356	300	485	901	1447	1919	0.285070	0.170270	0.225236	0.120224	0.199200	
0.004379	300	485	901	1447	1919	0.282638	0.166574	0.230331	0.122449	0.198008	
0.004401	300	485	901	1447	1919	0.280206	0.162879	0.235426	0.124673	0.196816	
0.004424	300	485	901	1447	1919	0.277775	0.159183	0.240521	0.126897	0.195624	
0.004447	300	485	901	1447	1919	0.275343	0.155488	0.245615	0.129121	0.194433	
0.004469	300	485	901	1447	1919	0.272911	0.151793	0.250710	0.131345	0.193241	
0.004492	300	485	901	1447	1919	0.270479	0.148097	0.255805	0.133569	0.192049	
0.004515	300	485	901	1447	1919	0.268047	0.144402	0.260900	0.135794	0.190857	
0.004537	300	613	729	901	1447	0.290009	0.046980	0.273193	0.253071	0.136747	
0.004560	300	613	729	901	1447	0.289475	0.047735	0.268516	0.256334	0.137940	
0.004582	300	613	729	901	1447	0.288941	0.048489	0.263840	0.259596	0.139133	
0.004605	300	613	729	901	1447	0.288407	0.049244	0.259164	0.262859	0.140326	
0.004628	300	613	729	901	1447	0.287874	0.049998	0.254487	0.266122	0.141519	
0.004650	300	613	729	901	1447	0.287340	0.050753	0.249811	0.269384	0.142712	
0.004673	300	613	729	901	1447	0.286806	0.051507	0.245134	0.272647	0.143905	
0.004696	300	613	729	901	1447	0.286272	0.052262	0.240458	0.275909	0.145098	
0.004718	300	613	729	901	1447	0.285739	0.053016	0.235782	0.279172	0.146291	
0.004741	300	613	729	901	1447	0.285205	0.053771	0.231105	0.282435	0.147484	
0.004764	300	613	729	901	1447	0.284671	0.054525	0.226429	0.285697	0.148677	
0.004786	300	613	729	901	1447	0.284137	0.055280	0.221753	0.288960	0.149870	
0.004809	2	300	714	901	1447	0.122664	0.253611	0.224141	0.262510	0.137075	
0.004832	2	300	714	901	1447	0.124507	0.251308	0.220720	0.265192	0.138273	
0.004854	2	300	714	901	1447	0.126349	0.249006	0.217299	0.267874	0.139472	
0.004877	2	300	714	901	1447	0.128192	0.246703	0.213878	0.270556	0.140670	
0.004899	2	300	714	901	1447	0.130035	0.244401	0.210457	0.273238	0.141869	
0.004922	2	300	714	901	1447	0.131878	0.242099	0.207036	0.275920	0.143067	
0.004945	2	300	714	901	1447	0.133721	0.239796	0.203615	0.278602	0.144266	
0.004967	2	300	714	901	1447	0.135563	0.237494	0.200194	0.281284	0.145464	
0.004990	103	300	729	901	1377	0.168243	0.256500	0.203563	0.238623	0.133071	
0.005013	103	300	729	901	1377	0.167218	0.256274	0.201679	0.240034	0.134795	
0.005035	103	300	729	901	1377	0.166193	0.256049	0.199794	0.241445	0.136518	
0.005058	103	300	729	901	1377	0.165169	0.255824	0.197909	0.242856	0.138242	
0.005081	103	300	729	901	1377	0.164144	0.255598	0.196025	0.244268	0.139966	
0.005103	103	300	729	901	1377	0.163119	0.255373	0.194140	0.245679	0.141689	
0.005126	300	613	729	901	1377	0.300179	0.047865	0.293453	0.254691	0.103813	
0.005149	300	613	729	901	1377	0.299586	0.048187	0.290972	0.255862	0.105394	
0.005171	300	613	729	901	1377	0.298993	0.048508	0.288490	0.257033	0.106975	
0.005194	300	613	729	901	1377	0.298400	0.048830	0.286009	0.258204	0.108557	
0.005216	300	613	729	901	1377	0.297807	0.049152	0.283528	0.259375	0.110138	
0.005239	300	613	729	901	1377	0.297214	0.049474	0.281047	0.260546	0.111719	
0.005262	300	613	729	901	1377	0.296621	0.049796	0.278566	0.261717	0.113300	
0.005284	300	613	729	901	1377	0.296028	0.050118	0.276085	0.262888	0.114882	
0.005307	300	613	729	901	1377	0.295435	0.050439	0.273603	0.264060	0.116463	
0.005330	300	613	729	901	1377	0.294842	0.050761	0.271122	0.265231	0.118044	
0.005352	300	613	729	901	1377	0.294249	0.051083	0.268641	0.266402	0.119626	
0.005375	300	613	729	901	1377	0.293656	0.051405	0.266160	0.267573	0.121207	
0.005398	2	103	300	901	1377	0.108154	0.244682	0.295241	0.249131	0.102792	
0.005420	2	103	300	901	1377	0.109054	0.242935	0.293555	0.249998	0.104458	
0.005443	2	103	300	901	1377	0.109955	0.241188	0.291868	0.250865	0.106124	
0.005466	2	103	300	901	1377	0.110856	0.239440	0.290182	0.251732	0.107790	
0.005488	2	103	300	901	1377	0.111756	0.237693	0.288495	0.252599	0.109456	
0.005511	2	103	300	901	1377	0.112657	0.235946	0.286808	0.253466	0.111122	
0.005533	2	103	300	901	1377	0.113558	0.234199	0.285122	0.254333	0.112788	
0.005556	2	103	300	901	1377	0.114458	0.232452	0.283435	0.255200	0.114454	
0.005579	2	103	300	901	1377	0.115359	0.230705	0.281749	0.256067	0.116120	
0.005601	2	103	300	901	1377	0.116259	0.228957	0.280062	0.256934	0.117786	
0.005624	2	103	300	901	1377	0.117160	0.227210	0.278376	0.257801	0.119452	
0.005647	2	103	300	901	1377	0.118061	0.225463	0.276689	0.258668	0.121119	
0.005669	2	103	300	901	1377	0.118961	0.223716	0.275003	0.259535	0.122785	
0.005692	2	103	300	901	1377	0.119862	0.221969	0.273316	0.260402	0.124451	
0.005715	2	103	300	901	1377	0.120763	0.220222	0.271630	0.261269	0.126117	
0.005737	2	103	300	901	1377	0.121663	0.218475	0.269943	0.262136	0.127783	
0.005760	2	103	300	901	1377	0.122564	0.216727	0.268257	0.263003	0.129449	
0.005783	2	103	300	901	1377	0.123465	0.214980	0.266570	0.263870	0.131115	
0.005805	2	103	300	901	1377	0.124365	0.213233	0.264884	0.264737	0.132781	
0.005828	2	103	300	901	1377	0.125266	0.211486	0.263197	0.265604	0.134447	
0.005850	2	103	300	901	1377	0.126167	0.209739	0.261511	0.266471	0.136113	
0.005873	2	103	300	901	1377	0.127067	0.207992	0.259824	0.267338	0.137779	
0.005896	2	103	300	901	1377	0.127968	0.206245	0.258138	0.268205	0.139445	
0.005918	2	103	300	901	1377	0.128869	0.204497	0.256451	0.269072	0.141111	
0.005941	2	103	300	901	1377	0.129769	0.202750	0.254765	0.269939	0.142777	
0.005964	2	103	300	901	1377	0.130670	0.201003	0.253078	0.270806	0.144443	
0.005986	2	103	300	901	1377	0.131570	0.199256	0.251392	0.271673	0.146109	
0.006009	2	103	300	901	1377	0.132471	0.197509	0.249705	0.272540	0.147775	
0.006032	2	103	300	901	1377	0.133372	0.195762	0.248019	0.273407	0.149441	
0.006054	2	103	300	901	1377	0.134272	0.194015	0.246332	0.274274	0.151107	
0.006077	2	103	300	901	1377	0.135173	0.192267	0.244646	0.275141	0.152773	
0.006100	2	103	300	901	1377	0.136074	0.190520	0.242959	0.276008	0.154439	
0.006122	2	103	300	901	1377	0.136974	0.188773	0.241273	0.276875	0.156105	
0.006145	2	103	300	901	1377	0.137875	0.187026	0.239586	0.277742	0.157771	
0.006167	2	103	300	901	1377	0.138776	0.185279	0.237899	0.278609	0.159437	
0.006190	2	103	300	901	1377	0.139676	0.183532	0.236213	0.279476	0.161103	
0.006213	2	103	300	901	1377	0.140577	0.181784	0.234526	0.280343	0.162769	
0.006235	2	103	300	901	1377	0.141478	0.180037	0.232840	0.281210	0.164435	
0.006258	2	103	300	901	1377	0.142378	0.178290	0.231153	0.282077	0.166101	
0.006281	2	300	485	901	1377	0.143654	0.243352	0.157526	0.288096	0.167373	
0.006303	2	300	485	901	1377	0.144570	0.241332	0.156173	0.288845	0.169080	
0.006326	2	300	485	901	1377	0.145486	0.239312	0.154821	0.289593	0.170788	
0.006349	2	300	485	901	1377	0.146403	0.237292	0.153468	0.290342	0.172495	
0.006371	2	300	485	901	1377	0.147319	0.235273	0.152115	0.291090	0.174203	
0.006394	2	300	485	901	1377	0.148235	0.233253	0.150762	0.291839	0.175910	
0.006417	2	300	485	901	1377	0.149152	0.231233	0.149410	0.292588	0.177618	
0.006439	2	300	613	901	1377	0.118698	0.371673	0.057402	0.330168	0.122058	
0.006462	2	300	613	901	1377	0.119660	0.368378	0.057673	0.330420	0.123869	
0.006484	2	300	613	901	1377	0.120621	0.365083	0.057943	0.330673	0.125680	
0.006507	2	300	613	901	1377	0.121582	0.361788	0.058214	0.330925	0.127490	
0.006530	2	300	613	901	1377	0.122544	0.358493	0.058485	0.331177	0.129301	
0.006552	2	300	613	901	1377	0.123505	0.355198	0.058756	0.331430	0.131111	
0.006575	2	300	613	901	1377	0.124466	0.351903	0.059026	0.331682	0.132922	
0.006598	2	300	613	901	1377	0.125428	0.348608	0.059297	0.331934	0.134733	
0.006620	2	300	613	901	1377	0.126389	0.345313	0.059568	0.332187	0.136543	
0.006643	2	300	613	901	1377	0.127350	0.342018	0.059839	0.332439	0.138354	
0.006666	2	300	613	901	1377	0.128312	0.338723	0.060109	0.332692	0.140164	
0.006688	2	342	485	901	1377	0.183675	0.152296	0.191068	0.308527	0.164434	
0.006711	2	342	485	901	1377	0.184267	0.151774	0.188746	0.308808	0.166405	
0.006734	2	342	485	901	1377	0.184860	0.151252	0.186425	0.309088	0.168375	
0.006756	2	342	485	901	1377	0.185452	0.150729	0.184104	0.309369	0.170346	
0.006779	2	502	713	901	1377	0.154040	0.196985	0.197645	0.296961	0.154370	
0.006801	2	502	537	901	1377	0.160599	0.248201	0.168965	0.316418	0.105818	
0.006824	2	502	537	901	1377	0.161251	0.245772	0.168613	0.315756	0.108609	
0.006847	2	502	537	901	1377	0.161902	0.243343	0.168262	0.315094	0.111399	
0.006869	2	502	537	901	1377	0.162554	0.240915	0.167910	0.314431	0.114190	
0.006892	2	502	537	901	1377	0.163205	0.238486	0.167559	0.313769	0.116981	
0.006915	2	502	537	901	1377	0.163857	0.236058	0.167207	0.313107	0.119771	
0.006937	2	502	537	901	1377	0.164508	0.233629	0.166856	0.312445	0.122562	
0.006960	2	502	537	901	1377	0.165160	0.231201	0.166504	0.311783	0.125353	
0.006983	2	502	537	901	1377	0.165811	0.228772	0.166152	0.311121	0.128143	
0.007005	2	502	537	901	1377	0.166463	0.226343	0.165801	0.310459	0.130934	
0.007028	2	502	537	901	1377	0.167114	0.223915	0.165449	0.309797	0.133725	
0.007051	2	502	537	901	1377	0.167766	0.221486	0.165098	0.309135	0.136516	
0.007073	2	502	537	901	1377	0.168417	0.219058	0.164746	0.308473	0.139306	
0.007096	2	502	537	901	1377	0.169069	0.216629	0.164395	0.307811	0.142097	
0.007118	2	502	537	901	1377	0.169720	0.214200	0.164043	0.307149	0.144888	
0.007141	2	502	537	901	1377	0.170372	0.211772	0.163692	0.306487	0.147678	
0.007164	2	502	537	901	1377	0.171023	0.209343	0.163340	0.305825	0.150469	
0.007186	2	502	537	901	1377	0.171675	0.206915	0.162989	0.305162	0.153260	
0.007209	2	502	537	901	1377	0.172326	0.204486	0.162637	0.304500	0.156050	
0.007232	2	502	537	901	1377	0.172978	0.202058	0.162286	0.303838	0.158841	
0.007254	2	502	537	901	1377	0.173629	0.199629	0.161934	0.303176	0.161632	
0.007277	2	502	537	901	1377	0.174281	0.197200	0.161582	0.302514	0.164422	
0.007300	2	502	537	901	1377	0.174932	0.194772	0.161231	0.301852	0.167213	
0.007322	2	502	537	901	1377	0.175584	0.192343	0.160879	0.301190	0.170004	
0.007345	2	502	537	901	1377	0.176235	0.189915	0.160528	0.300528	0.172794	
0.007368	2	502	537	901	1377	0.176887	0.187486	0.160176	0.299866	0.175585	
0.007390	2	502	537	901	1377	0.177538	0.185058	0.159825	0.299204	0.178376	
0.007413	2	502	537	901	1377	0.178190	0.182629	0.159473	0.298542	0.181167	
0.007435	2	502	537	901	1377	0.178841	0.180200	0.159122	0.297880	0.183957	
0.007458	2	502	537	901	1377	0.179493	0.177772	0.158770	0.297218	0.186748	
0.007481	2	502	537	901	1377	0.180144	0.175343	0.158419	0.296555	0.189539	
0.007503	2	502	537	901	1377	0.180796	0.172915	0.158067	0.295893	0.192329	
0.007526	2	502	537	901	1377	0.181447	0.170486	0.157716	0.295231	0.195120	
0.007549	2	502	537	901	1377	0.182099	0.168058	0.157364	0.294569	0.197911	
0.007571	2	506	537	901	1377	0.188363	0.176367	0.173759	0.322210	0.139301	
0.007594	2	506	537	901	1377	0.188778	0.175117	0.172941	0.320210	0.142954	
0.007617	2	506	537	901	1377	0.189193	0.173868	0.172122	0.318210	0.146607	
0.007639	2	506	537	901	1377	0.189608	0.172618	0.171304	0.316210	0.150260	
0.007662	2	506	537	901	1377	0.190023	0.171368	0.170485	0.314210	0.153914	
0.007685	2	295	537	901	1377	0.195772	0.188072	0.163660	0.312025	0.140471	
0.007707	2	295	537	901	1377	0.196069	0.187733	0.162696	0.309374	0.144129	
0.007730	2	295	537	901	1377	0.196365	0.187394	0.161732	0.306723	0.147786	
0.007752	2	295	537	901	1377	0.196662	0.187056	0.160768	0.304071	0.151443	
0.007775	2	295	537	901	1377	0.196958	0.186717	0.159804	0.301420	0.155100	
0.007798	2	295	537	901	1377	0.197255	0.186378	0.158840	0.298769	0.158758	
0.007820	2	295	537	901	1377	0.197551	0.186040	0.157876	0.296118	0.162415	
0.007843	2	295	537	901	1377	0.197848	0.185701	0.156912	0.293467	0.166072	
0.007866	2	295	537	901	1377	0.198144	0.185362	0.155949	0.290815	0.169729	
0.007888	2	295	537	901	1377	0.198441	0.185024	0.154985	0.288164	0.173386	
0.007911	2	295	537	901	1377	0.198737	0.184685	0.154021	0.285513	0.177044	
0.007934	2	295	537	901	1377	0.199034	0.184346	0.153057	0.282862	0.180701	
0.007956	2	295	537	901	1377	0.199330	0.184008	0.152093	0.280211	0.184358	
0.007979	2	295	537	901	1377	0.199627	0.183669	0.151129	0.277559	0.188015	
0.008002	2	295	537	901	1377	0.199923	0.183331	0.150165	0.274908	0.191673	
0.008024	2	295	537	901	1377	0.200220	0.182992	0.149201	0.272257	0.195330	
0.008047	2	295	537	901	1377	0.200517	0.182653	0.148237	0.269606	0.198987	
0.008069	2	295	537	901	1377	0.200813	0.182315	0.147273	0.266955	0.202644	
0.008092	2	295	613	901	1377	0.209274	0.194361	0.065466	0.358885	0.172014	
0.008115	2	295	613	901	1377	0.209326	0.193634	0.065800	0.355723	0.175517	
0.008137	2	295	613	901	1377	0.209378	0.192908	0.066133	0.352561	0.179020	
0.008160	2	295	613	901	1377	0.209430	0.192181	0.066467	0.349399	0.182523	
0.008183	2	295	613	901	1377	0.209482	0.191454	0.066801	0.346237	0.186026	
0.008205	2	295	613	901	1377	0.209534	0.190727	0.067135	0.343074	0.189529	
0.008228	2	295	613	901	1377	0.209586	0.190000	0.067469	0.339912	0.193032	
0.008251	2	295	613	901	1377	0.209638	0.189273	0.067803	0.336750	0.196535	
0.008273	2	295	613	901	1377	0.209690	0.188547	0.068137	0.333588	0.200039	
0.008296	2	295	613	901	1377	0.209742	0.187820	0.068471	0.330426	0.203542	
0.008319	2	295	613	901	1377	0.209794	0.187093	0.068805	0.327264	0.207045	
0.008341	2	295	613	901	1377	0.209846	0.186366	0.069139	0.324101	0.210548	
0.008364	2	295	613	901	1377	0.209898	0.185639	0.069473	0.320939	0.214051	
0.008386	2	295	613	901	1377	0.209950	0.184912	0.069807	0.317777	0.217554	
0.008409	2	295	613	901	1377	0.210002	0.184186	0.070140	0.314615	0.221057	
0.008432	2	295	613	901	1377	0.210054	0.183459	0.070474	0.311453	0.224560	
0.008454	2	295	613	901	1377	0.210106	0.182732	0.070808	0.308291	0.228063	
0.008477	2	295	613	901	1377	0.210158	0.182005	0.071142	0.305128	0.231566	
0.008500	2	295	613	901	1377	0.210210	0.181278	0.071476	0.301966	0.235069	
0.008522	2	295	613	901	1377	0.210262	0.180552	0.071810	0.298804	0.238573	
0.008545	2	295	613	901	1377	0.210314	0.179825	0.072144	0.295642	0.242076	
0.008568	2	295	613	901	1377	0.210366	0.179098	0.072478	0.292480	0.245579	
0.008590	2	295	613	901	1377	0.210418	0.178371	0.072812	0.289318	0.249082	
0.008613	2	295	613	901	1377	0.210470	0.177644	0.073146	0.286155	0.252585	
0.008636	2	295	613	901	1377	0.210522	0.176917	0.073480	0.282993	0.256088	
0.008658	2	295	613	901	1377	0.210574	0.176191	0.073814	0.279831	0.259591	
0.008681	2	295	613	901	1377	0.210626	0.175464	0.074148	0.276669	0.263094	
0.008703	2	295	613	901	1377	0.210678	0.174737	0.074481	0.273507	0.266597	
0.008726	2	295	613	901	1377	0.210730	0.174010	0.074815	0.270345	0.270100	
0.008749	2	295	613	901	1377	0.210782	0.173283	0.075149	0.267182	0.273603	
0.008771	2	295	613	901	1377	0.210834	0.172556	0.075483	0.264020	0.277107	
0.008794	2	295	613	901	1377	0.210886	0.171830	0.075817	0.260858	0.280610	
0.008817	2	295	613	901	1377	0.210938	0.171103	0.076151	0.257696	0.284113	
0.008839	2	295	613	901	1377	0.210990	0.170376	0.076485	0.254534	0.287616	
0.008862	2	295	613	901	1377	0.211042	0.169649	0.076819	0.251372	0.291119	
0.008885	2	295	613	901	1377	0.211094	0.168922	0.077153	0.248209	0.294622	
0.008907	2	295	613	901	1377	0.211146	0.168195	0.077487	0.245047	0.298125	
0.008930	2	295	613	901	1377	0.211198	0.167469	0.077821	0.241885	0.301628	
0.008953	2	613	764	901	1377	0.209511	0.072655	0.062225	0.378345	0.277263	
0.008975	2	613	764	901	1377	0.209324	0.072807	0.062823	0.374757	0.280289	
0.008998	2	613	764	901	1377	0.209137	0.072959	0.063422	0.371168	0.283314	
0.009020	2	613	764	901	1377	0.208949	0.073110	0.064021	0.367580	0.286340	
0.009043	2	613	764	901	1377	0.208762	0.073262	0.064620	0.363991	0.289365	
0.009066	2	613	764	901	1377	0.208575	0.073413	0.065219	0.360403	0.292391	
0.009088	2	613	764	901	1377	0.208387	0.073565	0.065818	0.356814	0.295416	
0.009111	2	613	764	901	1377	0.208200	0.073716	0.066416	0.353226	0.298442	
0.009134	2	613	764	901	1377	0.208013	0.073868	0.067015	0.349637	0.301467	
0.009156	2	613	764	901	1377	0.207825	0.074019	0.067614	0.346048	0.304493	
0.009179	2	613	764	901	1377	0.207638	0.074171	0.068213	0.342460	0.307518	
0.009202	2	613	764	901	1377	0.207451	0.074322	0.068812	0.338871	0.310544	
0.009224	2	613	764	901	1377	0.207263	0.074474	0.069411	0.335283	0.313569	
0.009247	2	613	764	901	1377	0.207076	0.074625	0.070010	0.331694	0.316595	
0.009270	2	613	764	901	1377	0.206889	0.074777	0.070608	0.328106	0.319620	
0.009292	2	613	764	901	1377	0.206701	0.074928	0.071207	0.324517	0.322646	
0.009315	2	613	764	901	1377	0.206514	0.075080	0.071806	0.320929	0.325671	
0.009337	2	613	764	901	1377	0.206327	0.075231	0.072405	0.317340	0.328697	
0.009360	2	613	764	901	1377	0.206139	0.075383	0.073004	0.313752	0.331722	
0.009383	2	613	764	901	1377	0.205952	0.075534	0.073603	0.310163	0.334748	
0.009405	2	613	764	901	1377	0.205765	0.075686	0.074202	0.306575	0.337773	
0.009428	2	613	764	901	1377	0.205577	0.075837	0.074800	0.302986	0.340799	
0.009451	2	613	764	901	1377	0.205390	0.075989	0.075399	0.299398	0.343824	
0.009473	2	613	764	901	1377	0.205203	0.076140	0.075998	0.295809	0.346850	
0.009496	2	613	764	901	1377	0.205015	0.076292	0.076597	0.292221	0.349875	
0.009519	2	613	764	901	1377	0.204828	0.076443	0.077196	0.288632	0.352901	
0.009541	2	613	764	901	1377	0.204641	0.076595	0.077795	0.285043	0.355926	
0.009564	2	613	764	901	1377	0.204453	0.076746	0.078394	0.281455	0.358952	
0.009587	2	295	429	764	1377	0.249652	0.296114	0.093687	0.072315	0.288232	
0.009609	2	295	429	764	1377	0.248361	0.292776	0.094328	0.072978	0.291556	
0.009632	2	295	429	764	1377	0.247071	0.289439	0.094970	0.073642	0.294879	
0.009654	2	295	429	764	1377	0.245781	0.286101	0.095611	0.074305	0.298202	
0.009677	2	295	429	764	1377	0.244490	0.282763	0.096253	0.074968	0.301525	
0.009700	2	295	429	764	1377	0.243200	0.279426	0.096894	0.075632	0.304848	
0.009722	2	295	429	764	1377	0.241909	0.276088	0.097536	0.076295	0.308172	
0.009745	2	295	429	764	1377	0.240619	0.272750	0.098177	0.076958	0.311495	
0.009768	2	295	429	764	1377	0.239329	0.269413	0.098819	0.077622	0.314818	
0.009790	2	295	429	764	1377	0.238038	0.266075	0.099460	0.078285	0.318141	
0.009813	2	295	429	764	1377	0.236748	0.262738	0.100102	0.078948	0.321464	
0.009836	2	295	429	764	1377	0.235458	0.259400	0.100743	0.079612	0.324788	
0.009858	2	295	429	764	1377	0.234167	0.256062	0.101385	0.080275	0.328111	
0.009881	2	295	429	764	1377	0.232877	0.252725	0.102026	0.080938	0.331434	
0.009904	2	295	429	764	1377	0.231586	0.249387	0.102668	0.081601	0.334757	
0.009926	2	295	429	764	1377	0.230296	0.246050	0.103309	0.082265	0.338080	
0.009949	2	295	429	764	1377	0.229006	0.242712	0.103951	0.082928	0.341404	
0.009971	2	295	429	764	1377	0.227715	0.239374	0.104592	0.083591	0.344727	
0.009994	2	295	429	764	1377	0.226425	0.236037	0.105234	0.084255	0.348050	
0.010017	2	295	429	764	1377	0.225134	0.232699	0.105875	0.084918	0.351373	
0.010039	2	295	429	764	1377	0.223844	0.229361	0.106517	0.085581	0.354696	
0.010062	2	295	429	764	1377	0.222554	0.226024	0.107158	0.086245	0.358020	
0.010085	2	295	429	764	1377	0.221263	0.222686	0.107800	0.086908	0.361343	
0.010107	2	295	429	764	1377	0.219973	0.219349	0.108441	0.087571	0.364666	
0.010130	2	295	429	764	1377	0.218683	0.216011	0.109083	0.088235	0.367989	
0.010153	2	295	429	764	1377	0.217392	0.212673	0.109724	0.088898	0.371312	
0.010175	2	295	429	764	1377	0.216102	0.209336	0.110366	0.089561	0.374636	
0.010198	2	295	429	764	1377	0.214811	0.205998	0.111007	0.090224	0.377959	
0.010221	2	295	429	764	1377	0.213521	0.202661	0.111649	0.090888	0.381282	
0.010243	2	295	429	764	1377	0.212231	0.199323	0.112290	0.091551	0.384605	
0.010266	2	295	404	429	1377	0.221218	0.199537	0.108724	0.121088	0.349433	
0.010288	2	295	404	429	1377	0.219978	0.196269	0.109818	0.121747	0.352188	
0.010311	2	295	404	429	1377	0.218738	0.193001	0.110912	0.122406	0.354943	
0.010334	2	295	404	429	1377	0.217499	0.189734	0.112006	0.123065	0.357698	
0.010356	2	295	404	429	1377	0.216259	0.186466	0.113099	0.123723	0.360453	
0.010379	2	295	404	429	1377	0.215019	0.183198	0.114193	0.124382	0.363208	
0.010402	2	295	404	429	1377	0.213780	0.179930	0.115287	0.125041	0.365963	
0.010424	2	295	404	429	1377	0.212540	0.176662	0.116381	0.125700	0.368717	
0.010447	2	295	404	429	1377	0.211300	0.173395	0.117475	0.126358	0.371472	
0.010470	2	295	404	429	1377	0.210060	0.170127	0.118568	0.127017	0.374227	
0.010492	2	295	404	429	1377	0.208821	0.166859	0.119662	0.127676	0.376982	
0.010515	2	295	404	429	1377	0.207581	0.163591	0.120756	0.128334	0.379737	
0.010538	2	295	404	429	1377	0.206341	0.160323	0.121850	0.128993	0.382492	
0.010560	2	295	404	429	1377	0.205101	0.157056	0.122944	0.129652	0.385247	
0.010583	2	295	404	429	1377	0.203862	0.153788	0.124037	0.130311	0.388002	
0.010605	2	295	404	429	1377	0.202622	0.150520	0.125131	0.130969	0.390757	
0.010628	2	295	404	429	1377	0.201382	0.147252	0.126225	0.131628	0.393512	
0.010651	2	295	404	429	1377	0.200143	0.143984	0.127319	0.132287	0.396267	
0.010673	2	295	404	429	1377	0.198903	0.140717	0.128413	0.132946	0.399022	
0.010696	2	295	404	429	1377	0.197663	0.137449	0.129506	0.133604	0.401777	
0.010719	2	295	404	429	1377	0.196423	0.134181	0.130600	0.134263	0.404532	
0.010741	2	404	429	1077	1377	0.345773	0.104332	0.136262	0.059508	0.354126	
0.010764	2	404	429	1077	1377	0.340990	0.105531	0.136611	0.060017	0.356851	
0.010787	2	404	429	1077	1377	0.336208	0.106730	0.136961	0.060526	0.359576	
0.010809	2	404	429	1077	1377	0.331425	0.107930	0.137310	0.061035	0.362301	
0.010832	2	404	429	1077	1377	0.326642	0.109129	0.137660	0.061543	0.365026	
0.010855	2	404	429	1077	1377	0.321859	0.110328	0.138009	0.062052	0.367751	
0.010877	2	404	429	1077	1377	0.317077	0.111528	0.138359	0.062561	0.370476	
0.010900	2	404	429	1077	1377	0.312294	0.112727	0.138708	0.063070	0.373201	
0.010922	2	404	429	1077	1377	0.307511	0.113927	0.139058	0.063579	0.375926	
0.010945	2	404	429	1077	1377	0.302728	0.115126	0.139407	0.064088	0.378651	
0.010968	2	404	429	1077	1377	0.297946	0.116325	0.139757	0.064597	0.381376	
0.010990	2	404	429	1077	1377	0.293163	0.117525	0.140106	0.065106	0.384100	
0.011013	2	404	429	1077	1377	0.288380	0.118724	0.140456	0.065614	0.386825	
0.011036	2	404	429	1077	1377	0.283597	0.119923	0.140806	0.066123	0.389550	
0.011058	2	404	429	1077	1377	0.278815	0.121123	0.141155	0.066632	0.392275	
0.011081	2	404	429	1077	1377	0.274032	0.122322	0.141505	0.067141	0.395000	
0.011104	2	404	429	1077	1377	0.269249	0.123522	0.141854	0.067650	0.397725	
0.011126	2	404	429	1077	1377	0.264466	0.124721	0.142204	0.068159	0.400450	
0.011149	2	404	429	1077	1377	0.259684	0.125920	0.142553	0.068668	0.403175	
0.011172	2	404	429	1077	1377	0.254901	0.127120	0.142903	0.069177	0.405900	
0.011194	2	404	429	1077	1377	0.250118	0.128319	0.143252	0.069685	0.408625	
0.011217	2	404	429	1077	1377	0.245335	0.129519	0.143602	0.070194	0.411350	
0.011239	2	404	429	1077	1377	0.240553	0.130718	0.143951	0.070703	0.414075	
0.011262	2	404	429	1077	1377	0.235770	0.131917	0.144301	0.071212	0.416800	
0.011285	2	404	429	1077	1377	0.230987	0.133117	0.144650	0.071721	0.419525	
0.011307	2	404	429	1077	1377	0.226204	0.134316	0.145000	0.072230	0.422250	
0.011330	2	404	429	1077	1377	0.221422	0.135515	0.145350	0.072739	0.424975	
0.011353	2	404	429	1077	1377	0.216639	0.136715	0.145699	0.073248	0.427700	
0.011375	2	404	429	1077	1377	0.211856	0.137914	0.146049	0.073756	0.430425	
0.011398	2	404	429	1077	1377	0.207073	0.139114	0.146398	0.074265	0.433150	
0.011421	2	404	429	1077	1377	0.202291	0.140313	0.146748	0.074774	0.435875	
0.011443	2	404	429	1077	1377	0.197508	0.141512	0.147097	0.075283	0.438600	
0.011466	2	404	429	1077	1377	0.192725	0.142712	0.147447	0.075792	0.441325	
0.011489	2	404	429	1077	1377	0.187942	0.143911	0.147796	0.076301	0.444050	
0.011511	2	404	429	1077	1377	0.183160	0.145110	0.148146	0.076810	0.446775	
0.011534	2	404	429	1077	1377	0.178377	0.146310	0.148495	0.077319	0.449499	
0.011556	2	404	429	1077	1377	0.173594	0.147509	0.148845	0.077827	0.452224	
0.011579	2	404	429	1077	1377	0.168811	0.148709	0.149194	0.078336	0.454949	
0.011602	2	404	429	1077	1377	0.164029	0.149908	0.149544	0.078845	0.457674	
0.011624	2	404	429	1077	1377	0.159246	0.151107	0.149894	0.079354	0.460399	
0.011647	2	404	429	1077	1377	0.154463	0.152307	0.150243	0.079863	0.463124	
0.011670	2	404	429	1077	1377	0.149680	0.153506	0.150593	0.080372	0.465849	
0.011692	2	404	429	1077	1377	0.144898	0.154705	0.150942	0.080881	0.468574	
0.011715	2	404	429	1077	1377	0.140115	0.155905	0.151292	0.081389	0.471299	
0.011738	2	404	429	1077	1377	0.135332	0.157104	0.151641	0.081898	0.474024	
0.011760	2	404	429	1077	1377	0.130549	0.158304	0.151991	0.082407	0.476749	
0.011783	404	429	1077	1377	1538	0.162769	0.149265	0.087795	0.439459	0.160712	
0.011806	404	429	1077	1377	1538	0.163901	0.149470	0.088153	0.443771	0.154705	
0.011828	404	429	1077	1377	1538	0.165033	0.149675	0.088510	0.448083	0.148698	
0.011851	404	429	1077	1377	1538	0.166166	0.149881	0.088867	0.452395	0.142692	
0.011873	404	429	1077	1377	1538	0.167298	0.150086	0.089224	0.456707	0.136685	
0.011896	404	429	1077	1377	1538	0.168430	0.150291	0.089581	0.461019	0.130679	
0.011919	404	429	1077	1377	1538	0.169562	0.150497	0.089939	0.465331	0.124672	
0.011941	404	429	1077	1377	1538	0.170694	0.150702	0.090296	0.469642	0.118666	
0.011964	404	429	1077	1377	1538	0.171827	0.150907	0.090653	0.473954	0.112659	
0.011987	404	429	1077	1377	1538	0.172959	0.151113	0.091010	0.478266	0.106652	
0.012009	404	429	1077	1377	1538	0.174091	0.151318	0.091367	0.482578	0.100646	
0.012032	404	429	1077	1377	1538	0.175223	0.151523	0.091724	0.486890	0.094639	
0.012055	404	429	1077	1377	1538	0.176355	0.151728	0.092082	0.491202	0.088633	
0.012077	404	429	1077	1377	1538	0.177488	0.151934	0.092439	0.495514	0.082626	
0.012100	283	404	429	1077	1377	0.093742	0.163443	0.172280	0.082811	0.487724	
0.012123	283	404	429	1077	1377	0.087501	0.166077	0.168894	0.084125	0.493403	
0.012145	283	404	429	764	1377	0.057667	0.166990	0.140538	0.109022	0.525782	
0.012168	404	429	764	1077	1377	0.124465	0.240998	0.120402	0.067420	0.446716	
0.012190	404	429	764	1077	1377	0.129422	0.227534	0.117757	0.069879	0.455407	
0.012213	404	429	764	1077	1377	0.134380	0.214070	0.115112	0.072338	0.464099	
0.012236	404	429	764	1077	1377	0.139338	0.200606	0.112468	0.074798	0.472790	
0.012258	404	429	764	1077	1377	0.144296	0.187143	0.109823	0.077257	0.481482	
0.012281	404	429	764	1077	1377	0.149254	0.173679	0.107178	0.079716	0.490173	
0.012304	404	429	764	1077	1377	0.154212	0.160215	0.104533	0.082175	0.498865	
0.012326	404	429	764	1077	1377	0.159169	0.146751	0.101889	0.084635	0.507556	
0.012349	404	429	764	1077	1377	0.164127	0.133287	0.099244	0.087094	0.516248	
0.012372	404	429	764	1077	1377	0.169085	0.119824	0.096599	0.089553	0.524939	
0.012394	404	429	764	1077	1377	0.174043	0.106360	0.093954	0.092012	0.533631	
0.012417	404	429	764	1077	1377	0.179001	0.092896	0.091309	0.094471	0.542323	
0.012440	404	429	764	1077	1377	0.183959	0.079432	0.088665	0.096931	0.551014	
0.012462	404	429	764	1077	1377	0.188916	0.065968	0.086020	0.099390	0.559706	
0.012485	404	429	764	1077	1377	0.193874	0.052505	0.083375	0.101849	0.568397	
0.012507	404	429	764	1077	1377	0.198832	0.039041	0.080730	0.104308	0.577089	
0.012530	404	429	764	1077	1377	0.203790	0.025577	0.078085	0.106768	0.585780	
0.012553	404	429	764	1077	1377	0.208751	0.012116	0.075435	0.109228	0.594470	
0.012575	404	764	1077	1377		0.214949	0.070478	0.112316	0.602256	
0.012598	404	764	1077	1377		0.232305	0.044725	0.121060	0.601910	
0.012621	404	764	1077	1377		0.249660	0.018973	0.129803	0.601564	
0.012643	404	1077	1377			0.275427	0.144514	0.580059	
0.012666	404	1077	1377			0.324735	0.175923	0.499342	
0.012689	404	1077	1377			0.374043	0.207332	0.418625	
0.012711	404	1077	1377			0.423351	0.238741	0.337909	
0.012734	404	1077	1377			0.472658	0.270149	0.257192	
0.012757	404	1077	1377			0.521966	0.301558	0.176476	
0.012779	404	1077	1377			0.571274	0.332967	0.095759	
0.012802	404	1077	1377			0.620581	0.364376	0.015043	
0.012824	404	1077				0.517495	0.482505	
0.012847	404	1077				0.379502	0.620498	
0.012870	404	1077				0.241510	0.758490	
0.012892	404	1077				0.103518	0.896482	
