0.003971	214					1.000000	
0.003963	9	214				0.032310	0.967690	
0.003955	9	214				0.064617	0.935383	
0.003948	9	214				0.096927	0.903073	
0.003940	9	214				0.129234	0.870766	
0.003932	9	214				0.161544	0.838456	
0.003924	9	214				0.193851	0.806149	
0.003916	9	214				0.226161	0.773839	
0.003909	9	214				0.258468	0.741532	
0.003901	9	214				0.290778	0.709222	
0.003893	9	214				0.323086	0.676914	
0.003885	9	214				0.355395	0.644605	
0.003878	9	214				0.387704	0.612296	
0.003870	9	214				0.420013	0.579987	
0.003862	9	214				0.452322	0.547678	
0.003854	9	115	214			0.455151	0.016849	0.528001	
0.003846	9	62	115	214		0.451972	0.010889	0.020012	0.517128	
0.003839	9	62	115	214		0.448027	0.023004	0.021685	0.507284	
0.003831	9	62	115	214		0.444003	0.035247	0.023201	0.497549	
0.003823	9	62	115	214		0.439968	0.047482	0.024737	0.487813	
0.003815	9	62	115	214		0.435946	0.059729	0.026247	0.478078	
0.003807	9	62	115	214		0.431923	0.071975	0.027758	0.468343	
0.003800	9	62	115	214		0.427899	0.084221	0.029271	0.458609	
0.003792	9	62	115	214		0.423875	0.096467	0.030784	0.448875	
0.003784	9	62	115	214		0.419850	0.108712	0.032298	0.439140	
0.003776	9	62	115	214		0.415820	0.120950	0.033827	0.429404	
0.003768	9	62	115	214		0.411795	0.133194	0.035342	0.419669	
0.003761	9	62	115	214		0.407769	0.145438	0.036857	0.409935	
0.003753	9	62	115	214		0.403744	0.157683	0.038373	0.400200	
0.003745	9	62	115	214		0.399719	0.169927	0.039889	0.390465	
0.003737	9	62	115	214		0.395693	0.182172	0.041404	0.380731	
0.003729	9	62	115	214		0.391668	0.194416	0.042920	0.370996	
0.003722	9	62	115	214		0.387644	0.206658	0.044435	0.361263	
0.003714	9	43	62	115	214	0.383046	0.011576	0.211032	0.042691	0.351655	
0.003706	9	43	62	115	214	0.378752	0.017011	0.219579	0.042678	0.341981	
0.003698	9	43	62	115	214	0.374428	0.023026	0.227731	0.042502	0.332313	
0.003690	9	43	62	115	214	0.370105	0.029052	0.235875	0.042323	0.322645	
0.003683	9	43	62	115	214	0.365780	0.035081	0.244018	0.042144	0.312977	
0.003675	9	43	62	115	214	0.361456	0.041110	0.252160	0.041965	0.303309	
0.003667	9	43	62	115	214	0.357132	0.047140	0.260302	0.041785	0.293641	
0.003659	9	43	62	115	214	0.352808	0.053169	0.268444	0.041606	0.283973	
0.003651	9	43	62	115	214	0.348484	0.059199	0.276585	0.041427	0.274305	
0.003644	9	43	62	115	214	0.344160	0.065229	0.284727	0.041247	0.264637	
0.003636	9	43	62	115	214	0.339835	0.071259	0.292868	0.041068	0.254969	
0.003628	9	43	62	115	214	0.335511	0.077290	0.301010	0.040888	0.245301	
0.003620	9	43	62	115	214	0.331187	0.083320	0.309151	0.040709	0.235633	
0.003612	9	43	62	115	214	0.326863	0.089350	0.317293	0.040529	0.225965	
0.003605	9	43	62	115	214	0.322539	0.095380	0.325434	0.040349	0.216297	
0.003597	9	43	62	115	214	0.318214	0.101411	0.333576	0.040170	0.206629	
0.003589	9	43	62	115	214	0.313890	0.107441	0.341717	0.039990	0.196961	
0.003581	9	43	62	115	214	0.309566	0.113471	0.349858	0.039811	0.187294	
0.003573	9	43	62	115	214	0.305242	0.119501	0.358000	0.039631	0.177626	
0.003566	9	43	62	115	214	0.300917	0.125533	0.366142	0.039452	0.167956	
0.003558	9	43	62	115	214	0.296589	0.131568	0.374290	0.039272	0.158281	
0.003550	9	43	62	115	214	0.292261	0.137603	0.382439	0.039093	0.148604	
0.003542	9	43	62	115	214	0.287934	0.143638	0.390587	0.038913	0.138929	
0.003534	9	43	62	115	214	0.283606	0.149673	0.398735	0.038733	0.129253	
0.003527	9	40	43	62	214	0.294464	0.048395	0.136489	0.377998	0.142654	
0.003519	9	40	43	62	214	0.290814	0.056182	0.137195	0.380043	0.135766	
0.003511	9	40	43	62	214	0.287164	0.063970	0.137902	0.382087	0.128878	
0.003503	9	40	43	62	214	0.283513	0.071757	0.138608	0.384131	0.121990	
0.003495	9	40	43	62	214	0.279863	0.079544	0.139314	0.386176	0.115103	
0.003488	9	40	43	62	214	0.276213	0.087332	0.140021	0.388220	0.108215	
0.003480	9	40	43	62	214	0.272562	0.095121	0.140727	0.390265	0.101325	
0.003472	9	40	43	62	214	0.268910	0.102911	0.141433	0.392310	0.094435	
0.003464	9	40	43	62	214	0.265259	0.110701	0.142140	0.394355	0.087546	
0.003456	9	40	43	62	214	0.261607	0.118491	0.142846	0.396400	0.080656	
0.003449	9	40	43	62	214	0.257956	0.126281	0.143553	0.398445	0.073766	
0.003441	9	40	43	62	214	0.254304	0.134071	0.144259	0.400490	0.066876	
0.003433	9	40	43	62	214	0.250653	0.141861	0.144966	0.402534	0.059986	
0.003425	9	40	43	62	214	0.247001	0.149652	0.145672	0.404579	0.053096	
0.003417	9	40	43	62	214	0.243349	0.157442	0.146378	0.406624	0.046206	
0.003410	9	40	43	62	214	0.239698	0.165232	0.147085	0.408669	0.039316	
0.003402	9	40	43	62	214	0.236046	0.173023	0.147791	0.410714	0.032427	
0.003394	9	40	43	62	215	0.282262	0.113279	0.163891	0.395944	0.044624	
0.003386	9	40	43	62	215	0.275332	0.116577	0.161093	0.393879	0.053118	
0.003378	9	40	43	62	215	0.268403	0.119874	0.158296	0.391815	0.061612	
0.003371	9	40	43	62	215	0.261473	0.123172	0.155498	0.389750	0.070107	
0.003363	9	40	43	62	215	0.254544	0.126469	0.152701	0.387685	0.078601	
0.003355	9	40	43	62	215	0.247614	0.129767	0.149903	0.385620	0.087095	
0.003347	9	40	43	62	215	0.240685	0.133064	0.147106	0.383556	0.095590	
0.003339	9	40	43	62	215	0.233755	0.136361	0.144308	0.381491	0.104084	
0.003331	9	40	43	62	215	0.226826	0.139659	0.141511	0.379426	0.112578	
0.003324	9	40	43	62	215	0.219896	0.142956	0.138713	0.377362	0.121073	
0.003316	9	40	43	62	215	0.212967	0.146253	0.135916	0.375297	0.129567	
0.003308	9	40	43	62	215	0.206037	0.149551	0.133118	0.373232	0.138062	
0.003300	9	40	43	62	215	0.199108	0.152848	0.130321	0.371167	0.146556	
0.003292	9	40	43	62	215	0.192178	0.156145	0.127523	0.369102	0.155051	
0.003285	9	40	43	62	215	0.185249	0.159443	0.124725	0.367038	0.163545	
0.003277	9	40	43	62	196	0.232091	0.166743	0.147925	0.401239	0.052001	
0.003269	9	40	43	62	196	0.230423	0.166747	0.147000	0.400287	0.055544	
0.003261	9	40	43	62	196	0.228754	0.166750	0.146076	0.399335	0.059086	
0.003253	9	40	43	62	196	0.227085	0.166753	0.145151	0.398383	0.062628	
0.003246	9	40	43	62	196	0.225417	0.166756	0.144226	0.397430	0.066170	
0.003238	9	40	43	62	196	0.223748	0.166759	0.143301	0.396478	0.069713	
0.003230	9	40	43	62	196	0.222080	0.166763	0.142377	0.395526	0.073255	
0.003222	9	40	43	62	196	0.220411	0.166766	0.141452	0.394574	0.076797	
0.003214	9	40	43	62	196	0.218742	0.166769	0.140527	0.393622	0.080340	
0.003207	9	40	43	62	196	0.217074	0.166772	0.139603	0.392670	0.083882	
0.003199	9	40	43	62	196	0.215405	0.166776	0.138678	0.391717	0.087424	
0.003191	9	40	43	62	196	0.213737	0.166779	0.137753	0.390765	0.090966	
0.003183	9	40	43	62	196	0.212068	0.166782	0.136829	0.389813	0.094508	
0.003175	9	40	43	62	196	0.210399	0.166785	0.135904	0.388861	0.098051	
0.003168	9	40	43	62	196	0.208731	0.166788	0.134979	0.387909	0.101593	
0.003160	9	40	43	62	196	0.207062	0.166792	0.134054	0.386957	0.105135	
0.003152	9	40	43	62	196	0.205394	0.166795	0.133130	0.386004	0.108677	
0.003144	9	40	43	62	196	0.203725	0.166798	0.132205	0.385052	0.112220	
0.003136	9	40	43	62	196	0.202056	0.166801	0.131280	0.384100	0.115762	
0.003129	9	40	43	62	196	0.200388	0.166804	0.130356	0.383148	0.119305	
0.003121	9	40	43	62	196	0.198719	0.166808	0.129431	0.382196	0.122847	
0.003113	9	40	43	62	196	0.197051	0.166811	0.128506	0.381244	0.126388	
0.003105	9	40	43	62	196	0.195383	0.166814	0.127582	0.380292	0.129930	
0.003097	9	40	43	62	196	0.193714	0.166817	0.126657	0.379340	0.133471	
0.003089	9	40	43	62	196	0.192046	0.166820	0.125733	0.378388	0.137013	
0.003082	9	40	43	62	196	0.190378	0.166824	0.124808	0.377436	0.140555	
0.003074	9	40	43	62	196	0.188709	0.166827	0.123884	0.376484	0.144096	
0.003066	9	40	43	62	196	0.187041	0.166830	0.122959	0.375532	0.147638	
0.003058	9	40	43	62	196	0.185373	0.166833	0.122035	0.374580	0.151179	
0.003050	9	40	43	62	196	0.183705	0.166837	0.121110	0.373628	0.154721	
0.003043	9	40	43	62	196	0.182036	0.166840	0.120186	0.372676	0.158262	
0.003035	9	40	43	62	196	0.180368	0.166843	0.119261	0.371724	0.161804	
0.003027	9	40	43	62	196	0.178700	0.166846	0.118337	0.370772	0.165346	
0.003019	9	40	43	62	196	0.177032	0.166849	0.117412	0.369820	0.168887	
0.003011	9	40	43	62	196	0.175363	0.166853	0.116488	0.368868	0.172429	
0.003004	9	40	43	62	196	0.173695	0.166856	0.115563	0.367916	0.175970	
0.002996	9	40	43	62	196	0.172027	0.166859	0.114639	0.366964	0.179512	
0.002988	9	40	43	62	196	0.170358	0.166862	0.113714	0.366012	0.183054	
0.002980	9	40	43	62	196	0.168690	0.166865	0.112790	0.365060	0.186596	
0.002972	9	40	43	62	196	0.167022	0.166869	0.111865	0.364108	0.190137	
0.002965	9	40	43	62	196	0.165353	0.166872	0.110940	0.363155	0.193679	
0.002957	9	40	43	62	196	0.163685	0.166875	0.110016	0.362203	0.197221	
0.002949	9	40	43	62	196	0.162017	0.166878	0.109091	0.361251	0.200763	
0.002941	9	40	43	62	196	0.160348	0.166881	0.108167	0.360299	0.204304	
0.002933	9	40	43	62	196	0.158680	0.166885	0.107242	0.359347	0.207846	
0.002926	9	40	43	62	196	0.157012	0.166888	0.106318	0.358395	0.211388	
0.002918	9	40	62	97	196	0.177578	0.209356	0.379116	0.092384	0.141567	
0.002910	9	40	62	97	196	0.175473	0.208792	0.377800	0.094092	0.143843	
0.002902	9	40	62	97	196	0.173368	0.208228	0.376484	0.095801	0.146119	
0.002894	9	40	62	97	196	0.171263	0.207665	0.375167	0.097510	0.148395	
0.002887	9	40	62	97	196	0.169159	0.207101	0.373851	0.099219	0.150670	
0.002879	9	40	62	97	196	0.167054	0.206538	0.372535	0.100927	0.152946	
0.002871	9	40	62	97	196	0.164949	0.205974	0.371219	0.102636	0.155222	
0.002863	9	40	62	97	196	0.162845	0.205410	0.369903	0.104345	0.157497	
0.002855	9	40	62	97	196	0.160740	0.204847	0.368587	0.106053	0.159773	
0.002848	9	40	62	97	196	0.158635	0.204283	0.367271	0.107762	0.162049	
0.002840	9	40	62	97	196	0.156531	0.203720	0.365955	0.109471	0.164324	
0.002832	9	40	60	62	196	0.198358	0.206012	0.074208	0.384791	0.136631	
0.002824	9	40	60	62	196	0.197287	0.205430	0.076147	0.383919	0.137216	
0.002816	9	40	60	62	196	0.196216	0.204849	0.078087	0.383047	0.137800	
0.002808	9	40	60	62	196	0.195145	0.204268	0.080027	0.382175	0.138385	
0.002801	9	40	60	62	196	0.194074	0.203687	0.081967	0.381303	0.138970	
0.002793	9	40	60	62	196	0.193003	0.203105	0.083906	0.380431	0.139554	
0.002785	9	40	60	62	196	0.191932	0.202524	0.085846	0.379559	0.140139	
0.002777	9	40	60	62	196	0.190861	0.201943	0.087786	0.378687	0.140723	
0.002769	9	40	60	62	196	0.189790	0.201361	0.089726	0.377815	0.141308	
0.002762	9	40	60	62	196	0.188719	0.200780	0.091665	0.376943	0.141892	
0.002754	9	40	60	62	196	0.187648	0.200199	0.093605	0.376071	0.142477	
0.002746	9	40	60	62	196	0.186577	0.199618	0.095545	0.375199	0.143062	
0.002738	9	40	60	62	196	0.185506	0.199036	0.097484	0.374327	0.143646	
0.002730	9	40	60	62	196	0.184435	0.198455	0.099424	0.373455	0.144231	
0.002723	9	40	60	62	196	0.183364	0.197874	0.101364	0.372583	0.144815	
0.002715	9	40	60	62	196	0.182293	0.197292	0.103304	0.371711	0.145400	
0.002707	9	40	60	62	196	0.181222	0.196711	0.105243	0.370839	0.145985	
0.002699	9	40	60	62	196	0.180151	0.196130	0.107183	0.369967	0.146569	
0.002691	9	40	60	62	196	0.179080	0.195548	0.109123	0.369095	0.147154	
0.002684	9	40	60	62	196	0.178009	0.194967	0.111062	0.368223	0.147738	
0.002676	9	40	60	62	196	0.176938	0.194386	0.113002	0.367352	0.148323	
0.002668	9	40	60	62	196	0.175867	0.193805	0.114942	0.366480	0.148907	
0.002660	9	40	60	62	196	0.174796	0.193223	0.116882	0.365608	0.149492	
0.002652	9	40	60	62	196	0.173725	0.192642	0.118821	0.364736	0.150077	
0.002645	9	40	60	62	196	0.172653	0.192061	0.120761	0.363864	0.150661	
0.002637	9	40	60	62	196	0.171582	0.191479	0.122701	0.362992	0.151246	
0.002629	9	40	60	62	196	0.170511	0.190898	0.124641	0.362120	0.151830	
0.002621	9	40	60	62	196	0.169440	0.190317	0.126580	0.361248	0.152415	
0.002613	9	40	60	62	196	0.168369	0.189736	0.128520	0.360376	0.152999	
0.002606	9	40	60	62	196	0.167298	0.189154	0.130460	0.359504	0.153584	
0.002598	9	40	60	62	196	0.166227	0.188573	0.132399	0.358632	0.154169	
0.002590	9	40	60	62	196	0.165156	0.187992	0.134339	0.357760	0.154753	
0.002582	9	40	60	62	196	0.164085	0.187410	0.136279	0.356888	0.155338	
0.002574	9	40	60	62	196	0.163014	0.186829	0.138219	0.356016	0.155922	
0.002567	9	40	60	62	196	0.161943	0.186248	0.140158	0.355144	0.156507	
0.002559	9	40	60	62	196	0.160872	0.185667	0.142098	0.354272	0.157091	
0.002551	9	40	60	62	196	0.159801	0.185085	0.144038	0.353400	0.157676	
0.002543	9	40	60	62	196	0.158730	0.184504	0.145977	0.352528	0.158261	
0.002535	9	40	60	62	196	0.157659	0.183923	0.147917	0.351656	0.158845	
0.002527	9	40	60	62	196	0.156588	0.183341	0.149857	0.350784	0.159430	
0.002520	9	40	60	62	196	0.155517	0.182760	0.151797	0.349912	0.160014	
0.002512	9	40	60	62	196	0.154446	0.182179	0.153736	0.349040	0.160599	
0.002504	9	40	60	62	196	0.153375	0.181597	0.155676	0.348168	0.161183	
0.002496	9	40	60	62	196	0.152304	0.181016	0.157616	0.347296	0.161768	
0.002488	9	40	60	62	196	0.151233	0.180435	0.159556	0.346424	0.162353	
0.002481	9	40	60	62	196	0.150162	0.179854	0.161495	0.345552	0.162937	
0.002473	9	40	60	62	196	0.149091	0.179272	0.163435	0.344680	0.163522	
0.002465	9	40	60	62	196	0.148020	0.178691	0.165375	0.343808	0.164106	
0.002457	9	40	60	62	196	0.146949	0.178110	0.167314	0.342936	0.164691	
0.002449	9	40	60	62	196	0.145878	0.177528	0.169254	0.342064	0.165276	
0.002442	9	40	60	62	196	0.144807	0.176947	0.171194	0.341192	0.165860	
0.002434	9	40	60	62	196	0.143736	0.176366	0.173134	0.340320	0.166445	
0.002426	9	40	60	62	196	0.142665	0.175785	0.175073	0.339448	0.167029	
0.002418	9	40	60	62	196	0.141594	0.175203	0.177013	0.338576	0.167614	
0.002410	9	40	60	62	196	0.140523	0.174622	0.178953	0.337704	0.168198	
0.002403	9	40	60	62	196	0.139452	0.174041	0.180893	0.336832	0.168783	
0.002395	9	40	60	62	196	0.138381	0.173459	0.182832	0.335960	0.169368	
0.002387	9	40	60	62	196	0.137309	0.172878	0.184772	0.335088	0.169952	
0.002379	9	40	60	62	196	0.136238	0.172297	0.186712	0.334216	0.170537	
0.002371	9	40	60	62	196	0.135167	0.171715	0.188652	0.333344	0.171121	
0.002364	9	40	60	62	196	0.134096	0.171134	0.190591	0.332472	0.171706	
0.002356	9	40	60	62	196	0.133025	0.170553	0.192531	0.331600	0.172290	
0.002348	9	40	60	62	196	0.131954	0.169972	0.194471	0.330728	0.172875	
0.002340	9	40	62	129	196	0.153035	0.193805	0.338849	0.149545	0.164766	
0.002332	9	40	62	129	196	0.152200	0.193467	0.338073	0.151046	0.165215	
0.002325	9	40	62	129	196	0.151365	0.193128	0.337296	0.152546	0.165665	
0.002317	9	40	62	129	196	0.150530	0.192789	0.336519	0.154047	0.166114	
0.002309	9	40	62	129	196	0.149695	0.192451	0.335743	0.155547	0.166564	
0.002301	9	40	62	129	196	0.148860	0.192112	0.334966	0.157048	0.167013	
0.002293	9	40	62	129	196	0.148025	0.191773	0.334190	0.158548	0.167463	
0.002286	9	40	62	129	196	0.147191	0.191434	0.333413	0.160049	0.167912	
0.002278	9	40	62	129	196	0.146356	0.191096	0.332637	0.161550	0.168362	
0.002270	9	40	62	129	196	0.145521	0.190757	0.331860	0.163050	0.168812	
0.002262	9	40	62	129	196	0.144686	0.190418	0.331084	0.164551	0.169261	
0.002254	9	40	62	129	196	0.143851	0.190080	0.330307	0.166051	0.169711	
0.002246	9	40	62	129	196	0.143016	0.189741	0.329531	0.167552	0.170160	
0.002239	9	40	62	129	196	0.142182	0.189402	0.328754	0.169052	0.170610	
0.002231	9	40	62	129	196	0.141347	0.189064	0.327978	0.170553	0.171059	
0.002223	9	40	62	129	196	0.140512	0.188725	0.327201	0.172053	0.171509	
0.002215	9	40	62	129	196	0.139677	0.188386	0.326425	0.173554	0.171958	
0.002207	9	40	62	129	196	0.138842	0.188047	0.325648	0.175054	0.172408	
0.002200	9	40	60	62	129	0.159865	0.196599	0.164371	0.344623	0.134543	
0.002192	9	40	60	62	129	0.159061	0.196169	0.165433	0.343868	0.135470	
0.002184	9	40	60	62	129	0.158256	0.195739	0.166494	0.343113	0.136397	
0.002176	9	40	60	62	129	0.157452	0.195310	0.167556	0.342358	0.137325	
0.002168	9	40	60	62	129	0.156648	0.194880	0.168617	0.341603	0.138252	
0.002161	9	40	60	62	129	0.155844	0.194450	0.169678	0.340848	0.139179	
0.002153	9	40	60	62	129	0.155040	0.194021	0.170740	0.340094	0.140106	
0.002145	9	40	60	62	129	0.154235	0.193591	0.171801	0.339339	0.141034	
0.002137	9	40	60	62	129	0.153431	0.193161	0.172862	0.338584	0.141961	
0.002129	9	40	60	62	129	0.152627	0.192732	0.173924	0.337829	0.142888	
0.002122	9	40	60	62	129	0.151823	0.192302	0.174985	0.337074	0.143816	
0.002114	9	40	60	62	129	0.151019	0.191873	0.176046	0.336320	0.144743	
0.002106	9	40	60	62	129	0.150214	0.191443	0.177108	0.335565	0.145670	
0.002098	9	40	60	62	129	0.149410	0.191013	0.178169	0.334810	0.146597	
0.002090	9	40	60	62	129	0.148606	0.190584	0.179230	0.334055	0.147525	
0.002083	9	40	60	62	129	0.147802	0.190154	0.180292	0.333300	0.148452	
0.002075	9	40	60	62	129	0.146998	0.189725	0.181353	0.332545	0.149379	
0.002067	43	60	62	171	196	0.185595	0.150519	0.386709	0.120138	0.157039	
0.002059	43	60	62	171	196	0.184706	0.151709	0.385332	0.121098	0.157155	
0.002051	43	60	62	171	196	0.183816	0.152899	0.383955	0.122058	0.157271	
0.002044	43	60	62	171	196	0.182927	0.154090	0.382578	0.123018	0.157387	
0.002036	43	60	62	171	196	0.182038	0.155280	0.381201	0.123979	0.157502	
0.002028	43	60	62	171	196	0.181148	0.156471	0.379824	0.124939	0.157618	
0.002020	43	60	62	171	196	0.180259	0.157661	0.378447	0.125899	0.157734	
0.002012	43	60	62	171	196	0.179369	0.158852	0.377070	0.126859	0.157850	
0.002005	43	60	62	171	196	0.178480	0.160042	0.375693	0.127819	0.157966	
0.001997	43	60	62	171	196	0.177591	0.161233	0.374316	0.128780	0.158082	
0.001989	43	60	62	171	196	0.176701	0.162423	0.372938	0.129740	0.158198	
0.001981	43	60	62	171	196	0.175812	0.163613	0.371561	0.130700	0.158314	
0.001973	43	60	62	171	196	0.174922	0.164804	0.370184	0.131660	0.158429	
0.001965	43	60	62	171	196	0.174033	0.165994	0.368807	0.132620	0.158545	
0.001958	43	60	62	171	196	0.173144	0.167185	0.367430	0.133581	0.158661	
0.001950	43	60	62	171	196	0.172254	0.168375	0.366053	0.134541	0.158777	
0.001942	43	60	62	171	196	0.171365	0.169565	0.364676	0.135501	0.158893	
0.001934	43	60	62	171	196	0.170475	0.170756	0.363299	0.136461	0.159009	
0.001926	43	60	62	171	196	0.169586	0.171946	0.361922	0.137421	0.159125	
0.001919	43	60	62	171	196	0.168697	0.173137	0.360545	0.138382	0.159241	
0.001911	43	60	62	171	196	0.167807	0.174327	0.359168	0.139342	0.159356	
0.001903	43	60	62	171	196	0.166918	0.175518	0.357791	0.140302	0.159472	
0.001895	43	60	62	171	196	0.166028	0.176708	0.356414	0.141262	0.159588	
0.001887	43	60	62	171	196	0.165139	0.177898	0.355037	0.142222	0.159704	
0.001880	43	60	62	171	196	0.164250	0.179089	0.353660	0.143182	0.159820	
0.001872	43	60	62	171	196	0.163360	0.180279	0.352283	0.144143	0.159936	
0.001864	43	60	62	171	196	0.162471	0.181469	0.350905	0.145103	0.160052	
0.001856	43	60	62	171	196	0.161582	0.182660	0.349528	0.146063	0.160167	
0.001848	43	60	62	171	196	0.160692	0.183850	0.348151	0.147023	0.160283	
0.001841	43	60	62	171	196	0.159803	0.185040	0.346774	0.147983	0.160399	
0.001833	43	60	62	171	196	0.158914	0.186231	0.345397	0.148943	0.160515	
0.001825	43	60	62	171	196	0.158024	0.187421	0.344020	0.149903	0.160631	
0.001817	43	60	62	171	196	0.157135	0.188611	0.342643	0.150864	0.160747	
0.001809	43	60	62	171	196	0.156245	0.189802	0.341266	0.151824	0.160863	
0.001802	43	60	62	171	196	0.155356	0.190992	0.339889	0.152784	0.160979	
0.001794	43	60	62	171	196	0.154467	0.192183	0.338512	0.153744	0.161094	
0.001786	43	60	62	171	196	0.153577	0.193373	0.337135	0.154704	0.161210	
0.001778	43	60	62	171	196	0.152688	0.194563	0.335758	0.155664	0.161326	
0.001770	43	60	62	171	196	0.151799	0.195754	0.334381	0.156624	0.161442	
0.001763	43	60	62	171	196	0.150909	0.196944	0.333004	0.157585	0.161558	
0.001755	43	60	62	171	196	0.150020	0.198134	0.331627	0.158545	0.161674	
0.001747	43	60	62	171	196	0.149131	0.199325	0.330250	0.159505	0.161790	
0.001739	43	60	62	171	196	0.148241	0.200515	0.328873	0.160465	0.161906	
0.001731	43	60	62	171	196	0.147352	0.201705	0.327496	0.161425	0.162021	
0.001724	43	60	62	171	196	0.146462	0.202896	0.326119	0.162385	0.162137	
0.001716	43	60	62	171	196	0.145573	0.204086	0.324742	0.163345	0.162253	
0.001708	43	60	62	171	196	0.144684	0.205277	0.323365	0.164306	0.162369	
0.001700	43	60	62	171	196	0.143794	0.206467	0.321988	0.165266	0.162485	
0.001692	43	60	62	171	196	0.142905	0.207657	0.320611	0.166226	0.162601	
0.001685	43	60	62	171	196	0.142016	0.208848	0.319234	0.167186	0.162717	
0.001677	43	60	62	171	196	0.141126	0.210038	0.317857	0.168146	0.162832	
0.001669	43	60	62	171	196	0.140237	0.211228	0.316480	0.169106	0.162948	
0.001661	43	60	62	171	196	0.139348	0.212419	0.315103	0.170067	0.163064	
0.001653	43	60	62	171	196	0.138458	0.213609	0.313726	0.171027	0.163180	
0.001645	43	60	62	171	196	0.137569	0.214799	0.312349	0.171987	0.163296	
0.001638	43	60	62	171	196	0.136679	0.215990	0.310972	0.172947	0.163412	
0.001630	43	60	62	171	196	0.135790	0.217180	0.309595	0.173907	0.163528	
0.001622	43	60	62	171	196	0.134901	0.218370	0.308218	0.174867	0.163644	
0.001614	43	60	62	171	196	0.134011	0.219561	0.306841	0.175827	0.163759	
0.001606	43	60	62	171	196	0.133122	0.220751	0.305464	0.176788	0.163875	
0.001599	43	60	62	171	196	0.132233	0.221942	0.304087	0.177748	0.163991	
0.001591	43	60	62	171	196	0.131343	0.223132	0.302710	0.178708	0.164107	
0.001583	43	60	62	171	196	0.130454	0.224322	0.301333	0.179668	0.164223	
0.001575	43	60	62	171	196	0.129565	0.225513	0.299956	0.180628	0.164339	
0.001567	40	60	62	129	196	0.165532	0.210377	0.304195	0.156681	0.163214	
0.001560	40	60	62	129	196	0.164739	0.211407	0.302934	0.157745	0.163174	
0.001552	40	60	62	129	196	0.163947	0.212438	0.301673	0.158808	0.163135	
0.001544	40	60	62	129	196	0.163154	0.213468	0.300412	0.159871	0.163095	
0.001536	40	60	62	129	196	0.162362	0.214498	0.299150	0.160935	0.163055	
0.001528	40	60	62	129	196	0.161569	0.215528	0.297889	0.161998	0.163015	
0.001521	40	60	62	129	196	0.160776	0.216558	0.296628	0.163061	0.162976	
0.001513	40	60	62	129	196	0.159984	0.217589	0.295367	0.164124	0.162936	
0.001505	40	60	62	129	196	0.159191	0.218619	0.294106	0.165188	0.162896	
0.001497	40	60	62	129	196	0.158399	0.219649	0.292845	0.166251	0.162856	
0.001489	40	60	62	129	196	0.157606	0.220679	0.291584	0.167314	0.162817	
0.001482	40	60	62	129	196	0.156813	0.221709	0.290323	0.168378	0.162777	
0.001474	40	60	62	129	196	0.156021	0.222740	0.289062	0.169441	0.162737	
0.001466	40	60	62	129	196	0.155228	0.223770	0.287800	0.170504	0.162697	
0.001458	40	60	62	129	196	0.154436	0.224800	0.286539	0.171568	0.162658	
0.001450	40	60	62	129	196	0.153643	0.225830	0.285278	0.172631	0.162618	
0.001443	40	60	62	129	196	0.152850	0.226860	0.284017	0.173694	0.162578	
0.001435	40	60	62	129	196	0.152058	0.227891	0.282756	0.174757	0.162538	
0.001427	40	60	62	129	196	0.151265	0.228921	0.281495	0.175821	0.162499	
0.001419	40	60	62	129	196	0.150473	0.229951	0.280234	0.176884	0.162459	
0.001411	40	60	62	129	196	0.149680	0.230981	0.278973	0.177947	0.162419	
0.001404	40	60	62	129	196	0.148887	0.232011	0.277711	0.179011	0.162379	
0.001396	40	60	62	129	196	0.148095	0.233042	0.276450	0.180074	0.162339	
0.001388	40	60	62	129	196	0.147302	0.234072	0.275189	0.181137	0.162300	
0.001380	40	60	62	129	196	0.146509	0.235102	0.273928	0.182201	0.162260	
0.001372	40	60	62	129	196	0.145717	0.236132	0.272667	0.183264	0.162220	
0.001365	40	60	62	129	196	0.144924	0.237162	0.271406	0.184327	0.162180	
0.001357	40	60	62	129	196	0.144132	0.238193	0.270145	0.185390	0.162141	
0.001349	40	60	62	129	196	0.143339	0.239223	0.268883	0.186454	0.162101	
0.001341	40	60	62	129	196	0.142546	0.240253	0.267622	0.187517	0.162061	
0.001333	40	60	62	129	196	0.141754	0.241283	0.266361	0.188580	0.162021	
0.001325	40	60	62	129	196	0.140961	0.242314	0.265100	0.189644	0.161982	
0.001318	40	60	62	129	196	0.140169	0.243344	0.263839	0.190707	0.161942	
0.001310	40	60	62	129	196	0.139376	0.244374	0.262578	0.191770	0.161902	
0.001302	40	60	62	129	196	0.138583	0.245404	0.261317	0.192834	0.161862	
0.001294	40	60	62	129	196	0.137791	0.246434	0.260056	0.193897	0.161823	
0.001286	40	60	62	129	196	0.136998	0.247465	0.258794	0.194960	0.161783	
0.001279	40	60	62	129	196	0.136205	0.248495	0.257533	0.196023	0.161743	
0.001271	40	60	62	129	196	0.135413	0.249525	0.256272	0.197087	0.161703	
0.001263	40	60	62	129	196	0.134620	0.250555	0.255011	0.198150	0.161663	
0.001255	40	60	62	129	196	0.133828	0.251585	0.253750	0.199213	0.161624	
0.001247	40	60	62	129	196	0.133035	0.252616	0.252489	0.200277	0.161584	
0.001240	40	60	62	129	196	0.132242	0.253646	0.251228	0.201340	0.161544	
0.001232	40	60	62	129	196	0.131450	0.254676	0.249967	0.202403	0.161504	
0.001224	40	60	62	129	196	0.130657	0.255706	0.248705	0.203467	0.161465	
0.001216	40	60	62	129	196	0.129865	0.256736	0.247444	0.204530	0.161425	
0.001208	40	60	62	129	196	0.129072	0.257767	0.246183	0.205593	0.161385	
0.001201	40	60	62	129	196	0.128279	0.258797	0.244922	0.206656	0.161345	
0.001193	40	60	62	129	196	0.127487	0.259827	0.243661	0.207720	0.161306	
0.001185	40	60	62	129	196	0.126694	0.260857	0.242400	0.208783	0.161266	
0.001177	40	60	62	129	196	0.125902	0.261887	0.241139	0.209846	0.161226	
0.001169	40	60	62	129	196	0.125109	0.262918	0.239878	0.210910	0.161186	
0.001162	40	60	62	129	196	0.124316	0.263948	0.238616	0.211973	0.161147	
0.001154	40	60	62	129	196	0.123524	0.264978	0.237355	0.213036	0.161107	
0.001146	40	60	62	129	196	0.122731	0.266008	0.236094	0.214099	0.161067	
0.001138	40	60	62	129	225	0.163782	0.233772	0.288759	0.173530	0.140157	
0.001130	40	60	62	129	225	0.162993	0.234318	0.287576	0.174101	0.141012	
0.001123	40	60	62	129	225	0.162204	0.234864	0.286393	0.174672	0.141867	
0.001115	40	60	62	129	225	0.161415	0.235410	0.285210	0.175243	0.142723	
0.001107	40	60	62	129	225	0.160626	0.235956	0.284027	0.175814	0.143578	
0.001099	40	60	62	129	225	0.159837	0.236502	0.282844	0.176385	0.144433	
0.001091	40	60	62	129	225	0.159048	0.237047	0.281661	0.176956	0.145288	
0.001084	40	60	62	129	225	0.158259	0.237593	0.280478	0.177527	0.146143	
0.001076	40	60	62	129	225	0.157470	0.238139	0.279294	0.178098	0.146999	
0.001068	40	60	62	129	225	0.156681	0.238685	0.278111	0.178669	0.147854	
0.001060	40	60	62	129	225	0.155892	0.239231	0.276928	0.179240	0.148709	
0.001052	40	60	62	129	225	0.155103	0.239777	0.275745	0.179811	0.149564	
0.001044	40	60	62	129	225	0.154314	0.240323	0.274562	0.180382	0.150420	
0.001037	40	60	62	129	225	0.153525	0.240869	0.273379	0.180953	0.151275	
0.001029	40	60	62	129	225	0.152736	0.241414	0.272196	0.181524	0.152130	
0.001021	40	60	62	129	225	0.151947	0.241960	0.271012	0.182095	0.152985	
0.001013	40	60	62	129	225	0.151158	0.242506	0.269829	0.182666	0.153841	
0.001005	40	60	62	129	225	0.150369	0.243052	0.268646	0.183237	0.154696	
0.000998	40	60	62	129	225	0.149580	0.243598	0.267463	0.183808	0.155551	
0.000990	40	60	62	129	225	0.148791	0.244144	0.266280	0.184379	0.156406	
0.000982	40	60	62	129	225	0.148002	0.244690	0.265097	0.184950	0.157261	
0.000974	40	60	62	129	225	0.147213	0.245236	0.263914	0.185521	0.158117	
0.000966	40	60	62	129	225	0.146424	0.245781	0.262730	0.186092	0.158972	
0.000959	40	60	62	129	225	0.145635	0.246327	0.261547	0.186663	0.159827	
0.000951	40	60	62	129	225	0.144846	0.246873	0.260364	0.187234	0.160682	
0.000943	40	60	62	129	225	0.144057	0.247419	0.259181	0.187805	0.161538	
0.000935	40	60	62	129	225	0.143268	0.247965	0.257998	0.188376	0.162393	
0.000927	40	60	62	129	225	0.142479	0.248511	0.256815	0.188947	0.163248	
0.000920	40	60	62	129	225	0.141690	0.249057	0.255632	0.189518	0.164103	
0.000912	40	60	62	129	225	0.140901	0.249603	0.254448	0.190089	0.164959	
0.000904	40	60	62	129	225	0.140112	0.250148	0.253265	0.190660	0.165814	
0.000896	40	60	62	129	225	0.139323	0.250694	0.252082	0.191231	0.166669	
0.000888	40	60	62	129	225	0.138534	0.251240	0.250899	0.191802	0.167524	
0.000881	40	60	62	129	225	0.137745	0.251786	0.249716	0.192373	0.168379	
0.000873	40	60	62	129	225	0.136956	0.252332	0.248533	0.192944	0.169235	
0.000865	40	60	62	129	225	0.136167	0.252878	0.247350	0.193515	0.170090	
0.000857	40	60	62	129	225	0.135379	0.253424	0.246167	0.194086	0.170945	
0.000849	40	60	62	129	225	0.134590	0.253970	0.244983	0.194657	0.171800	
0.000842	40	60	62	129	225	0.133801	0.254516	0.243800	0.195228	0.172656	
0.000834	40	60	62	129	225	0.133012	0.255061	0.242617	0.195799	0.173511	
0.000826	40	60	62	129	225	0.132223	0.255607	0.241434	0.196370	0.174366	
0.000818	40	60	62	129	225	0.131434	0.256153	0.240251	0.196941	0.175221	
0.000810	40	60	62	129	225	0.130645	0.256699	0.239068	0.197512	0.176076	
0.000803	40	60	62	129	225	0.129856	0.257245	0.237885	0.198083	0.176932	
0.000795	40	60	62	129	225	0.129067	0.257791	0.236701	0.198654	0.177787	
0.000787	40	60	62	129	225	0.128278	0.258337	0.235518	0.199225	0.178642	
0.000779	40	60	62	129	225	0.127489	0.258883	0.234335	0.199796	0.179497	
0.000771	40	60	62	129	225	0.126700	0.259428	0.233152	0.200367	0.180353	
0.000764	40	60	62	129	225	0.125911	0.259974	0.231969	0.200938	0.181208	
0.000756	40	60	62	129	225	0.125122	0.260520	0.230786	0.201509	0.182063	
0.000748	40	60	62	129	225	0.124333	0.261066	0.229603	0.202080	0.182918	
0.000740	40	60	62	129	225	0.123544	0.261612	0.228419	0.202651	0.183774	
0.000732	40	60	62	129	225	0.122755	0.262158	0.227236	0.203222	0.184629	
0.000724	60	62	98	129	225	0.240810	0.330753	0.137027	0.166954	0.124457	
0.000717	60	62	98	129	225	0.241043	0.328844	0.137503	0.167495	0.125115	
0.000709	60	62	98	129	225	0.241277	0.326935	0.137980	0.168035	0.125774	
0.000701	60	62	98	129	225	0.241510	0.325026	0.138456	0.168575	0.126433	
0.000693	60	62	98	129	225	0.241744	0.323117	0.138933	0.169115	0.127091	
0.000685	60	62	98	129	225	0.241977	0.321207	0.139409	0.169656	0.127750	
0.000678	60	62	98	129	225	0.242211	0.319298	0.139886	0.170196	0.128409	
0.000670	60	62	98	129	225	0.242445	0.317389	0.140362	0.170736	0.129067	
0.000662	60	62	98	129	225	0.242678	0.315480	0.140839	0.171277	0.129726	
0.000654	60	62	98	129	225	0.242912	0.313571	0.141315	0.171817	0.130385	
0.000646	60	62	98	129	225	0.243145	0.311662	0.141792	0.172357	0.131044	
0.000639	60	62	98	129	225	0.243379	0.309753	0.142268	0.172898	0.131702	
0.000631	60	62	98	129	225	0.243612	0.307844	0.142745	0.173438	0.132361	
0.000623	60	62	98	129	225	0.243846	0.305935	0.143221	0.173978	0.133020	
0.000615	60	62	98	129	225	0.244079	0.304026	0.143697	0.174519	0.133678	
0.000607	60	62	98	129	225	0.244313	0.302117	0.144174	0.175059	0.134337	
0.000600	60	62	98	129	225	0.244547	0.300208	0.144650	0.175599	0.134996	
0.000592	60	62	98	129	225	0.244780	0.298299	0.145127	0.176140	0.135655	
0.000584	60	62	98	129	225	0.245014	0.296390	0.145603	0.176680	0.136313	
0.000576	60	62	98	129	225	0.245247	0.294481	0.146080	0.177220	0.136972	
0.000568	60	62	98	129	225	0.245481	0.292572	0.146556	0.177760	0.137631	
0.000561	60	62	98	129	225	0.245714	0.290663	0.147033	0.178301	0.138289	
0.000553	60	62	98	129	225	0.245948	0.288754	0.147509	0.178841	0.138948	
0.000545	60	62	98	129	225	0.246182	0.286845	0.147986	0.179381	0.139607	
0.000537	60	62	98	129	225	0.246415	0.284936	0.148462	0.179922	0.140265	
0.000529	60	62	98	129	225	0.246649	0.283026	0.148939	0.180462	0.140924	
0.000522	60	62	98	129	225	0.246882	0.281117	0.149415	0.181002	0.141583	
0.000514	60	62	98	129	225	0.247116	0.279208	0.149892	0.181543	0.142242	
0.000506	60	62	98	129	225	0.247349	0.277299	0.150368	0.182083	0.142900	
0.000498	60	62	98	129	225	0.247583	0.275390	0.150844	0.182623	0.143559	
0.000490	60	62	98	129	225	0.247817	0.273481	0.151321	0.183164	0.144218	
0.000483	60	62	98	129	225	0.248050	0.271572	0.151797	0.183704	0.144876	
0.000475	60	62	98	129	225	0.248284	0.269663	0.152274	0.184244	0.145535	
0.000467	60	62	98	129	225	0.248517	0.267754	0.152750	0.184784	0.146194	
0.000459	60	62	98	129	225	0.248751	0.265845	0.153227	0.185325	0.146852	
0.000451	60	62	98	129	225	0.248984	0.263936	0.153703	0.185865	0.147511	
0.000444	60	62	98	129	225	0.249218	0.262027	0.154180	0.186405	0.148170	
0.000436	60	62	98	129	225	0.249451	0.260118	0.154656	0.186946	0.148829	
0.000428	60	62	98	129	225	0.249685	0.258209	0.155133	0.187486	0.149487	
0.000420	60	62	98	129	225	0.249919	0.256300	0.155609	0.188026	0.150146	
0.000412	60	62	98	129	225	0.250152	0.254391	0.156086	0.188567	0.150805	
0.000404	60	62	98	129	225	0.250386	0.252482	0.156562	0.189107	0.151463	
0.000397	60	62	98	129	225	0.250619	0.250573	0.157039	0.189647	0.152122	
0.000389	60	62	98	129	225	0.250853	0.248664	0.157515	0.190188	0.152781	
0.000381	60	62	98	129	225	0.251086	0.246755	0.157991	0.190728	0.153440	
0.000373	60	62	98	129	225	0.251320	0.244846	0.158468	0.191268	0.154098	
0.000365	60	62	98	129	225	0.251554	0.242936	0.158944	0.191808	0.154757	
0.000358	60	62	98	129	225	0.251787	0.241027	0.159421	0.192349	0.155416	
0.000350	60	62	98	129	225	0.252021	0.239118	0.159897	0.192889	0.156074	
0.000342	60	62	98	129	225	0.252254	0.237209	0.160374	0.193429	0.156733	
0.000334	60	62	98	129	225	0.252488	0.235300	0.160850	0.193970	0.157392	
0.000326	60	62	98	129	225	0.252721	0.233391	0.161327	0.194510	0.158051	
0.000319	60	62	98	129	225	0.252955	0.231482	0.161803	0.195050	0.158709	
0.000311	60	62	98	129	225	0.253189	0.229573	0.162280	0.195591	0.159368	
0.000303	60	62	98	129	225	0.253422	0.227664	0.162756	0.196131	0.160027	
0.000295	60	62	98	129	225	0.253656	0.225755	0.163233	0.196671	0.160685	
0.000287	60	62	98	129	225	0.253889	0.223846	0.163709	0.197212	0.161344	
0.000280	60	62	98	129	225	0.254123	0.221937	0.164186	0.197752	0.162003	
0.000272	60	62	98	129	225	0.254356	0.220028	0.164662	0.198292	0.162661	
0.000264	60	62	98	129	225	0.254590	0.218119	0.165138	0.198833	0.163320	
0.000256	60	62	98	129	225	0.254823	0.216210	0.165615	0.199373	0.163979	
0.000248	60	62	98	129	225	0.255057	0.214301	0.166091	0.199913	0.164638	
0.000241	60	62	98	129	225	0.255291	0.212392	0.166568	0.200453	0.165296	
0.000233	60	62	98	129	225	0.255524	0.210483	0.167044	0.200994	0.165955	
0.000225	60	62	98	129	225	0.255758	0.208574	0.167521	0.201534	0.166614	
0.000217	60	62	98	129	225	0.255991	0.206664	0.167997	0.202074	0.167272	
0.000209	60	62	98	129	225	0.256225	0.204755	0.168474	0.202615	0.167931	
0.000202	60	62	98	129	225	0.256458	0.202846	0.168950	0.203155	0.168590	
0.000194	60	62	98	129	225	0.256692	0.200937	0.169427	0.203695	0.169249	
0.000186	60	62	98	129	225	0.256926	0.199028	0.169903	0.204236	0.169907	
0.000178	60	62	98	129	225	0.257159	0.197119	0.170380	0.204776	0.170566	
0.000170	60	62	98	129	225	0.257393	0.195210	0.170856	0.205316	0.171225	
0.000163	60	62	98	129	225	0.257626	0.193301	0.171333	0.205857	0.171883	
0.000155	60	62	98	129	225	0.257860	0.191392	0.171809	0.206397	0.172542	
0.000147	60	62	98	129	225	0.258093	0.189483	0.172286	0.206937	0.173201	
0.000139	60	62	98	129	225	0.258327	0.187574	0.172762	0.207478	0.173860	
0.000131	60	62	98	129	225	0.258561	0.185665	0.173238	0.208018	0.174518	
0.000124	60	62	98	129	225	0.258794	0.183756	0.173715	0.208558	0.175177	
0.000116	60	62	98	129	225	0.259028	0.181847	0.174191	0.209098	0.175836	
0.000108	60	62	98	129	225	0.259261	0.179938	0.174668	0.209639	0.176494	
0.000100	60	62	98	129	225	0.259495	0.178029	0.175144	0.210179	0.177153	
0.000092	60	62	98	129	225	0.259728	0.176120	0.175621	0.210719	0.177812	
0.000084	60	62	98	129	225	0.259962	0.174211	0.176097	0.211260	0.178470	
0.000077	60	62	98	129	225	0.260195	0.172302	0.176574	0.211800	0.179129	
