0.010865	5										1.000000	
0.010849											
0.010833											
0.010816	5	9									0.987066	0.012934	
0.010800	5	9									0.982755	0.017245	
0.010784	5	9									0.978444	0.021556	
0.010768	5	9									0.974133	0.025867	
0.010752	5	9									0.969821	0.030179	
0.010736	5	9									0.965510	0.034490	
0.010719	5	9									0.961199	0.038801	
0.010703	5	9									0.956888	0.043112	
0.010687	5	9									0.952576	0.047424	
0.010671	5	9									0.948265	0.051735	
0.010655	5	9									0.943954	0.056046	
0.010639	5	9									0.939643	0.060357	
0.010622	5	9									0.935331	0.064669	
0.010606	5	9									0.931020	0.068980	
0.010590	5	9									0.926709	0.073291	
0.010574	5	9									0.922398	0.077602	
0.010558	5	9									0.918087	0.081913	
0.010542	5	9									0.913775	0.086225	
0.010525	5	9									0.909464	0.090536	
0.010509	5	9									0.905153	0.094847	
0.010493	5	9									0.900842	0.099158	
0.010477	5	9									0.896530	0.103470	
0.010461	5	9									0.892219	0.107781	
0.010445	5	9									0.887908	0.112092	
0.010428	5	9									0.883597	0.116403	
0.010412	5	9									0.879285	0.120715	
0.010396	5	9									0.874974	0.125026	
0.010380	5	9									0.870663	0.129337	
0.010364	5	9									0.866352	0.133648	
0.010348	5	9									0.862041	0.137959	
0.010331	5	9									0.857729	0.142271	
0.010315	5	9									0.853418	0.146582	
0.010299	5	9									0.849107	0.150893	
0.010283	5	9									0.844795	0.155205	
0.010267	5	9									0.840485	0.159515	
0.010251	5	9									0.836173	0.163827	
0.010234	5	9									0.831862	0.168138	
0.010218	5	9									0.827551	0.172449	
0.010202	5	9									0.823239	0.176761	
0.010186	5	9									0.818928	0.181072	
0.010170	5	9									0.814617	0.185383	
0.010154	5	9									0.810306	0.189694	
0.010137	5	9									0.805994	0.194006	
0.010121	5	9									0.801683	0.198317	
0.010105	5	9									0.797372	0.202628	
0.010089	5	9									0.793061	0.206939	
0.010073	5	9									0.788750	0.211250	
0.010057	5	9									0.784438	0.215562	
0.010040	5	9									0.780125	0.219875	
0.010024	5	9									0.775813	0.224187	
0.010008	5	9	29								0.775721	0.212089	0.012191	
0.009992	5	9	29								0.772601	0.211763	0.015636	
0.009976	5	9	29								0.769481	0.211437	0.019082	
0.009960	5	9	29								0.766362	0.211111	0.022527	
0.009943	5	9	29								0.763242	0.210785	0.025973	
0.009927	5	9	29								0.760122	0.210460	0.029418	
0.009911	5	9	29								0.757003	0.210134	0.032864	
0.009895	5	9	29								0.753883	0.209808	0.036309	
0.009879	5	9	29								0.750763	0.209482	0.039755	
0.009863	5	9	29								0.747644	0.209156	0.043200	
0.009846	5	9	29								0.744524	0.208831	0.046645	
0.009830	5	9	29								0.741404	0.208505	0.050091	
0.009814	5	9	29								0.738285	0.208179	0.053536	
0.009798	5	9	29								0.735165	0.207853	0.056982	
0.009782	5	9	29								0.732045	0.207527	0.060427	
0.009766	5	9	29								0.728926	0.207202	0.063873	
0.009749	5	9	29								0.725806	0.206876	0.067318	
0.009733	5	9	29								0.722686	0.206550	0.070764	
0.009717	5	9	29								0.719567	0.206224	0.074209	
0.009701	5	9	29								0.716447	0.205898	0.077655	
0.009685	5	9	29								0.713327	0.205573	0.081100	
0.009669	5	9	29								0.710208	0.205247	0.084545	
0.009652	5	9	29								0.707088	0.204921	0.087991	
0.009636	5	9	29								0.703968	0.204595	0.091436	
0.009620	5	9	29								0.700849	0.204269	0.094882	
0.009604	5	9	29								0.697729	0.203944	0.098327	
0.009588	5	9	29								0.694609	0.203618	0.101773	
0.009572	5	9	29								0.691490	0.203292	0.105218	
0.009555	5	9	29								0.688370	0.202966	0.108664	
0.009539	5	9	29								0.685251	0.202640	0.112109	
0.009523	5	9	29								0.682131	0.202315	0.115555	
0.009507	5	9	29								0.679011	0.201989	0.119000	
0.009491	5	9	29								0.675892	0.201663	0.122445	
0.009474	5	9	29								0.672772	0.201337	0.125891	
0.009458	5	9	29								0.669652	0.201011	0.129336	
0.009442	5	9	29								0.666533	0.200686	0.132782	
0.009426	5	9	29								0.663413	0.200360	0.136227	
0.009410	5	9	29								0.660293	0.200034	0.139673	
0.009394	5	9	29								0.657174	0.199708	0.143118	
0.009377	5	9	29								0.654054	0.199382	0.146564	
0.009361	5	9	29								0.650934	0.199057	0.150009	
0.009345	5	9	29								0.647815	0.198731	0.153455	
0.009329	5	9	29								0.644695	0.198405	0.156900	
0.009313	5	9	29								0.641575	0.198079	0.160345	
0.009297	5	9	29								0.638456	0.197753	0.163791	
0.009280	5	9	29								0.635336	0.197428	0.167236	
0.009264	5	9	29								0.632216	0.197102	0.170682	
0.009248	5	9	29								0.629097	0.196776	0.174127	
0.009232	5	9	29								0.625977	0.196450	0.177573	
0.009216	5	9	29								0.622857	0.196124	0.181018	
0.009200	5	9	29								0.619738	0.195799	0.184464	
0.009183	5	9	29								0.616618	0.195473	0.187909	
0.009167	5	9	29								0.613498	0.195147	0.191355	
0.009151	5	9	29								0.610379	0.194821	0.194800	
0.009135	5	9	29								0.607259	0.194495	0.198245	
0.009119	5	9	29								0.604139	0.194170	0.201691	
0.009103	5	9	29								0.601020	0.193844	0.205136	
0.009086	5	9	29								0.597900	0.193518	0.208582	
0.009070	5	9	29								0.594781	0.193192	0.212027	
0.009054	5	9	29								0.591661	0.192866	0.215473	
0.009038	5	9	29								0.588541	0.192541	0.218918	
0.009022	5	9	29								0.585422	0.192215	0.222364	
0.009006	5	9	29								0.582302	0.191889	0.225809	
0.008989	5	9	29								0.579182	0.191563	0.229255	
0.008973	5	9	29								0.576063	0.191237	0.232700	
0.008957	5	9	29								0.572943	0.190912	0.236145	
0.008941	5	9	29								0.569823	0.190586	0.239591	
0.008925	5	9	29								0.566704	0.190260	0.243036	
0.008909	5	9	29								0.563584	0.189934	0.246482	
0.008892	5	9	29								0.560464	0.189608	0.249927	
0.008876	5	9	29								0.557345	0.189283	0.253373	
0.008860	5	9	29								0.554225	0.188957	0.256818	
0.008844	5	9	29								0.551105	0.188631	0.260264	
0.008828	5	9	29								0.547986	0.188305	0.263709	
0.008811	5	9	29								0.544866	0.187979	0.267155	
0.008795	5	9	29								0.541746	0.187654	0.270600	
0.008779	5	9	29								0.538627	0.187328	0.274045	
0.008763	5	9	29								0.535507	0.187002	0.277491	
0.008747	5	9	29								0.532387	0.186676	0.280936	
0.008731	5	9	29								0.529268	0.186350	0.284382	
0.008714	5	9	29								0.526148	0.186025	0.287827	
0.008698	5	9	29								0.523028	0.185699	0.291273	
0.008682	5	9	29								0.519909	0.185373	0.294718	
0.008666	5	9	29								0.516789	0.185047	0.298164	
0.008650	5	9	29								0.513669	0.184721	0.301609	
0.008634	5	9	29								0.510550	0.184396	0.305055	
0.008617	5	9	29								0.507430	0.184070	0.308500	
0.008601	5	9	29								0.504310	0.183744	0.311945	
0.008585	5	9	29								0.501191	0.183418	0.315391	
0.008569	5	9	29								0.498071	0.183092	0.318836	
0.008553	5	9	29								0.494951	0.182767	0.322282	
0.008537	5	9	29								0.491832	0.182441	0.325727	
0.008520	5	9	29								0.488712	0.182115	0.329173	
0.008504	5	9	29								0.485593	0.181789	0.332618	
0.008488	5	9	29								0.482473	0.181463	0.336064	
0.008472	5	9	29								0.479353	0.181138	0.339509	
0.008456	5	9	29								0.476234	0.180812	0.342954	
0.008440	5	9	29								0.473114	0.180486	0.346400	
0.008423	5	9	29								0.469995	0.180160	0.349845	
0.008407	5	9	29								0.466875	0.179835	0.353290	
0.008391	5	9	26	29							0.466012	0.178751	0.010163	0.345074	
0.008375	5	9	26	29							0.463319	0.178282	0.012082	0.346317	
0.008359	5	9	26	29							0.460625	0.177813	0.014001	0.347560	
0.008343	5	9	26	29							0.457932	0.177344	0.015920	0.348804	
0.008326	5	9	26	29							0.455239	0.176875	0.017840	0.350047	
0.008310	5	9	26	29							0.452545	0.176406	0.019759	0.351290	
0.008294	5	9	26	29							0.449852	0.175937	0.021678	0.352533	
0.008278	5	9	26	29							0.447159	0.175468	0.023597	0.353776	
0.008262	5	9	26	29							0.444465	0.174999	0.025516	0.355019	
0.008246	5	9	26	29							0.441772	0.174530	0.027435	0.356262	
0.008229	5	9	26	29							0.439078	0.174061	0.029355	0.357506	
0.008213	5	9	26	29							0.436385	0.173593	0.031274	0.358749	
0.008197	5	9	26	29							0.433692	0.173124	0.033193	0.359992	
0.008181	5	9	26	29							0.430998	0.172655	0.035112	0.361235	
0.008165	5	9	26	29							0.428305	0.172186	0.037031	0.362478	
0.008148	5	9	26	29							0.425611	0.171717	0.038950	0.363721	
0.008132	5	9	26	29							0.422918	0.171248	0.040870	0.364965	
0.008116	5	9	26	29							0.420225	0.170779	0.042789	0.366208	
0.008100	5	9	26	29							0.417531	0.170310	0.044708	0.367451	
0.008084	5	9	26	29							0.414838	0.169841	0.046627	0.368694	
0.008068	5	9	26	29							0.412144	0.169372	0.048546	0.369937	
0.008051	5	9	26	29							0.409451	0.168903	0.050465	0.371180	
0.008035	5	9	26	29							0.406758	0.168434	0.052385	0.372423	
0.008019	5	9	26	29							0.404064	0.167965	0.054304	0.373667	
0.008003	5	9	26	29							0.401371	0.167496	0.056223	0.374910	
0.007987	5	9	26	29							0.398677	0.167028	0.058142	0.376153	
0.007971	5	9	26	29							0.395984	0.166559	0.060061	0.377396	
0.007954	5	9	26	29							0.393291	0.166090	0.061980	0.378639	
0.007938	5	9	26	29							0.390597	0.165621	0.063900	0.379882	
0.007922	5	9	26	29							0.387904	0.165152	0.065819	0.381126	
0.007906	5	9	26	29							0.385210	0.164683	0.067738	0.382369	
0.007890	5	9	26	29							0.382517	0.164214	0.069657	0.383612	
0.007874	5	9	26	29							0.379824	0.163745	0.071576	0.384855	
0.007857	5	9	26	29							0.377130	0.163276	0.073496	0.386098	
0.007841	5	9	26	29							0.374437	0.162807	0.075415	0.387341	
0.007825	5	9	26	29							0.371743	0.162338	0.077334	0.388584	
0.007809	5	9	26	29							0.369050	0.161869	0.079253	0.389828	
0.007793	5	9	26	29							0.366357	0.161400	0.081172	0.391071	
0.007777	5	9	26	29							0.363663	0.160932	0.083091	0.392314	
0.007760	5	9	26	29							0.360970	0.160463	0.085011	0.393557	
0.007744	5	9	26	29							0.358276	0.159994	0.086930	0.394800	
0.007728	5	9	26	29							0.355583	0.159525	0.088849	0.396043	
0.007712	5	9	26	29							0.352890	0.159056	0.090768	0.397286	
0.007696	5	9	26	29							0.350196	0.158587	0.092687	0.398530	
0.007680	5	9	26	29							0.347503	0.158118	0.094606	0.399773	
0.007663	5	9	26	29							0.344810	0.157649	0.096525	0.401016	
0.007647	5	9	26	29							0.342116	0.157180	0.098445	0.402259	
0.007631	5	9	26	29							0.339423	0.156711	0.100364	0.403502	
0.007615	5	9	26	29							0.336729	0.156242	0.102283	0.404745	
0.007599	5	9	26	29							0.334036	0.155773	0.104202	0.405989	
0.007583	5	9	26	29							0.331343	0.155304	0.106121	0.407232	
0.007566	5	9	26	29							0.328649	0.154835	0.108041	0.408475	
0.007550	5	9	26	29							0.325956	0.154367	0.109960	0.409718	
0.007534	5	9	26	29							0.323262	0.153898	0.111879	0.410961	
0.007518	5	9	26	29							0.320569	0.153429	0.113798	0.412204	
0.007502	5	9	26	29							0.317876	0.152960	0.115717	0.413447	
0.007486	5	9	26	29							0.315182	0.152491	0.117636	0.414691	
0.007469	5	9	26	29							0.312489	0.152022	0.119556	0.415934	
0.007453	5	9	26	29							0.309795	0.151553	0.121475	0.417177	
0.007437	5	9	26	29							0.307102	0.151084	0.123394	0.418420	
0.007421	5	9	26	29							0.304409	0.150615	0.125313	0.419663	
0.007405	5	9	26	29							0.301715	0.150146	0.127232	0.420906	
0.007388	5	9	26	29							0.299022	0.149677	0.129151	0.422150	
0.007372	5	9	26	29							0.296328	0.149208	0.131071	0.423393	
0.007356	5	9	26	29							0.293635	0.148739	0.132990	0.424636	
0.007340	5	9	26	29							0.290942	0.148271	0.134909	0.425879	
0.007324	5	9	26	29							0.288248	0.147802	0.136828	0.427122	
0.007308	5	9	26	29							0.285555	0.147333	0.138747	0.428365	
0.007291	5	9	26	29							0.282861	0.146864	0.140666	0.429608	
0.007275	5	9	26	29							0.280168	0.146395	0.142586	0.430852	
0.007259	5	9	26	29							0.277475	0.145926	0.144505	0.432095	
0.007243	5	9	26	29							0.274781	0.145457	0.146424	0.433338	
0.007227	5	9	26	29							0.272088	0.144988	0.148343	0.434581	
0.007211	5	9	26	29							0.269395	0.144519	0.150262	0.435824	
0.007194	5	9	26	29							0.266701	0.144050	0.152181	0.437067	
0.007178	5	9	26	29							0.264008	0.143581	0.154101	0.438311	
0.007162	5	9	26	29							0.261314	0.143112	0.156020	0.439554	
0.007146	5	9	26	29							0.258621	0.142643	0.157939	0.440797	
0.007130	5	9	26	29							0.255928	0.142174	0.159858	0.442040	
0.007114	5	9	26	29							0.253234	0.141706	0.161777	0.443283	
0.007097	5	9	26	29							0.250541	0.141237	0.163696	0.444526	
0.007081	5	9	26	29							0.247847	0.140768	0.165616	0.445769	
0.007065	5	9	26	29							0.245154	0.140299	0.167535	0.447013	
0.007049	5	9	26	29							0.242461	0.139830	0.169454	0.448256	
0.007033	5	9	26	29							0.239767	0.139361	0.171373	0.449499	
0.007017	5	9	26	29							0.237074	0.138892	0.173292	0.450742	
0.007000	5	9	26	29							0.234381	0.138423	0.175211	0.451985	
0.006984	5	9	26	29							0.231688	0.137954	0.177130	0.453228	
0.006968	5	9	26	29							0.228995	0.137485	0.179049	0.454471	
0.006952	5	9	26	28	29						0.232774	0.136807	0.173700	0.011453	0.445266	
0.006936	5	9	26	28	29						0.231515	0.136292	0.174009	0.013991	0.444194	
0.006920	5	9	26	28	29						0.230257	0.135776	0.174317	0.016529	0.443122	
0.006903	5	9	26	28	29						0.228998	0.135261	0.174625	0.019066	0.442049	
0.006887	5	9	26	28	29						0.227739	0.134746	0.174934	0.021604	0.440977	
0.006871	5	9	26	28	29						0.226480	0.134230	0.175242	0.024142	0.439905	
0.006855	5	9	26	28	29						0.225221	0.133715	0.175551	0.026680	0.438833	
0.006839	5	9	26	28	29						0.223963	0.133200	0.175859	0.029218	0.437761	
0.006823	5	9	26	28	29						0.222704	0.132684	0.176168	0.031756	0.436688	
0.006806	5	9	26	28	29						0.221445	0.132169	0.176476	0.034294	0.435616	
0.006790	5	9	26	28	29						0.220186	0.131654	0.176785	0.036832	0.434544	
0.006774	5	9	26	28	29						0.218927	0.131138	0.177093	0.039370	0.433472	
0.006758	5	9	26	28	29						0.217669	0.130623	0.177401	0.041907	0.432400	
0.006742	5	9	26	28	29						0.216410	0.130108	0.177710	0.044445	0.431327	
0.006726	5	9	26	28	29						0.215151	0.129592	0.178018	0.046983	0.430255	
0.006709	5	9	26	28	29						0.213892	0.129077	0.178327	0.049521	0.429183	
0.006693	5	9	26	28	29						0.212633	0.128562	0.178635	0.052059	0.428111	
0.006677	5	9	26	28	29						0.211375	0.128046	0.178944	0.054597	0.427039	
0.006661	5	9	26	28	29						0.210116	0.127531	0.179252	0.057135	0.425966	
0.006645	5	9	26	28	29						0.208857	0.127016	0.179560	0.059673	0.424894	
0.006629	5	9	26	28	29						0.207598	0.126500	0.179869	0.062210	0.423822	
0.006612	5	9	26	28	29						0.206339	0.125985	0.180177	0.064749	0.422750	
0.006596	5	9	26	28	29						0.205081	0.125470	0.180486	0.067286	0.421677	
0.006580	5	9	26	28	29						0.203822	0.124954	0.180794	0.069824	0.420605	
0.006564	5	9	26	28	29						0.202563	0.124439	0.181103	0.072362	0.419533	
0.006548	5	9	26	28	29						0.201304	0.123924	0.181411	0.074901	0.418461	
0.006532	5	9	26	28	29						0.200045	0.123408	0.181720	0.077439	0.417388	
0.006515	5	9	15	26	28	29					0.199154	0.121561	0.010552	0.180563	0.074812	0.413357	
0.006499	5	9	15	26	28	29					0.197948	0.120856	0.012049	0.180664	0.076618	0.411865	
0.006483	5	9	15	26	28	29					0.196741	0.120152	0.013547	0.180765	0.078423	0.410373	
0.006467	5	9	15	26	28	29					0.195534	0.119448	0.015044	0.180865	0.080228	0.408881	
0.006451	5	9	15	26	28	29					0.194328	0.118743	0.016542	0.180966	0.082033	0.407389	
0.006435	5	9	15	26	28	29					0.193121	0.118039	0.018039	0.181066	0.083838	0.405897	
0.006418	5	9	15	26	28	29					0.191914	0.117335	0.019537	0.181167	0.085643	0.404404	
0.006402	5	9	15	26	28	29					0.190708	0.116630	0.021034	0.181268	0.087448	0.402912	
0.006386	5	9	15	26	28	29					0.189501	0.115926	0.022531	0.181368	0.089253	0.401420	
0.006370	5	9	15	26	28	29					0.188294	0.115221	0.024029	0.181469	0.091059	0.399928	
0.006354	5	9	15	26	28	29					0.187088	0.114517	0.025526	0.181569	0.092864	0.398436	
0.006337	5	9	15	26	28	29					0.185881	0.113813	0.027024	0.181670	0.094669	0.396944	
0.006321	5	9	15	26	28	29					0.184674	0.113108	0.028521	0.181770	0.096474	0.395452	
0.006305	5	9	15	26	28	29					0.183468	0.112404	0.030019	0.181871	0.098279	0.393959	
0.006289	5	9	15	26	28	29					0.182261	0.111699	0.031516	0.181972	0.100084	0.392467	
0.006273	5	9	15	26	28	29					0.181054	0.110995	0.033014	0.182072	0.101889	0.390975	
0.006257	5	9	15	26	28	29					0.179848	0.110291	0.034511	0.182173	0.103694	0.389483	
0.006240	5	9	15	26	28	29					0.178641	0.109586	0.036009	0.182273	0.105500	0.387991	
0.006224	5	9	15	26	28	29					0.177435	0.108882	0.037506	0.182374	0.107305	0.386499	
0.006208	5	9	15	26	28	29					0.176228	0.108177	0.039004	0.182475	0.109110	0.385007	
0.006192	5	9	15	26	28	29					0.175021	0.107473	0.040501	0.182575	0.110915	0.383514	
0.006176	5	9	15	26	28	29					0.173815	0.106769	0.041999	0.182676	0.112720	0.382022	
0.006160	5	9	15	26	28	29					0.172608	0.106064	0.043496	0.182776	0.114525	0.380530	
0.006143	5	9	15	26	28	29					0.171401	0.105360	0.044994	0.182877	0.116330	0.379038	
0.006127	5	9	15	26	28	29					0.170195	0.104656	0.046491	0.182978	0.118136	0.377546	
0.006111	5	9	15	26	28	29					0.168988	0.103951	0.047988	0.183078	0.119941	0.376054	
0.006095	5	9	15	26	28	29					0.167781	0.103247	0.049486	0.183179	0.121746	0.374561	
0.006079	5	9	15	26	28	29					0.166575	0.102542	0.050983	0.183279	0.123551	0.373069	
0.006063	5	9	15	26	28	29					0.165368	0.101838	0.052481	0.183380	0.125356	0.371577	
0.006046	5	9	15	26	28	29					0.164161	0.101134	0.053978	0.183480	0.127161	0.370085	
0.006030	5	9	15	26	28	29					0.162955	0.100429	0.055476	0.183581	0.128966	0.368593	
0.006014	5	9	15	26	28	29					0.161748	0.099725	0.056973	0.183682	0.130772	0.367101	
0.005998	5	9	15	26	28	29					0.160541	0.099020	0.058471	0.183782	0.132577	0.365608	
0.005982	5	9	15	26	28	29					0.159335	0.098316	0.059968	0.183883	0.134382	0.364116	
0.005966	5	9	15	26	28	29					0.158128	0.097612	0.061466	0.183983	0.136187	0.362624	
0.005949	5	9	15	26	28	29					0.156921	0.096907	0.062963	0.184084	0.137992	0.361132	
0.005933	5	9	15	26	28	29					0.155715	0.096203	0.064461	0.184185	0.139797	0.359640	
0.005917	5	9	15	26	28	29					0.154508	0.095498	0.065958	0.184285	0.141602	0.358148	
0.005901	5	9	15	26	28	29					0.153302	0.094794	0.067456	0.184386	0.143408	0.356656	
0.005885	5	9	15	26	28	29					0.152095	0.094090	0.068953	0.184486	0.145213	0.355163	
0.005869	5	9	15	26	28	29					0.150888	0.093385	0.070450	0.184587	0.147018	0.353671	
0.005852	5	9	15	26	28	29					0.149682	0.092681	0.071948	0.184688	0.148823	0.352179	
0.005836	5	9	15	26	28	29					0.148475	0.091976	0.073445	0.184788	0.150628	0.350687	
0.005820	5	9	15	26	28	29					0.147268	0.091272	0.074943	0.184889	0.152433	0.349195	
0.005804	5	9	15	26	28	29					0.146062	0.090568	0.076440	0.184989	0.154238	0.347703	
0.005788	5	9	15	26	28	29					0.144855	0.089863	0.077938	0.185090	0.156043	0.346211	
0.005772	5	9	15	26	28	29					0.143648	0.089159	0.079435	0.185190	0.157849	0.344718	
0.005755	5	9	15	26	28	29					0.142442	0.088455	0.080933	0.185291	0.159654	0.343226	
0.005739	5	9	15	26	28	29					0.141235	0.087750	0.082430	0.185392	0.161459	0.341734	
0.005723	5	9	15	26	28	29					0.140028	0.087046	0.083928	0.185492	0.163264	0.340242	
0.005707	5	9	15	26	28	29					0.138822	0.086341	0.085425	0.185593	0.165069	0.338750	
0.005691	5	9	15	26	28	29					0.137615	0.085637	0.086923	0.185693	0.166874	0.337258	
0.005675	5	9	15	26	28	29					0.136409	0.084933	0.088420	0.185794	0.168679	0.335765	
0.005658	5	9	15	26	28	29					0.135202	0.084228	0.089918	0.185895	0.170485	0.334273	
0.005642	5	9	15	26	28	29					0.133995	0.083524	0.091415	0.185995	0.172290	0.332781	
0.005626	5	9	15	26	28	29					0.132789	0.082819	0.092912	0.186096	0.174095	0.331289	
0.005610	5	9	15	26	28	29					0.131582	0.082115	0.094410	0.186196	0.175900	0.329797	
0.005594	5	9	15	26	28	29					0.130375	0.081411	0.095907	0.186297	0.177705	0.328305	
0.005578	5	9	15	26	28	29					0.129169	0.080706	0.097405	0.186398	0.179510	0.326813	
0.005561	5	9	15	26	28	29					0.127962	0.080002	0.098902	0.186498	0.181315	0.325320	
0.005545	5	9	15	26	28	29					0.126755	0.079297	0.100400	0.186599	0.183121	0.323828	
0.005529	5	9	15	26	28	29					0.125549	0.078593	0.101897	0.186699	0.184926	0.322336	
0.005513	5	9	15	26	28	29					0.124342	0.077889	0.103395	0.186800	0.186731	0.320844	
0.005497	5	9	15	26	28	29					0.123135	0.077184	0.104892	0.186901	0.188536	0.319352	
0.005481	5	9	15	26	28	29					0.121929	0.076480	0.106390	0.187001	0.190341	0.317860	
0.005464	5	9	15	26	28	29					0.120722	0.075775	0.107887	0.187102	0.192146	0.316367	
0.005448	5	9	15	26	28	29					0.119515	0.075071	0.109385	0.187202	0.193951	0.314875	
0.005432	5	9	15	26	28	29					0.118309	0.074367	0.110882	0.187303	0.195756	0.313383	
0.005416	5	9	15	26	28	29					0.117102	0.073662	0.112380	0.187403	0.197562	0.311891	
0.005400	5	9	15	26	28	29					0.115895	0.072958	0.113877	0.187504	0.199367	0.310399	
0.005384	5	9	15	26	28	29					0.114689	0.072254	0.115374	0.187605	0.201172	0.308907	
0.005367	5	9	15	26	28	29					0.113482	0.071549	0.116872	0.187705	0.202977	0.307415	
0.005351	5	9	15	26	28	29					0.112276	0.070845	0.118369	0.187806	0.204782	0.305922	
0.005335	5	9	15	26	28	29					0.111069	0.070140	0.119867	0.187906	0.206587	0.304430	
0.005319	5	9	15	26	28	29					0.109862	0.069436	0.121364	0.188007	0.208392	0.302938	
0.005303	5	9	15	26	28	29					0.108656	0.068732	0.122862	0.188108	0.210197	0.301446	
0.005286	5	9	15	26	28	29					0.107449	0.068027	0.124359	0.188208	0.212003	0.299954	
0.005270	5	9	15	26	28	29					0.106242	0.067323	0.125857	0.188309	0.213808	0.298462	
0.005254	5	9	15	26	28	29					0.105036	0.066618	0.127354	0.188409	0.215613	0.296970	
0.005238	5	9	15	26	28	29					0.103829	0.065914	0.128852	0.188510	0.217418	0.295477	
0.005222	5	9	15	26	28	29					0.102622	0.065210	0.130349	0.188611	0.219223	0.293985	
0.005206	5	9	15	26	28	29					0.101416	0.064505	0.131846	0.188711	0.221028	0.292493	
0.005189	5	9	15	26	28	29					0.100209	0.063801	0.133344	0.188812	0.222833	0.291001	
0.005173	5	9	15	26	28	29					0.099003	0.063097	0.134841	0.188912	0.224638	0.289509	
0.005157	5	9	15	26	28	29	31				0.099745	0.062680	0.128843	0.187586	0.222877	0.287213	0.011056	
0.005141	5	9	15	26	28	29	31				0.098805	0.062015	0.129315	0.187491	0.224194	0.285611	0.012570	
0.005125	5	9	15	26	28	29	31				0.097865	0.061350	0.129786	0.187396	0.225511	0.284009	0.014083	
0.005109	5	9	15	26	28	29	31				0.096925	0.060685	0.130258	0.187301	0.226827	0.282407	0.015596	
0.005092	5	9	15	26	28	29	31				0.095985	0.060020	0.130729	0.187206	0.228144	0.280805	0.017109	
0.005076	5	9	15	26	28	29	31				0.095045	0.059355	0.131201	0.187112	0.229461	0.279203	0.018623	
0.005060	5	9	15	26	28	29	31				0.094106	0.058690	0.131673	0.187017	0.230778	0.277601	0.020136	
0.005044	5	9	15	26	28	29	31				0.093166	0.058025	0.132144	0.186922	0.232095	0.275999	0.021649	
0.005028	5	9	15	26	28	29					0.088143	0.056757	0.148318	0.189818	0.240884	0.276080	
0.005012	5	9	15	26	28	29					0.086936	0.056053	0.149816	0.189918	0.242689	0.274588	
0.004995	5	9	15	26	28	29					0.085730	0.055348	0.151313	0.190019	0.244494	0.273096	
0.004979	5	9	15	26	28	29	31				0.089406	0.055365	0.134030	0.186543	0.237363	0.269591	0.027702	
0.004963	5	9	15	26	28	29	31				0.088466	0.054700	0.134502	0.186448	0.238680	0.267988	0.029216	
0.004947	5	9	15	26	28	29	31				0.087526	0.054035	0.134973	0.186354	0.239997	0.266386	0.030729	
0.004931	5	9	15	26	28	29	30	31			0.087282	0.054446	0.131717	0.185146	0.239220	0.265259	0.010712	0.026217	
0.004915	5	9	15	26	28	29	30	31			0.086449	0.053947	0.131616	0.184880	0.240216	0.263729	0.012358	0.026805	
0.004898	5	9	15	26	28	29	30	31			0.085616	0.053447	0.131514	0.184615	0.241211	0.262200	0.014004	0.027392	
0.004882	5	9	15	26	28	29	30	31			0.084783	0.052948	0.131413	0.184349	0.242206	0.260671	0.015650	0.027980	
0.004866	5	9	15	26	28	29	30	31			0.083950	0.052448	0.131312	0.184083	0.243201	0.259142	0.017297	0.028567	
0.004850	5	9	15	26	28	29	31				0.081887	0.050045	0.137803	0.185785	0.247899	0.256774	0.039808	
0.004834	5	9	15	26	28	29	31				0.080947	0.049380	0.138274	0.185690	0.249215	0.255172	0.041322	
0.004818	5	9	15	26	28	29	31				0.080007	0.048715	0.138746	0.185595	0.250532	0.253570	0.042835	
0.004801	5	9	15	26	28	29	31				0.079067	0.048050	0.139217	0.185501	0.251849	0.251968	0.044348	
0.004785	5	9	15	26	28	29	31				0.078127	0.047385	0.139689	0.185406	0.253166	0.250365	0.045861	
0.004769	5	9	15	26	28	29	31				0.077188	0.046720	0.140161	0.185311	0.254483	0.248763	0.047375	
0.004753	5	9	15	26	28	29	31				0.076248	0.046055	0.140632	0.185216	0.255800	0.247161	0.048888	
0.004737	5	9	15	26	28	29	31				0.075308	0.045390	0.141104	0.185122	0.257117	0.245559	0.050401	
0.004721	5	9	15	26	28	29	31				0.074368	0.044725	0.141575	0.185027	0.258434	0.243957	0.051914	
0.004704	5	9	13	15	26	28	29	31			0.072811	0.044294	0.011617	0.139586	0.184704	0.258164	0.237700	0.051125	
0.004688	5	9	15	26	28	29	30	31			0.074788	0.046953	0.130197	0.181160	0.254149	0.242321	0.035403	0.035029	
0.004672	5	9	15	26	28	29	30	31			0.073955	0.046454	0.130096	0.180894	0.255144	0.240792	0.037049	0.035616	
0.004656	5	9	15	26	28	29	30	31			0.073122	0.045954	0.129994	0.180628	0.256139	0.239263	0.038695	0.036204	
0.004640	5	9	15	26	28	29	30	31			0.072289	0.045455	0.129893	0.180363	0.257135	0.237734	0.040342	0.036791	
0.004624	5	9	13	15	26	28	29	30	31		0.070800	0.045039	0.010737	0.127977	0.180023	0.256921	0.231843	0.040666	0.035993	
0.004607	5	9	13	15	26	28	29	30	31		0.069921	0.044545	0.011480	0.127750	0.179752	0.257833	0.230012	0.042221	0.036485	
0.004591	5	9	13	15	26	28	29	30	31		0.069043	0.044051	0.012223	0.127524	0.179481	0.258745	0.228181	0.043776	0.036977	
0.004575	5	9	13	15	26	28	29	30	31		0.068165	0.043557	0.012966	0.127297	0.179211	0.259656	0.226350	0.045330	0.037468	
0.004559	5	9	13	15	26	28	29	30	31		0.067286	0.043064	0.013709	0.127070	0.178940	0.260568	0.224519	0.046885	0.037960	
0.004543	5	9	13	15	26	28	29	30	31		0.066408	0.042570	0.014452	0.126843	0.178669	0.261479	0.222688	0.048440	0.038451	
0.004527	5	9	13	15	26	28	29	30	31		0.065529	0.042076	0.015195	0.126616	0.178398	0.262391	0.220857	0.049994	0.038943	
0.004510	5	9	13	15	26	28	29	30	31		0.064651	0.041582	0.015938	0.126389	0.178127	0.263303	0.219027	0.051549	0.039435	
0.004494	5	9	13	15	26	28	29	30	31		0.063773	0.041089	0.016680	0.126162	0.177856	0.264214	0.217196	0.053103	0.039926	
0.004478	5	9	13	15	26	28	29	30	31		0.062894	0.040595	0.017423	0.125936	0.177585	0.265126	0.215365	0.054658	0.040418	
0.004462	5	9	13	15	26	28	29	30	31		0.062016	0.040101	0.018166	0.125709	0.177315	0.266038	0.213534	0.056213	0.040909	
0.004446	5	9	13	15	26	28	29	30	31		0.061138	0.039607	0.018909	0.125482	0.177044	0.266949	0.211703	0.057767	0.041401	
0.004430	5	9	13	15	26	28	29	30	31		0.060259	0.039113	0.019652	0.125255	0.176773	0.267861	0.209872	0.059322	0.041893	
0.004413	5	9	13	15	26	28	29	30	31		0.059381	0.038620	0.020395	0.125028	0.176502	0.268772	0.208041	0.060877	0.042384	
0.004397	5	9	13	15	26	28	29	30	31		0.058503	0.038126	0.021138	0.124801	0.176231	0.269684	0.206210	0.062431	0.042876	
0.004381	5	9	13	15	26	28	29	30	31		0.057624	0.037632	0.021881	0.124574	0.175960	0.270596	0.204379	0.063986	0.043367	
0.004365	5	9	13	15	26	28	29	30	31		0.056746	0.037138	0.022624	0.124347	0.175690	0.271507	0.202548	0.065541	0.043859	
0.004349	5	9	15	26	28	29	30	31			0.057295	0.036463	0.128069	0.175579	0.275049	0.210209	0.069971	0.047365	
0.004333	5	9	15	26	28	29	30	31			0.056462	0.035963	0.127968	0.175313	0.276044	0.208679	0.071617	0.047952	
0.004316	5	9	15	26	28	29	30	31			0.055629	0.035464	0.127866	0.175048	0.277039	0.207150	0.073263	0.048540	
0.004300	5	9	15	26	28	29	30	31			0.054796	0.034964	0.127765	0.174782	0.278035	0.205621	0.074909	0.049127	
0.004284	5	9	15	26	28	29	30	31			0.053963	0.034465	0.127664	0.174516	0.279030	0.204092	0.076555	0.049715	
0.004268	5	9	15	26	28	29	30	31			0.053131	0.033965	0.127562	0.174251	0.280025	0.202563	0.078201	0.050302	
0.004252	5	9	15	26	28	29	30	31			0.052298	0.033466	0.127461	0.173985	0.281020	0.201034	0.079847	0.050890	
0.004235	5	9	15	26	28	29	30	31			0.051465	0.032966	0.127360	0.173719	0.282015	0.199504	0.081493	0.051477	
0.004219	5	9	13	15	16	26	28	29	30	31	0.050769	0.033593	0.025809	0.121099	0.010242	0.173089	0.276281	0.188950	0.074469	0.045700	
0.004203	5	9	13	15	16	26	28	29	30	31	0.050123	0.033207	0.026129	0.120727	0.011478	0.172798	0.276779	0.187466	0.075413	0.045880	
0.004187	5	9	13	15	16	26	28	29	30	31	0.049478	0.032822	0.026450	0.120354	0.012714	0.172507	0.277276	0.185983	0.076357	0.046059	
0.004171	5	9	13	15	16	26	28	29	30	31	0.048832	0.032437	0.026770	0.119982	0.013950	0.172217	0.277774	0.184499	0.077300	0.046239	
0.004155	5	9	13	15	16	26	28	29	30	31	0.048186	0.032051	0.027090	0.119609	0.015186	0.171926	0.278272	0.183016	0.078244	0.046419	
0.004138	5	9	13	15	16	26	28	29	30	31	0.047541	0.031666	0.027411	0.119237	0.016422	0.171636	0.278769	0.181532	0.079188	0.046599	
0.004122	5	9	13	15	16	26	28	29	30	31	0.046895	0.031281	0.027731	0.118865	0.017657	0.171345	0.279267	0.180049	0.080131	0.046779	
0.004106	5	9	13	15	16	26	28	29	30	31	0.046249	0.030895	0.028052	0.118492	0.018893	0.171055	0.279765	0.178565	0.081075	0.046959	
0.004090	5	9	13	15	16	26	28	29	30	31	0.045603	0.030510	0.028372	0.118120	0.020129	0.170764	0.280262	0.177082	0.082019	0.047139	
0.004074	5	9	13	15	16	26	28	29	30	31	0.044958	0.030124	0.028693	0.117747	0.021365	0.170474	0.280760	0.175598	0.082963	0.047318	
0.004058	5	9	13	15	16	26	28	29	30	31	0.044312	0.029739	0.029013	0.117375	0.022601	0.170183	0.281258	0.174115	0.083906	0.047498	
0.004041	5	9	13	15	16	26	28	29	30	31	0.043666	0.029354	0.029333	0.117002	0.023837	0.169892	0.281755	0.172631	0.084850	0.047678	
0.004025	5	9	13	15	16	26	28	29	30	31	0.043021	0.028968	0.029654	0.116630	0.025072	0.169602	0.282253	0.171148	0.085794	0.047858	
0.004009	5	9	13	15	16	26	28	29	30	31	0.042375	0.028583	0.029974	0.116257	0.026308	0.169311	0.282751	0.169665	0.086737	0.048038	
0.003993	5	9	13	15	16	26	28	29	30	31	0.041729	0.028197	0.030295	0.115885	0.027544	0.169021	0.283248	0.168181	0.087681	0.048218	
0.003977	5	9	13	15	16	26	28	29	30	31	0.041084	0.027812	0.030615	0.115513	0.028780	0.168730	0.283746	0.166698	0.088625	0.048398	
0.003961	5	9	13	15	16	26	28	29	30	31	0.040438	0.027427	0.030936	0.115140	0.030016	0.168440	0.284244	0.165214	0.089569	0.048577	
0.003944	5	9	13	15	16	26	28	29	30	31	0.039792	0.027041	0.031256	0.114768	0.031252	0.168149	0.284741	0.163731	0.090512	0.048757	
0.003928	5	9	13	15	16	26	28	29	30	31	0.039147	0.026656	0.031576	0.114395	0.032487	0.167859	0.285239	0.162247	0.091456	0.048937	
0.003912	5	9	13	15	16	26	28	29	30	31	0.038501	0.026271	0.031897	0.114023	0.033723	0.167568	0.285737	0.160764	0.092400	0.049117	
0.003896	5	9	13	15	16	26	28	29	30	31	0.037855	0.025885	0.032217	0.113650	0.034959	0.167277	0.286234	0.159280	0.093343	0.049297	
0.003880	5	9	13	15	16	26	28	29	30	31	0.037210	0.025500	0.032538	0.113278	0.036195	0.166987	0.286732	0.157797	0.094287	0.049477	
0.003864	5	9	13	15	16	26	28	29	30	31	0.036564	0.025114	0.032858	0.112905	0.037431	0.166696	0.287230	0.156314	0.095231	0.049657	
0.003847	5	9	13	15	16	26	28	29	30	31	0.035918	0.024729	0.033179	0.112533	0.038667	0.166406	0.287727	0.154830	0.096175	0.049837	
0.003831	5	9	13	15	16	26	28	29	30	31	0.035273	0.024344	0.033499	0.112161	0.039903	0.166115	0.288225	0.153347	0.097118	0.050016	
0.003815	5	9	13	15	16	26	28	29	30	31	0.034627	0.023958	0.033820	0.111788	0.041138	0.165825	0.288723	0.151863	0.098062	0.050196	
0.003799	5	9	13	15	16	26	28	29	30	31	0.033981	0.023573	0.034140	0.111416	0.042374	0.165534	0.289220	0.150380	0.099006	0.050376	
0.003783	5	9	13	15	16	26	28	29	30	31	0.033336	0.023188	0.034460	0.111043	0.043610	0.165244	0.289718	0.148896	0.099949	0.050556	
0.003767	5	9	13	15	16	26	28	29	30	31	0.032690	0.022802	0.034781	0.110671	0.044846	0.164953	0.290216	0.147413	0.100893	0.050736	
0.003750	5	9	13	15	16	26	28	29	30	31	0.032044	0.022417	0.035101	0.110298	0.046082	0.164662	0.290713	0.145929	0.101837	0.050916	
0.003734	5	9	13	15	16	26	28	29	30	31	0.031398	0.022031	0.035422	0.109926	0.047318	0.164372	0.291211	0.144446	0.102781	0.051096	
0.003718	5	9	13	15	16	26	28	29	30	31	0.030753	0.021646	0.035742	0.109553	0.048553	0.164081	0.291709	0.142962	0.103724	0.051275	
0.003702	5	13	15	16	26	28	29	30	31		0.034763	0.036615	0.117623	0.046877	0.164767	0.291947	0.152078	0.101200	0.054130	
0.003686	5	13	15	16	26	28	29	30	31		0.034033	0.036925	0.117097	0.048166	0.164459	0.292449	0.150403	0.102207	0.054261	
0.003670	5	13	15	16	26	28	29	30	31		0.033303	0.037236	0.116572	0.049455	0.164150	0.292951	0.148727	0.103213	0.054393	
0.003653	5	13	15	16	26	28	29	30	31		0.032573	0.037546	0.116046	0.050743	0.163842	0.293454	0.147051	0.104220	0.054524	
0.003637	5	13	15	16	26	28	29	30	31		0.031843	0.037857	0.115521	0.052032	0.163534	0.293956	0.145376	0.105226	0.054655	
0.003621	5	13	15	16	26	28	29	30	31		0.031113	0.038167	0.114995	0.053320	0.163226	0.294458	0.143700	0.106233	0.054787	
0.003605	5	13	15	16	26	28	29	30	31		0.030383	0.038477	0.114470	0.054609	0.162917	0.294961	0.142025	0.107239	0.054918	
0.003589	5	13	15	16	26	28	29	30	31		0.029653	0.038788	0.113945	0.055898	0.162609	0.295463	0.140349	0.108246	0.055050	
0.003573	5	13	15	16	26	28	29	30	31		0.028923	0.039098	0.113419	0.057186	0.162301	0.295966	0.138674	0.109253	0.055181	
0.003556	5	13	15	16	26	28	29	30	31		0.028193	0.039409	0.112894	0.058475	0.161993	0.296468	0.136998	0.110259	0.055312	
0.003540	5	13	15	16	26	28	29	30	31		0.027463	0.039719	0.112368	0.059763	0.161684	0.296970	0.135322	0.111266	0.055444	
0.003524	5	13	15	16	26	28	29	30	31		0.026732	0.040030	0.111843	0.061052	0.161376	0.297473	0.133647	0.112272	0.055575	
0.003508	5	13	15	16	26	28	29	30	31		0.026002	0.040340	0.111317	0.062341	0.161068	0.297975	0.131971	0.113279	0.055706	
0.003492	5	13	15	16	26	28	29	30	31		0.025272	0.040650	0.110792	0.063629	0.160760	0.298477	0.130296	0.114286	0.055838	
0.003476	5	13	15	16	26	28	29	30	31		0.024542	0.040961	0.110266	0.064918	0.160451	0.298980	0.128620	0.115292	0.055969	
0.003459	5	13	15	16	26	28	29	30	31		0.023812	0.041271	0.109741	0.066207	0.160143	0.299482	0.126945	0.116299	0.056101	
0.003443	5	13	15	16	26	28	29	30	31		0.023082	0.041582	0.109215	0.067495	0.159835	0.299985	0.125269	0.117305	0.056232	
0.003427	5	13	15	16	26	28	29	30	31		0.022352	0.041892	0.108690	0.068784	0.159527	0.300487	0.123593	0.118312	0.056363	
0.003411	5	13	15	16	26	28	29	30	31		0.021622	0.042203	0.108164	0.070073	0.159218	0.300989	0.121918	0.119318	0.056495	
0.003395	5	13	15	16	26	28	29	30	31		0.020892	0.042513	0.107639	0.071361	0.158910	0.301492	0.120242	0.120325	0.056626	
0.003379	5	13	15	16	26	28	29	30	31		0.020162	0.042823	0.107114	0.072650	0.158602	0.301994	0.118567	0.121331	0.056757	
0.003362	5	13	15	16	26	28	29	30	31		0.019432	0.043134	0.106588	0.073938	0.158294	0.302496	0.116891	0.122338	0.056889	
0.003346	5	13	15	16	26	28	29	30	31		0.018702	0.043444	0.106063	0.075227	0.157985	0.302999	0.115215	0.123345	0.057020	
0.003330	5	13	15	16	26	28	29	30	31		0.017971	0.043755	0.105537	0.076516	0.157677	0.303501	0.113540	0.124351	0.057152	
0.003314	5	13	15	16	17	26	28	29	30	31	0.019437	0.044200	0.101460	0.071080	0.020510	0.157226	0.297611	0.115140	0.116335	0.057002	
0.003298	5	9	13	15	16	26	28	29	30	31	0.013965	0.011626	0.044073	0.099870	0.080685	0.156527	0.304648	0.104393	0.128261	0.055952	
0.003282	5	9	13	15	16	26	28	29	30	31	0.013319	0.011241	0.044394	0.099498	0.081921	0.156236	0.305146	0.102909	0.129204	0.056132	
0.003265	5	13	15	16	17	26	28	29	30	31	0.017495	0.045146	0.099482	0.074186	0.022830	0.156285	0.298395	0.110483	0.118335	0.057364	
0.003249	5	9	13	15	16	26	28	29	30	31	0.012028	0.010470	0.045035	0.098753	0.084393	0.155655	0.306141	0.099942	0.131092	0.056491	
0.003233	9	13	15	16	17	26	28	29	30	31	0.017344	0.053979	0.100663	0.069635	0.020049	0.158727	0.297197	0.108478	0.122428	0.051501	
0.003217	9	13	15	16	17	26	28	29	30	31	0.016683	0.053961	0.099885	0.070944	0.020998	0.158287	0.297528	0.106860	0.122990	0.051864	
0.003201	9	13	15	16	17	26	28	29	30	31	0.016023	0.053943	0.099108	0.072253	0.021947	0.157847	0.297860	0.105243	0.123551	0.052227	
0.003185	9	13	15	16	17	26	28	29	30	31	0.015363	0.053925	0.098330	0.073562	0.022896	0.157407	0.298191	0.103625	0.124112	0.052589	
0.003168	5	13	15	16	17	26	28	29	30	31	0.013611	0.047039	0.095526	0.080396	0.027469	0.154403	0.299963	0.101171	0.122333	0.058089	
0.003152	2	13	15	16	17	26	28	29	30	31	0.014356	0.049712	0.101913	0.072340	0.023569	0.156534	0.298319	0.108608	0.120256	0.054393	
0.003136	2	13	15	16	17	26	28	29	30	31	0.014244	0.049629	0.100784	0.073838	0.024580	0.156031	0.298677	0.106559	0.120942	0.054716	
0.003120	13	15	16	17	26	28	29	30	31		0.056108	0.102401	0.075133	0.025489	0.157093	0.299006	0.105626	0.124373	0.054771	
0.003104	13	15	16	17	26	28	29	30	31		0.055973	0.101251	0.076632	0.026500	0.156578	0.299364	0.103569	0.125037	0.055096	
0.003088	13	15	16	17	26	28	29	30	31		0.055838	0.100100	0.078131	0.027512	0.156063	0.299722	0.101511	0.125701	0.055421	
0.003071	13	15	16	17	26	28	29	30	31		0.055703	0.098950	0.079631	0.028524	0.155548	0.300080	0.099454	0.126365	0.055746	
0.003055	13	15	16	17	26	28	29	30	31		0.055568	0.097799	0.081130	0.029536	0.155033	0.300438	0.097396	0.127030	0.056071	
0.003039	13	15	16	17	26	28	29	30	31		0.055433	0.096649	0.082630	0.030547	0.154518	0.300796	0.095339	0.127694	0.056396	
0.003023	13	15	16	17	26	28	29	30	31		0.055297	0.095498	0.084129	0.031559	0.154003	0.301154	0.093281	0.128358	0.056721	
0.003007	13	15	16	17	26	28	29	30	31		0.055162	0.094348	0.085628	0.032571	0.153487	0.301512	0.091223	0.129022	0.057046	
0.002990	13	15	16	17	26	28	29	30	31		0.055027	0.093197	0.087128	0.033583	0.152972	0.301870	0.089166	0.129686	0.057371	
0.002974	13	15	16	17	26	28	29	30	31		0.054892	0.092047	0.088627	0.034594	0.152457	0.302227	0.087108	0.130350	0.057696	
0.002958	13	15	16	17	26	28	29	30	31		0.054757	0.090897	0.090126	0.035606	0.151942	0.302585	0.085051	0.131015	0.058021	
0.002942	13	15	16	17	26	28	29	30	31		0.054622	0.089746	0.091626	0.036618	0.151427	0.302943	0.082993	0.131679	0.058346	
0.002926	13	15	16	17	26	28	29	30	31		0.054487	0.088596	0.093125	0.037630	0.150912	0.303301	0.080936	0.132343	0.058670	
0.002910	13	15	16	17	26	28	29	30	31		0.054352	0.087445	0.094624	0.038641	0.150397	0.303659	0.078878	0.133007	0.058995	
0.002893	13	15	16	17	26	28	29	30	31		0.054217	0.086295	0.096124	0.039653	0.149882	0.304017	0.076821	0.133671	0.059320	
0.002877	13	15	16	17	26	28	29	30	31		0.054082	0.085144	0.097623	0.040665	0.149367	0.304375	0.074763	0.134335	0.059645	
0.002861	13	15	16	17	26	28	29	30	31		0.053947	0.083994	0.099123	0.041677	0.148852	0.304733	0.072706	0.135000	0.059970	
0.002845	13	15	16	17	26	28	29	30	31		0.053812	0.082843	0.100622	0.042688	0.148337	0.305091	0.070648	0.135664	0.060295	
0.002829	2	13	15	16	17	26	28	29	30	31	0.012117	0.048051	0.079338	0.102295	0.043788	0.146481	0.305473	0.067634	0.133975	0.060849	
0.002813	2	13	15	16	17	26	28	29	30	31	0.012005	0.047968	0.078210	0.103793	0.044799	0.145978	0.305830	0.065585	0.134661	0.061172	
0.002796	2	13	15	16	17	26	28	29	30	31	0.011893	0.047885	0.077081	0.105290	0.045810	0.145475	0.306188	0.063537	0.135346	0.061494	
