0.001146	34	44	62	180	188	273	299	332	372	415	0.084660	0.045272	0.060470	0.132901	0.091437	0.079750	0.173914	0.170999	0.129401	0.031195	
0.001165	28	34	44	62	180	208	299	307	332	372	0.043374	0.095381	0.044644	0.078121	0.126263	0.076401	0.173590	0.047522	0.193810	0.120893	
0.001185	28	34	44	62	180	208	299	307	332	372	0.045291	0.098384	0.042874	0.079455	0.125039	0.074329	0.174138	0.048031	0.192515	0.119944	
0.001205	34	44	62	180	188	254	273	299	332	372	0.081447	0.053873	0.059508	0.128173	0.088513	0.045344	0.062558	0.179345	0.174498	0.126740	
0.001224	34	39	44	62	180	188	273	299	332	372	0.083188	0.020071	0.048312	0.071174	0.139988	0.093772	0.054831	0.179923	0.186500	0.122241	
0.001244	34	44	62	180	188	254	273	299	332	372	0.086482	0.050398	0.060306	0.125887	0.088554	0.045237	0.069920	0.178141	0.170731	0.124345	
0.001264	34	44	62	180	188	254	273	299	332	372	0.088999	0.048660	0.060704	0.124744	0.088575	0.045184	0.073602	0.177538	0.168847	0.123147	
0.001283	28	34	44	62	180	188	273	299	332	372	0.032268	0.074750	0.049231	0.066149	0.138371	0.088857	0.056986	0.184469	0.185825	0.123094	
0.001303	28	34	44	62	180	188	273	299	332	372	0.033652	0.076394	0.047628	0.066539	0.137507	0.088704	0.059828	0.183838	0.184118	0.121792	
0.001323	28	34	62	180	188	273	299	332	372	415	0.046239	0.062623	0.080461	0.133408	0.084694	0.082108	0.175564	0.168297	0.126875	0.039731	
0.001342	28	34	44	62	180	188	273	299	332	372	0.036422	0.079682	0.044422	0.067317	0.135779	0.088400	0.065513	0.182575	0.180703	0.119188	
0.001362	28	34	44	62	180	188	273	299	332	372	0.037806	0.081326	0.042818	0.067706	0.134914	0.088248	0.068355	0.181944	0.178996	0.117885	
0.001382	28	34	44	62	180	188	273	299	332	372	0.039191	0.082970	0.041215	0.068096	0.134050	0.088095	0.071197	0.181313	0.177289	0.116583	
0.001401	28	34	44	62	180	188	273	299	332	372	0.040576	0.084614	0.039612	0.068485	0.133186	0.087943	0.074039	0.180682	0.175582	0.115281	
0.001421	28	34	44	62	180	188	273	299	332	372	0.041960	0.086258	0.038009	0.068874	0.132322	0.087791	0.076881	0.180050	0.173875	0.113979	
0.001441	28	34	44	62	180	188	273	299	332	372	0.043345	0.087902	0.036406	0.069263	0.131458	0.087638	0.079724	0.179419	0.172168	0.112676	
0.001460	28	34	44	62	180	188	273	299	332	372	0.044730	0.089546	0.034803	0.069653	0.130594	0.087486	0.082566	0.178788	0.170461	0.111374	
0.001480	28	34	62	180	188	273	299	307	332	372	0.043079	0.072240	0.085166	0.128233	0.081010	0.070354	0.182714	0.045295	0.176384	0.115525	
0.001500	28	34	62	180	188	273	299	307	332	372	0.044613	0.074702	0.084641	0.127226	0.080872	0.073645	0.181434	0.045417	0.173928	0.113520	
0.001519	28	34	62	180	188	273	299	307	332	372	0.046147	0.077164	0.084116	0.126220	0.080735	0.076937	0.180155	0.045539	0.171473	0.111515	
0.001539	28	34	62	180	188	273	299	307	332	372	0.047681	0.079625	0.083590	0.125214	0.080598	0.080229	0.178875	0.045661	0.169017	0.109509	
0.001559	28	34	62	180	188	273	299	307	332	372	0.049215	0.082086	0.083065	0.124208	0.080462	0.083520	0.177594	0.045786	0.166561	0.107504	
0.001578	28	34	62	180	188	273	299	307	332	372	0.050749	0.084548	0.082539	0.123201	0.080324	0.086812	0.176314	0.045907	0.164106	0.105499	
0.001598	28	34	62	180	188	273	299	307	332	372	0.052283	0.087009	0.082014	0.122195	0.080187	0.090104	0.175035	0.046029	0.161650	0.103494	
0.001618	28	34	62	180	188	273	299	307	332	372	0.053817	0.089471	0.081488	0.121189	0.080050	0.093395	0.173755	0.046151	0.159195	0.101488	
0.001637	28	34	62	180	188	273	299	307	332	372	0.055351	0.091932	0.080963	0.120183	0.079912	0.096687	0.172475	0.046273	0.156740	0.099483	
0.001657	28	34	62	180	188	273	299	307	332	372	0.056885	0.094394	0.080438	0.119177	0.079775	0.099979	0.171196	0.046396	0.154284	0.097478	
0.001677	28	34	62	180	188	273	299	307	332	372	0.058419	0.096856	0.079912	0.118170	0.079638	0.103271	0.169916	0.046518	0.151829	0.095472	
0.001696	28	34	62	180	188	273	299	307	332	372	0.059953	0.099317	0.079387	0.117164	0.079501	0.106563	0.168636	0.046640	0.149373	0.093467	
0.001716	28	34	62	180	188	273	299	307	332	372	0.061487	0.101779	0.078861	0.116158	0.079363	0.109854	0.167357	0.046762	0.146918	0.091462	
0.001736	28	34	62	133	180	188	273	299	332	372	0.051623	0.081190	0.086748	0.037854	0.119945	0.081871	0.095013	0.178639	0.164190	0.102927	
0.001755	28	34	62	133	180	188	273	299	332	372	0.052540	0.082293	0.086487	0.039916	0.118974	0.081573	0.097025	0.177591	0.162408	0.101193	
0.001775	28	34	62	133	180	188	273	299	332	372	0.053457	0.083398	0.086225	0.041976	0.118003	0.081274	0.099038	0.176544	0.160627	0.099458	
0.001795	28	34	62	133	180	188	273	299	332	372	0.054373	0.084502	0.085963	0.044036	0.117032	0.080976	0.101051	0.175498	0.158845	0.097724	
0.001814	28	34	62	133	180	188	273	299	332	372	0.055290	0.085606	0.085702	0.046096	0.116061	0.080677	0.103064	0.174451	0.157064	0.095989	
0.001834	28	34	62	133	180	188	273	299	332	372	0.056206	0.086711	0.085440	0.048157	0.115090	0.080378	0.105077	0.173405	0.155282	0.094254	
0.001854	28	34	62	133	180	188	273	299	332	372	0.057122	0.087815	0.085179	0.050217	0.114119	0.080079	0.107090	0.172358	0.153501	0.092519	
0.001873	28	34	62	133	180	188	273	299	332	372	0.058039	0.088919	0.084917	0.052277	0.113148	0.079781	0.109103	0.171311	0.151719	0.090785	
0.001893	28	34	62	133	180	188	273	299	332	372	0.058955	0.090024	0.084656	0.054338	0.112177	0.079482	0.111116	0.170265	0.149938	0.089050	
0.001913	28	34	62	133	180	188	273	299	332	372	0.059872	0.091128	0.084394	0.056398	0.111206	0.079183	0.113129	0.169218	0.148156	0.087315	
0.001932	28	34	62	133	180	188	273	299	332	372	0.060788	0.092232	0.084132	0.058458	0.110235	0.078884	0.115142	0.168171	0.146375	0.085581	
0.001952	28	34	62	133	180	188	273	299	332	372	0.061705	0.093337	0.083871	0.060519	0.109264	0.078586	0.117155	0.167124	0.144594	0.083846	
0.001971	28	34	62	133	180	188	273	299	332	372	0.062621	0.094441	0.083609	0.062579	0.108294	0.078287	0.119167	0.166078	0.142812	0.082111	
0.001991	28	34	62	133	180	188	273	299	332	372	0.063538	0.095545	0.083348	0.064640	0.107323	0.077988	0.121180	0.165031	0.141031	0.080377	
0.002011	28	34	62	133	180	188	273	299	332	372	0.064454	0.096650	0.083086	0.066700	0.106352	0.077690	0.123193	0.163984	0.139249	0.078642	
0.002030	28	34	62	133	180	273	299	332	344	372	0.052934	0.110669	0.093553	0.057699	0.134006	0.104909	0.181590	0.163511	0.015366	0.085763	
0.002050	28	34	62	133	180	273	299	332	344	372	0.053353	0.111745	0.093267	0.059306	0.133576	0.106165	0.180538	0.161992	0.015906	0.084152	
0.002070	28	34	62	133	180	273	299	332	344	372	0.053773	0.112820	0.092982	0.060913	0.133146	0.107420	0.179486	0.160472	0.016446	0.082542	
0.002089	28	34	62	133	180	273	299	307	332	344	0.056215	0.109626	0.092588	0.056904	0.135397	0.105352	0.192280	0.057897	0.176495	0.017246	
0.002109	28	34	62	133	180	273	299	307	332	344	0.056581	0.110762	0.092180	0.058559	0.134794	0.106533	0.190645	0.057808	0.174334	0.017806	
0.002129	28	34	62	133	180	273	299	307	332	344	0.056946	0.111898	0.091771	0.060214	0.134191	0.107714	0.189010	0.057719	0.172173	0.018365	
0.002148	28	34	62	133	180	273	299	307	332	344	0.057312	0.113034	0.091363	0.061869	0.133588	0.108895	0.187374	0.057629	0.170011	0.018924	
0.002168	28	34	62	133	180	273	299	307	332	344	0.057678	0.114169	0.090955	0.063524	0.132985	0.110077	0.185739	0.057540	0.167850	0.019484	
0.002188	28	34	62	133	180	273	299	307	332	344	0.058044	0.115305	0.090546	0.065178	0.132382	0.111258	0.184104	0.057451	0.165689	0.020043	
0.002207	28	34	62	133	180	273	299	307	332	344	0.058409	0.116441	0.090138	0.066833	0.131779	0.112439	0.182469	0.057361	0.163527	0.020603	
0.002227	28	34	62	133	180	273	299	307	332	344	0.058775	0.117577	0.089729	0.068488	0.131175	0.113620	0.180834	0.057272	0.161366	0.021162	
0.002247	28	34	62	133	180	273	299	307	332	344	0.059141	0.118713	0.089321	0.070143	0.130572	0.114801	0.179199	0.057183	0.159205	0.021722	
0.002266	28	34	62	133	180	273	299	307	332	344	0.059506	0.119849	0.088913	0.071798	0.129969	0.115983	0.177564	0.057094	0.157043	0.022281	
0.002286	28	34	62	133	180	273	299	307	332	344	0.059872	0.120984	0.088504	0.073453	0.129366	0.117164	0.175929	0.057004	0.154882	0.022841	
0.002306	28	34	62	133	180	273	299	307	332	344	0.060238	0.122120	0.088096	0.075108	0.128763	0.118345	0.174294	0.056915	0.152721	0.023400	
0.002325	28	34	62	133	180	273	299	307	332	344	0.060604	0.123256	0.087687	0.076763	0.128160	0.119526	0.172659	0.056826	0.150560	0.023960	
0.002345	28	34	62	133	188	273	299	332	344	376	0.061558	0.103912	0.095306	0.065743	0.101695	0.094579	0.167456	0.171791	0.022776	0.115186	
0.002365	28	34	62	133	188	273	299	332	344	376	0.061978	0.104676	0.094808	0.067203	0.101418	0.095563	0.164787	0.169713	0.023384	0.116469	
0.002384	28	34	62	133	188	273	299	332	344	376	0.062398	0.105440	0.094311	0.068662	0.101142	0.096547	0.162119	0.167635	0.023992	0.117753	
0.002404	28	34	62	133	188	273	299	332	344	376	0.062819	0.106203	0.093814	0.070122	0.100866	0.097532	0.159451	0.165557	0.024601	0.119036	
0.002424	28	34	62	133	188	273	299	332	344	376	0.063239	0.106967	0.093317	0.071582	0.100589	0.098516	0.156783	0.163479	0.025209	0.120319	
0.002443	28	34	62	133	188	273	299	332	344	376	0.063659	0.107731	0.092820	0.073042	0.100313	0.099500	0.154115	0.161401	0.025817	0.121603	
0.002463	28	34	62	133	188	273	299	332	344	376	0.064079	0.108494	0.092323	0.074502	0.100037	0.100485	0.151447	0.159323	0.026425	0.122886	
0.002483	28	34	62	133	188	273	299	332	344	376	0.064499	0.109258	0.091825	0.075962	0.099760	0.101469	0.148779	0.157245	0.027033	0.124169	
0.002502	28	34	62	133	188	273	299	332	344	376	0.064919	0.110022	0.091328	0.077422	0.099484	0.102454	0.146111	0.155167	0.027641	0.125453	
0.002522	28	34	62	133	188	273	299	332	344	376	0.065340	0.110785	0.090831	0.078882	0.099208	0.103438	0.143442	0.153089	0.028249	0.126736	
0.002542	34	62	133	163	178	180	273	299	332	344	0.124330	0.071590	0.076624	0.094362	0.059463	0.119182	0.115076	0.170681	0.140882	0.027810	
0.002561	34	51	62	133	178	180	273	299	332	344	0.129787	0.053098	0.078844	0.063655	0.053793	0.132629	0.112759	0.193636	0.157059	0.024739	
0.002581	28	34	62	133	188	273	299	332	344	376	0.066600	0.113076	0.089340	0.083262	0.098379	0.106391	0.135438	0.146855	0.030074	0.130586	
0.002601	28	34	62	133	188	273	299	332	344	376	0.067020	0.113840	0.088842	0.084722	0.098102	0.107375	0.132770	0.144777	0.030682	0.131869	
0.002620	28	34	62	133	188	273	299	332	344	376	0.067441	0.114603	0.088345	0.086182	0.097826	0.108360	0.130102	0.142699	0.031290	0.133152	
0.002640	28	34	62	133	178	273	299	332	344	376	0.056905	0.121721	0.097768	0.074671	0.040656	0.097578	0.182624	0.178073	0.024617	0.125386	
0.002660	28	34	62	133	178	273	299	332	344	376	0.056941	0.122167	0.097091	0.075708	0.041678	0.098188	0.180520	0.176243	0.025110	0.126354	
0.002679	28	34	62	133	178	273	299	332	344	376	0.056976	0.122613	0.096413	0.076745	0.042701	0.098797	0.178415	0.174414	0.025603	0.127322	
0.002699	28	34	62	133	178	273	299	332	344	376	0.057012	0.123059	0.095736	0.077782	0.043723	0.099407	0.176310	0.172584	0.026096	0.128290	
0.002719	28	34	62	133	178	273	299	332	344	376	0.057048	0.123505	0.095059	0.078819	0.044746	0.100017	0.174206	0.170754	0.026589	0.129258	
0.002738	28	34	62	133	178	273	299	332	344	376	0.057083	0.123951	0.094382	0.079856	0.045768	0.100626	0.172101	0.168924	0.027082	0.130226	
0.002758	28	34	62	133	178	273	299	332	344	376	0.057119	0.124397	0.093705	0.080893	0.046791	0.101236	0.169996	0.167095	0.027575	0.131194	
0.002778	28	34	62	133	178	273	299	332	344	376	0.057154	0.124843	0.093027	0.081930	0.047813	0.101846	0.167892	0.165265	0.028067	0.132162	
0.002797	28	34	62	133	178	273	299	332	344	376	0.057190	0.125289	0.092350	0.082967	0.048836	0.102455	0.165787	0.163435	0.028560	0.133130	
0.002817	28	34	62	133	178	273	299	332	344	376	0.057225	0.125735	0.091673	0.084004	0.049858	0.103065	0.163683	0.161605	0.029053	0.134098	
0.002837	28	34	62	133	178	273	299	332	344	376	0.057261	0.126181	0.090996	0.085041	0.050881	0.103675	0.161578	0.159776	0.029546	0.135066	
0.002856	28	34	62	133	178	273	299	332	344	376	0.057297	0.126627	0.090318	0.086078	0.051903	0.104285	0.159473	0.157946	0.030039	0.136034	
0.002876	28	34	62	133	178	273	299	332	344	376	0.057332	0.127073	0.089641	0.087115	0.052926	0.104894	0.157369	0.156116	0.030532	0.137002	
0.002896	28	34	62	133	178	273	299	332	344	376	0.057368	0.127519	0.088964	0.088152	0.053948	0.105504	0.155264	0.154286	0.031025	0.137970	
0.002915	28	34	62	133	178	273	299	332	344	376	0.057403	0.127965	0.088287	0.089189	0.054971	0.106114	0.153159	0.152457	0.031518	0.138938	
0.002935	28	34	62	133	178	273	299	332	344	376	0.057439	0.128411	0.087610	0.090226	0.055993	0.106723	0.151055	0.150627	0.032011	0.139906	
0.002954	28	34	62	133	178	273	299	332	344	376	0.057474	0.128857	0.086932	0.091263	0.057016	0.107333	0.148950	0.148797	0.032504	0.140874	
0.002974	34	51	62	133	178	273	299	332	344	376	0.142298	0.061279	0.082830	0.076286	0.067852	0.099597	0.164523	0.147907	0.032835	0.124592	
0.002994	34	51	62	133	178	273	299	332	344	376	0.142714	0.061989	0.082126	0.077101	0.068815	0.100072	0.162432	0.145997	0.033274	0.125479	
0.003013	34	51	62	133	178	273	299	332	344	376	0.143130	0.062700	0.081423	0.077915	0.069778	0.100547	0.160341	0.144087	0.033713	0.126366	
0.003033	34	51	133	178	188	273	299	332	344	376	0.132398	0.065990	0.069708	0.070398	0.112938	0.112839	0.148186	0.125703	0.035226	0.126615	
0.003053	34	51	133	178	188	273	299	332	344	376	0.132826	0.066681	0.070594	0.071346	0.112378	0.113185	0.146016	0.123809	0.035667	0.127498	
0.003072	34	51	133	178	188	273	299	332	344	376	0.133254	0.067371	0.071480	0.072294	0.111818	0.113532	0.143846	0.121915	0.036109	0.128380	
0.003092	34	51	133	178	188	273	299	332	344	376	0.133683	0.068062	0.072366	0.073241	0.111257	0.113879	0.141677	0.120021	0.036551	0.129263	
0.003112	34	51	133	178	188	273	299	332	344	376	0.134112	0.068752	0.073252	0.074189	0.110697	0.114225	0.139508	0.118127	0.036992	0.130145	
0.003131	34	51	133	178	188	273	299	332	344	376	0.134540	0.069443	0.074138	0.075137	0.110137	0.114572	0.137338	0.116233	0.037434	0.131028	
0.003151	34	51	133	178	188	273	299	332	344	376	0.134969	0.070134	0.075024	0.076085	0.109576	0.114919	0.135169	0.114339	0.037876	0.131910	
0.003171	34	51	133	178	188	273	299	332	344	376	0.135398	0.070824	0.075910	0.077032	0.109016	0.115265	0.132999	0.112445	0.038317	0.132793	
0.003190	34	51	133	178	188	273	299	332	344	376	0.135826	0.071515	0.076796	0.077980	0.108456	0.115612	0.130830	0.110551	0.038759	0.133675	
0.003210	34	51	133	178	188	273	299	332	344	376	0.136255	0.072205	0.077682	0.078928	0.107895	0.115959	0.128660	0.108656	0.039201	0.134558	
0.003230	34	51	133	178	188	273	299	332	344	376	0.136684	0.072896	0.078568	0.079876	0.107335	0.116306	0.126491	0.106762	0.039642	0.135440	
0.003249	34	51	133	178	188	273	299	332	344	376	0.137113	0.073586	0.079454	0.080823	0.106774	0.116652	0.124322	0.104868	0.040084	0.136323	
0.003269	34	51	133	178	188	273	299	332	344	376	0.137541	0.074277	0.080340	0.081771	0.106214	0.116999	0.122152	0.102974	0.040526	0.137205	
0.003289	34	51	133	178	188	273	299	332	344	376	0.137970	0.074967	0.081226	0.082719	0.105654	0.117346	0.119983	0.101080	0.040967	0.138088	
0.003308	34	51	133	178	188	273	299	332	344	376	0.138399	0.075658	0.082112	0.083667	0.105093	0.117692	0.117813	0.099186	0.041409	0.138970	
0.003328	34	51	133	178	188	273	299	332	344	376	0.138827	0.076348	0.082998	0.084614	0.104533	0.118039	0.115644	0.097292	0.041851	0.139853	
0.003348	34	51	133	178	188	273	299	332	344	376	0.139256	0.077039	0.083884	0.085562	0.103973	0.118386	0.113474	0.095398	0.042293	0.140735	
0.003367	34	51	133	178	188	273	299	332	344	376	0.139685	0.077729	0.084770	0.086510	0.103412	0.118733	0.111305	0.093504	0.042734	0.141618	
0.003387	34	51	133	178	188	273	299	332	344	376	0.140113	0.078420	0.085656	0.087457	0.102852	0.119079	0.109136	0.091610	0.043176	0.142500	
0.003407	34	51	133	178	188	273	299	332	344	376	0.140542	0.079111	0.086542	0.088405	0.102292	0.119426	0.106966	0.089716	0.043618	0.143383	
0.003426	34	51	133	178	188	273	299	332	344	376	0.140971	0.079801	0.087428	0.089353	0.101731	0.119773	0.104797	0.087822	0.044059	0.144265	
0.003446	34	51	133	178	188	273	299	332	344	376	0.141400	0.080492	0.088314	0.090301	0.101171	0.120119	0.102627	0.085927	0.044501	0.145148	
0.003466	34	51	133	178	188	273	299	332	344	376	0.141828	0.081182	0.089201	0.091248	0.100611	0.120466	0.100458	0.084033	0.044943	0.146030	
0.003485	34	51	64	133	178	273	299	332	344	376	0.156919	0.069193	0.031143	0.076887	0.089264	0.116488	0.158579	0.120444	0.034173	0.146910	
0.003505	34	51	64	133	178	273	299	332	344	376	0.157159	0.069710	0.031593	0.077549	0.090084	0.116655	0.156495	0.118500	0.034510	0.147745	
0.003525	34	51	64	133	178	273	299	332	344	376	0.157399	0.070228	0.032044	0.078211	0.090904	0.116821	0.154410	0.116556	0.034848	0.148579	
0.003544	34	51	64	133	178	188	273	299	344	376	0.136524	0.077687	0.030195	0.073160	0.079549	0.135565	0.127567	0.168149	0.035853	0.135751	
0.003564	34	51	64	133	178	188	273	299	344	376	0.136894	0.078064	0.030702	0.073912	0.080557	0.134282	0.127415	0.165119	0.036219	0.136835	
0.003584	34	51	64	133	178	188	273	299	344	376	0.137263	0.078440	0.031209	0.074665	0.081565	0.133000	0.127263	0.162089	0.036585	0.137920	
0.003603	34	51	64	133	178	188	273	299	344	376	0.137633	0.078817	0.031716	0.075417	0.082572	0.131718	0.127111	0.159060	0.036951	0.139004	
0.003623	34	51	64	133	178	188	273	299	344	376	0.138003	0.079194	0.032223	0.076169	0.083580	0.130436	0.126959	0.156030	0.037317	0.140089	
0.003643	34	51	64	133	178	188	273	299	344	376	0.138373	0.079570	0.032730	0.076922	0.084588	0.129153	0.126807	0.153000	0.037683	0.141174	
0.003662	34	51	64	133	178	188	273	299	344	376	0.138743	0.079947	0.033237	0.077674	0.085595	0.127871	0.126655	0.149970	0.038049	0.142258	
0.003682	34	51	64	133	178	188	273	299	344	376	0.139113	0.080323	0.033744	0.078427	0.086603	0.126589	0.126503	0.146940	0.038415	0.143343	
0.003702	34	51	64	133	178	188	273	299	344	376	0.139482	0.080700	0.034251	0.079179	0.087611	0.125307	0.126351	0.143910	0.038781	0.144428	
0.003721	34	51	64	133	178	188	273	299	344	376	0.139852	0.081077	0.034758	0.079931	0.088619	0.124025	0.126199	0.140881	0.039147	0.145512	
0.003741	34	51	64	133	178	188	273	299	344	376	0.140222	0.081453	0.035265	0.080684	0.089626	0.122742	0.126047	0.137851	0.039512	0.146597	
0.003761	34	51	64	133	178	188	273	299	344	376	0.140592	0.081830	0.035772	0.081436	0.090634	0.121460	0.125895	0.134821	0.039878	0.147682	
0.003780	34	51	64	133	178	188	273	299	344	376	0.140961	0.082207	0.036279	0.082189	0.091641	0.120178	0.125743	0.131792	0.040244	0.148766	
0.003800	34	51	64	133	178	188	273	299	344	376	0.141331	0.082583	0.036786	0.082941	0.092649	0.118896	0.125591	0.128762	0.040610	0.149850	
0.003820	34	51	64	133	178	188	273	299	344	376	0.141701	0.082960	0.037293	0.083694	0.093657	0.117614	0.125439	0.125732	0.040976	0.150935	
0.003839	34	51	64	133	178	188	273	299	344	376	0.142071	0.083337	0.037800	0.084446	0.094664	0.116332	0.125287	0.122702	0.041342	0.152020	
0.003859	34	51	64	133	178	188	273	299	344	376	0.142441	0.083713	0.038307	0.085198	0.095672	0.115049	0.125135	0.119672	0.041708	0.153104	
0.003879	34	51	64	133	178	188	273	299	344	376	0.142810	0.084090	0.038814	0.085951	0.096680	0.113767	0.124983	0.116643	0.042074	0.154189	
0.003898	28	34	51	64	133	178	188	273	344	376	0.060045	0.131622	0.082985	0.033812	0.081989	0.069137	0.154406	0.134688	0.038797	0.212520	
0.003918	28	34	51	64	133	178	188	273	344	376	0.059738	0.131947	0.083222	0.034519	0.082841	0.070632	0.151627	0.134151	0.039153	0.212170	
0.003937	28	34	51	64	133	178	188	273	344	376	0.059432	0.132272	0.083459	0.035227	0.083693	0.072127	0.148848	0.133613	0.039508	0.211821	
0.003957	28	34	51	64	133	178	188	273	344	376	0.059125	0.132598	0.083697	0.035935	0.084546	0.073622	0.146069	0.133076	0.039863	0.211471	
0.003977	28	34	51	64	133	178	188	273	344	376	0.058819	0.132923	0.083934	0.036643	0.085398	0.075116	0.143289	0.132539	0.040218	0.211122	
0.003996	28	34	51	64	133	178	188	273	344	376	0.058512	0.133248	0.084171	0.037350	0.086250	0.076611	0.140510	0.132001	0.040573	0.210772	
0.004016	28	34	51	64	133	178	188	273	344	376	0.058205	0.133574	0.084408	0.038058	0.087103	0.078106	0.137731	0.131464	0.040928	0.210423	
0.004036	28	34	51	64	133	178	188	273	344	376	0.057899	0.133899	0.084646	0.038766	0.087955	0.079601	0.134952	0.130926	0.041283	0.210073	
0.004055	34	51	64	123	133	178	188	273	344	376	0.108175	0.088705	0.036481	0.066770	0.074925	0.088833	0.154614	0.132632	0.044681	0.204185	
0.004075	51	64	123	133	178	188	273	344	376	422	0.080383	0.035280	0.090853	0.074309	0.079162	0.176008	0.146827	0.043525	0.219971	0.053682	
0.004095	51	64	123	133	178	188	273	344	376	422	0.080443	0.035956	0.091407	0.074915	0.080352	0.173100	0.146237	0.043840	0.219498	0.054251	
0.004114	51	64	123	133	178	188	273	344	376	422	0.080503	0.036633	0.091961	0.075520	0.081542	0.170192	0.145648	0.044154	0.219026	0.054820	
0.004134	51	64	123	133	178	188	273	344	376	422	0.080563	0.037309	0.092516	0.076126	0.082733	0.167284	0.145058	0.044469	0.218554	0.055389	
0.004154	51	64	123	133	178	188	273	344	376	422	0.080623	0.037986	0.093070	0.076732	0.083923	0.164376	0.144468	0.044783	0.218081	0.055958	
0.004173	51	64	123	133	178	188	273	344	376	422	0.080683	0.038663	0.093624	0.077337	0.085114	0.161468	0.143879	0.045098	0.217609	0.056526	
0.004193	51	64	123	133	178	188	273	344	376	422	0.080743	0.039339	0.094178	0.077943	0.086304	0.158560	0.143289	0.045412	0.217136	0.057095	
0.004213	34	51	64	133	178	188	273	305	344	376	0.145008	0.082593	0.038501	0.092131	0.100072	0.119117	0.127237	0.048683	0.047524	0.199134	
0.004232	51	64	123	133	178	188	273	344	376	422	0.080863	0.040692	0.095286	0.079154	0.088685	0.152744	0.142110	0.046041	0.216192	0.058233	
0.004252	34	51	133	178	188	244	273	344	376	422	0.125661	0.084588	0.101449	0.092099	0.106546	0.056601	0.130377	0.051450	0.196617	0.054611	
0.004272	51	64	123	133	178	188	273	344	376	395	0.084500	0.042501	0.089524	0.084243	0.097230	0.132413	0.138561	0.046538	0.208520	0.075969	
0.004291	34	51	64	133	178	188	273	344	376	395	0.129989	0.088698	0.042720	0.094858	0.098225	0.101011	0.131189	0.049824	0.189820	0.073666	
0.004311	34	51	64	123	178	188	273	313	344	376	0.110293	0.095232	0.054499	0.092557	0.114759	0.103936	0.100437	0.059089	0.045338	0.223859	
0.004331	34	51	64	123	178	188	273	313	344	376	0.110197	0.095509	0.055294	0.093376	0.116264	0.101101	0.099805	0.059152	0.045652	0.223650	
0.004350	34	51	64	123	178	188	313	344	376	422	0.105072	0.092614	0.054046	0.093224	0.103743	0.122083	0.078795	0.049515	0.247484	0.053424	
0.004370	34	51	64	133	178	188	273	344	376	395	0.129716	0.089125	0.045439	0.097958	0.103280	0.088798	0.129040	0.051110	0.187865	0.077668	
0.004390	51	123	133	178	232	244	273	344	376	422	0.081457	0.088235	0.109974	0.077645	0.114791	0.055490	0.141708	0.046337	0.229005	0.055357	
0.004409	51	123	133	178	232	244	273	344	376	422	0.081330	0.088639	0.110510	0.079362	0.112689	0.056818	0.140317	0.046833	0.227462	0.056040	
0.004429	51	123	133	178	232	244	273	344	376	422	0.081203	0.089044	0.111045	0.081078	0.110588	0.058146	0.138925	0.047330	0.225918	0.056723	
0.004449	51	123	133	178	232	244	273	344	376	422	0.081076	0.089448	0.111581	0.082794	0.108486	0.059474	0.137534	0.047826	0.224375	0.057405	
0.004468	51	123	133	178	232	244	273	344	376	422	0.080949	0.089852	0.112116	0.084511	0.106384	0.060802	0.136143	0.048323	0.222831	0.058088	
0.004488	51	123	133	178	232	244	273	344	376	422	0.080822	0.090257	0.112652	0.086227	0.104282	0.062130	0.134752	0.048820	0.221288	0.058771	
0.004508	51	123	133	178	232	244	273	344	376	422	0.080695	0.090661	0.113187	0.087943	0.102180	0.063458	0.133361	0.049316	0.219744	0.059453	
0.004527	51	123	133	178	232	244	273	344	376	422	0.080568	0.091065	0.113723	0.089659	0.100079	0.064786	0.131970	0.049813	0.218201	0.060136	
0.004547	51	123	133	178	232	244	273	344	376	422	0.080440	0.091470	0.114258	0.091376	0.097977	0.066114	0.130579	0.050309	0.216658	0.060819	
0.004567	51	123	133	178	232	244	273	344	376	422	0.080313	0.091874	0.114794	0.093092	0.095875	0.067442	0.129188	0.050806	0.215114	0.061502	
0.004586	51	123	133	178	232	244	273	344	376	422	0.080186	0.092278	0.115329	0.094808	0.093773	0.068770	0.127797	0.051302	0.213571	0.062184	
0.004606	51	123	133	178	232	244	273	344	376	422	0.080059	0.092683	0.115865	0.096525	0.091671	0.070098	0.126406	0.051799	0.212027	0.062867	
0.004626	34	51	64	133	178	244	273	344	376	422	0.153321	0.086269	0.039422	0.099966	0.099599	0.041971	0.141629	0.047482	0.227624	0.062718	
0.004645	51	64	123	133	178	244	273	344	376	422	0.084649	0.037537	0.106440	0.089461	0.096983	0.040042	0.163949	0.042733	0.267432	0.070774	
0.004665	34	51	64	123	178	273	313	344	376	422	0.108895	0.092528	0.058716	0.100123	0.113770	0.112618	0.061779	0.048097	0.236359	0.067115	
0.004685	51	64	123	133	178	273	313	344	376	422	0.080436	0.048773	0.112267	0.085353	0.103294	0.137134	0.057902	0.045033	0.258863	0.070946	
0.004704	51	64	123	133	178	273	313	344	376	422	0.080326	0.049736	0.112657	0.086036	0.104841	0.135628	0.057151	0.045560	0.256609	0.071457	
0.004724	51	64	123	133	178	273	313	344	376	422	0.080216	0.050699	0.113046	0.086719	0.106388	0.134122	0.056400	0.046087	0.254354	0.071968	
0.004744	51	64	123	133	178	273	313	344	376	422	0.080106	0.051662	0.113436	0.087402	0.107936	0.132616	0.055650	0.046614	0.252100	0.072479	
0.004763	34	51	64	123	133	178	273	344	376	422	0.103446	0.088498	0.053047	0.085537	0.091179	0.112100	0.135456	0.053172	0.209670	0.067893	
0.004783	34	51	64	123	133	178	273	344	376	422	0.101898	0.088275	0.054002	0.086352	0.091827	0.113613	0.133922	0.053613	0.208015	0.068484	
0.004803	34	51	64	123	133	178	273	344	376	422	0.100350	0.088052	0.054957	0.087166	0.092474	0.115125	0.132388	0.054053	0.206359	0.069076	
0.004822	34	51	64	123	133	178	273	344	376	422	0.098802	0.087828	0.055911	0.087981	0.093122	0.116638	0.130853	0.054494	0.204704	0.069667	
0.004842	34	51	64	123	133	178	273	344	376	422	0.097253	0.087605	0.056866	0.088795	0.093769	0.118150	0.129319	0.054935	0.203050	0.070258	
0.004862	34	51	64	123	133	178	273	344	376	422	0.095705	0.087381	0.057821	0.089610	0.094416	0.119663	0.127785	0.055375	0.201395	0.070849	
0.004881	34	51	64	123	133	178	273	344	376	422	0.094156	0.087158	0.058775	0.090424	0.095064	0.121176	0.126250	0.055816	0.199740	0.071440	
0.004901	34	51	64	123	133	178	273	344	376	422	0.092608	0.086934	0.059730	0.091239	0.095711	0.122689	0.124716	0.056257	0.198085	0.072031	
0.004920	51	64	123	133	178	273	344	373	376	422	0.078558	0.054515	0.114627	0.098489	0.120887	0.126545	0.051647	0.065037	0.218124	0.071573	
0.004940	51	64	123	133	178	273	344	373	376	422	0.078243	0.055471	0.114984	0.099042	0.122362	0.124541	0.052118	0.065441	0.215811	0.071988	
0.004960	51	64	123	133	178	273	344	373	376	422	0.077928	0.056426	0.115341	0.099595	0.123838	0.122536	0.052589	0.065845	0.213499	0.072403	
0.004979	51	64	123	133	178	273	344	373	376	422	0.077614	0.057382	0.115699	0.100147	0.125313	0.120532	0.053060	0.066250	0.211186	0.072818	
0.004999	51	64	123	133	178	273	344	373	376	422	0.077300	0.058337	0.116056	0.100700	0.126788	0.118527	0.053531	0.066654	0.208874	0.073233	
0.005019	51	64	123	133	178	273	344	373	376	422	0.076985	0.059293	0.116413	0.101253	0.128264	0.116523	0.054001	0.067058	0.206562	0.073648	
0.005038	51	64	123	133	178	273	344	373	376	422	0.076670	0.060248	0.116771	0.101806	0.129739	0.114518	0.054472	0.067462	0.204250	0.074063	
0.005058	51	64	123	133	178	273	344	373	376	422	0.076356	0.061204	0.117128	0.102359	0.131215	0.112514	0.054943	0.067866	0.201938	0.074478	
0.005078	51	64	123	133	178	273	344	373	376	422	0.076041	0.062159	0.117486	0.102912	0.132690	0.110509	0.055414	0.068271	0.199625	0.074893	
0.005097	51	64	123	133	178	244	273	344	376	422	0.075525	0.056698	0.112384	0.100928	0.128379	0.058046	0.117288	0.051874	0.218543	0.080335	
0.005117	51	64	123	133	178	273	344	373	376	422	0.075412	0.064071	0.118200	0.104018	0.135641	0.106501	0.056355	0.069079	0.195001	0.075722	
0.005137	51	64	123	133	178	244	273	344	376	422	0.074732	0.058364	0.112901	0.101925	0.131109	0.059612	0.113231	0.052669	0.214292	0.081166	
0.005156	51	64	123	133	178	244	273	344	376	422	0.074335	0.059197	0.113159	0.102424	0.132473	0.060395	0.111202	0.053066	0.212165	0.081582	
0.005176	35	51	64	123	133	178	273	344	376	422	0.042487	0.078170	0.060683	0.127976	0.100952	0.133149	0.111049	0.050962	0.212759	0.081814	
0.005196	35	51	64	123	133	178	273	344	376	422	0.043001	0.077833	0.061532	0.128417	0.101430	0.134513	0.109051	0.051334	0.210661	0.082230	
0.005215	35	51	64	123	133	178	273	344	376	422	0.043515	0.077495	0.062381	0.128858	0.101909	0.135876	0.107052	0.051706	0.208562	0.082646	
0.005235	35	51	64	123	133	178	273	344	376	422	0.044030	0.077158	0.063230	0.129299	0.102387	0.137240	0.105054	0.052078	0.206463	0.083062	
0.005255	35	51	64	123	133	178	273	344	376	422	0.044544	0.076820	0.064079	0.129740	0.102866	0.138604	0.103055	0.052450	0.204364	0.083479	
0.005274	35	51	64	123	133	178	273	344	376	422	0.045058	0.076482	0.064928	0.130181	0.103344	0.139968	0.101056	0.052822	0.202266	0.083895	
0.005294	35	51	64	123	133	178	273	344	376	422	0.045572	0.076144	0.065777	0.130622	0.103823	0.141332	0.099058	0.053193	0.200167	0.084311	
0.005314	35	51	64	123	133	178	344	373	376	422	0.044979	0.077661	0.060643	0.135325	0.102039	0.141867	0.053824	0.079801	0.229629	0.074232	
0.005333	35	51	64	123	133	178	344	373	376	422	0.045394	0.076987	0.061541	0.135540	0.102520	0.143161	0.054143	0.079756	0.226285	0.074673	
0.005353	35	51	64	123	133	178	344	373	376	422	0.045809	0.076312	0.062440	0.135755	0.103002	0.144454	0.054461	0.079711	0.222942	0.075113	
0.005373	35	51	64	123	133	178	344	373	376	422	0.046224	0.075638	0.063338	0.135971	0.103483	0.145747	0.054780	0.079667	0.219598	0.075555	
0.005392	35	51	64	123	133	178	344	373	376	422	0.046639	0.074964	0.064236	0.136186	0.103965	0.147041	0.055098	0.079622	0.216254	0.075995	
0.005412	35	51	64	123	133	178	344	373	376	422	0.047054	0.074290	0.065135	0.136401	0.104446	0.148334	0.055417	0.079577	0.212911	0.076436	
0.005432	35	51	64	123	133	178	344	373	376	422	0.047468	0.073615	0.066033	0.136617	0.104927	0.149628	0.055735	0.079532	0.209568	0.076877	
0.005451	35	51	64	123	133	178	344	373	376	422	0.047883	0.072941	0.066932	0.136832	0.105409	0.150921	0.056053	0.079487	0.206224	0.077318	
0.005471	35	51	64	123	133	178	344	373	376	422	0.048298	0.072266	0.067830	0.137047	0.105890	0.152215	0.056372	0.079442	0.202881	0.077759	
0.005491	35	51	64	123	133	178	344	373	376	422	0.048713	0.071592	0.068728	0.137263	0.106372	0.153508	0.056690	0.079397	0.199537	0.078200	
0.005510	35	51	64	123	133	178	344	373	376	422	0.049128	0.070917	0.069627	0.137478	0.106853	0.154802	0.057009	0.079352	0.196194	0.078640	
0.005530	35	51	64	123	133	178	344	373	376	422	0.049543	0.070243	0.070525	0.137693	0.107335	0.156095	0.057327	0.079307	0.192851	0.079081	
0.005550	35	51	64	123	133	178	344	373	376	422	0.049957	0.069568	0.071424	0.137909	0.107816	0.157389	0.057646	0.079262	0.189507	0.079522	
0.005569	35	51	64	123	133	178	344	373	376	422	0.050372	0.068894	0.072322	0.138124	0.108298	0.158683	0.057964	0.079217	0.186164	0.079963	
0.005589	35	51	64	123	133	178	344	373	376	422	0.050787	0.068219	0.073220	0.138339	0.108779	0.159976	0.058282	0.079172	0.182820	0.080404	
0.005609	35	51	64	123	133	178	344	373	376	422	0.051202	0.067545	0.074119	0.138555	0.109260	0.161270	0.058601	0.079127	0.179477	0.080845	
0.005628	35	51	64	123	133	178	344	373	376	422	0.051617	0.066871	0.075017	0.138770	0.109742	0.162563	0.058919	0.079082	0.176134	0.081285	
0.005648	35	51	64	123	133	178	344	373	376	422	0.052032	0.066196	0.075916	0.138985	0.110223	0.163857	0.059238	0.079037	0.172790	0.081726	
0.005668	35	51	64	123	133	178	344	373	376	422	0.052446	0.065522	0.076814	0.139201	0.110705	0.165150	0.059556	0.078993	0.169447	0.082167	
0.005687	35	51	64	123	133	178	344	373	376	422	0.052861	0.064847	0.077712	0.139416	0.111186	0.166444	0.059875	0.078948	0.166103	0.082608	
0.005707	35	64	123	133	178	276	344	373	376	422	0.049012	0.075690	0.143200	0.120345	0.150969	0.042755	0.053967	0.083621	0.196780	0.083661	
0.005727	35	64	123	133	178	276	344	373	376	422	0.049295	0.076518	0.143329	0.120649	0.152137	0.043200	0.054189	0.083355	0.193312	0.084017	
0.005746	35	64	123	133	178	276	344	373	376	422	0.049577	0.077345	0.143458	0.120952	0.153305	0.043645	0.054411	0.083090	0.189844	0.084373	
0.005766	35	64	123	133	178	276	344	373	376	422	0.049860	0.078172	0.143587	0.121255	0.154473	0.044090	0.054633	0.082825	0.186376	0.084728	
0.005786	35	64	123	133	178	276	344	373	376	422	0.050142	0.079000	0.143717	0.121559	0.155641	0.044535	0.054855	0.082560	0.182908	0.085084	
0.005805	35	64	123	133	178	276	344	373	376	422	0.050425	0.079827	0.143846	0.121862	0.156809	0.044980	0.055076	0.082295	0.179440	0.085440	
0.005825	35	64	123	133	178	276	344	373	376	422	0.050707	0.080654	0.143975	0.122165	0.157977	0.045425	0.055298	0.082030	0.175972	0.085796	
0.005844	35	64	123	133	178	276	344	373	376	422	0.050990	0.081482	0.144104	0.122469	0.159145	0.045870	0.055520	0.081765	0.172504	0.086152	
0.005864	35	64	123	133	178	276	344	373	376	422	0.051273	0.082309	0.144234	0.122772	0.160313	0.046315	0.055742	0.081500	0.169036	0.086508	
0.005884	35	64	123	133	178	276	344	373	376	422	0.051555	0.083136	0.144363	0.123076	0.161481	0.046760	0.055964	0.081235	0.165568	0.086863	
0.005903	35	64	123	133	178	276	344	373	376	422	0.051838	0.083964	0.144492	0.123379	0.162649	0.047205	0.056186	0.080970	0.162100	0.087219	
0.005923	35	64	123	133	178	276	344	373	376	422	0.052120	0.084791	0.144621	0.123682	0.163817	0.047650	0.056407	0.080705	0.158632	0.087575	
0.005943	35	64	123	133	178	276	344	373	376	422	0.052403	0.085618	0.144751	0.123986	0.164985	0.048095	0.056629	0.080440	0.155164	0.087931	
0.005962	35	64	123	133	178	276	344	373	376	422	0.052685	0.086446	0.144880	0.124289	0.166153	0.048540	0.056851	0.080174	0.151696	0.088287	
0.005982	35	64	123	133	178	276	344	373	376	422	0.052968	0.087273	0.145009	0.124592	0.167320	0.048985	0.057073	0.079909	0.148228	0.088643	
0.006002	35	64	123	133	178	276	344	373	376	422	0.053250	0.088100	0.145138	0.124896	0.168488	0.049430	0.057295	0.079644	0.144760	0.088998	
0.006021	35	64	123	133	178	276	344	373	376	422	0.053533	0.088927	0.145268	0.125199	0.169656	0.049875	0.057516	0.079379	0.141292	0.089354	
0.006041	35	64	123	133	178	276	344	373	376	422	0.053816	0.089755	0.145397	0.125502	0.170824	0.050320	0.057738	0.079114	0.137824	0.089710	
0.006061	35	64	123	133	178	276	344	373	376	422	0.054098	0.090582	0.145526	0.125806	0.171992	0.050765	0.057960	0.078849	0.134356	0.090066	
0.006080	35	64	123	133	178	276	344	373	376	422	0.054381	0.091409	0.145655	0.126109	0.173160	0.051210	0.058182	0.078584	0.130888	0.090422	
0.006100	35	64	123	133	178	276	344	373	376	422	0.054663	0.092237	0.145785	0.126413	0.174328	0.051655	0.058404	0.078319	0.127420	0.090778	
0.006120	35	64	123	133	178	244	276	344	376	422	0.050078	0.084864	0.138404	0.123855	0.168918	0.077411	0.051532	0.054350	0.153958	0.096630	
0.006139	35	64	123	133	178	244	276	344	376	422	0.050320	0.085657	0.138475	0.124128	0.170063	0.077565	0.051943	0.054554	0.150352	0.096943	
0.006159	35	64	123	133	178	276	344	373	376	422	0.055511	0.094719	0.146172	0.127323	0.177832	0.052990	0.059069	0.077524	0.117016	0.091845	
0.006179	35	64	123	133	178	276	344	373	376	422	0.055794	0.095546	0.146301	0.127626	0.179000	0.053435	0.059291	0.077259	0.113548	0.092201	
0.006198	35	64	123	133	178	276	344	373	376	422	0.056076	0.096373	0.146431	0.127929	0.180167	0.053880	0.059513	0.076994	0.110080	0.092557	
0.006218	35	64	123	133	178	244	276	344	376	422	0.051285	0.088826	0.138762	0.125220	0.174644	0.078180	0.053588	0.055372	0.135930	0.098193	
0.006238	35	64	123	133	178	276	344	373	376	422	0.056641	0.098028	0.146689	0.128536	0.182503	0.054770	0.059956	0.076463	0.103144	0.093269	
0.006257	35	64	123	133	178	276	344	373	376	422	0.056924	0.098855	0.146818	0.128839	0.183671	0.055215	0.060178	0.076198	0.099676	0.093625	
0.006277	35	64	123	133	178	276	344	373	376	422	0.057206	0.099683	0.146948	0.129143	0.184839	0.055660	0.060400	0.075933	0.096208	0.093980	
0.006297	35	64	123	133	178	276	344	373	376	422	0.057489	0.100510	0.147077	0.129446	0.186007	0.056105	0.060622	0.075668	0.092740	0.094336	
0.006316	35	64	123	133	178	276	344	373	376	422	0.057772	0.101337	0.147206	0.129749	0.187175	0.056550	0.060844	0.075403	0.089272	0.094692	
0.006336	35	64	123	133	178	276	344	373	376	422	0.058054	0.102165	0.147335	0.130053	0.188343	0.056995	0.061065	0.075138	0.085804	0.095048	
0.006356	35	64	123	133	178	276	344	373	376	422	0.058337	0.102992	0.147465	0.130356	0.189511	0.057440	0.061287	0.074873	0.082336	0.095404	
0.006375	35	64	123	133	178	276	344	373	422	442	0.050061	0.088989	0.169440	0.149523	0.183135	0.047176	0.052603	0.108809	0.076221	0.074044	
0.006395	35	64	123	133	178	276	344	373	376	422	0.058902	0.104646	0.147723	0.130963	0.191846	0.058331	0.061731	0.074343	0.075400	0.096115	
0.006415	35	64	123	133	178	276	344	373	376	422	0.059184	0.105474	0.147852	0.131266	0.193014	0.058776	0.061953	0.074078	0.071932	0.096471	
0.006434	35	64	123	133	178	276	344	373	376	422	0.059467	0.106301	0.147981	0.131569	0.194182	0.059221	0.062175	0.073812	0.068464	0.096827	
0.006454	35	64	123	133	178	276	344	373	422	442	0.051880	0.094883	0.164332	0.145212	0.188881	0.050847	0.054782	0.099391	0.075787	0.074003	
0.006474	35	64	123	133	178	276	344	373	422	442	0.052335	0.096357	0.163055	0.144135	0.190318	0.051765	0.055327	0.097037	0.075678	0.073993	
0.006493	35	64	123	133	178	276	344	373	422	442	0.052790	0.097831	0.161778	0.143057	0.191755	0.052682	0.055872	0.094682	0.075570	0.073983	
0.006513	35	64	123	133	178	276	344	373	422	442	0.053245	0.099304	0.160501	0.141980	0.193191	0.053600	0.056417	0.092328	0.075461	0.073972	
0.006533	35	64	123	133	178	276	344	373	422	442	0.053700	0.100778	0.159224	0.140902	0.194628	0.054518	0.056962	0.089974	0.075353	0.073962	
0.006552	35	64	123	133	178	276	344	373	422	442	0.054155	0.102251	0.157948	0.139825	0.196064	0.055435	0.057507	0.087619	0.075244	0.073952	
0.006572	35	64	123	133	178	276	344	373	422	442	0.054610	0.103725	0.156671	0.138747	0.197501	0.056353	0.058051	0.085265	0.075136	0.073941	
0.006592	35	64	123	133	178	276	344	373	422	442	0.055064	0.105199	0.155394	0.137670	0.198938	0.057271	0.058596	0.082910	0.075027	0.073931	
0.006611	35	64	123	133	178	276	344	373	422	442	0.055519	0.106672	0.154117	0.136592	0.200374	0.058188	0.059141	0.080556	0.074919	0.073921	
0.006631	35	64	123	133	178	276	344	373	422	442	0.055974	0.108146	0.152840	0.135515	0.201811	0.059106	0.059686	0.078202	0.074810	0.073910	
0.006651	35	64	123	133	178	276	344	373	422	442	0.056429	0.109620	0.151563	0.134437	0.203248	0.060024	0.060231	0.075847	0.074702	0.073900	
0.006670	35	64	123	133	178	276	344	373	422	442	0.056884	0.111093	0.150286	0.133360	0.204684	0.060941	0.060776	0.073493	0.074593	0.073890	
0.006690	35	64	123	133	178	276	344	373	422	442	0.057339	0.112567	0.149009	0.132282	0.206121	0.061859	0.061320	0.071139	0.074485	0.073879	
0.006710	35	64	123	133	178	276	344	373	422	442	0.057794	0.114040	0.147732	0.131205	0.207557	0.062777	0.061865	0.068784	0.074376	0.073869	
0.006729	35	64	123	133	178	244	276	344	422	442	0.051524	0.101116	0.151700	0.139467	0.199641	0.079552	0.058979	0.054885	0.082098	0.081038	
0.006749	35	64	123	133	178	244	276	344	422	442	0.051897	0.102776	0.149664	0.137753	0.201167	0.079181	0.059881	0.055536	0.081617	0.080528	
0.006769	35	64	123	133	178	244	276	344	422	442	0.052271	0.104436	0.147628	0.136039	0.202694	0.078810	0.060783	0.056187	0.081137	0.080018	
0.006788	35	64	123	133	178	244	276	344	422	442	0.052644	0.106095	0.145592	0.134325	0.204220	0.078439	0.061685	0.056838	0.080656	0.079507	
0.006808	35	64	123	133	178	244	276	344	422	442	0.053017	0.107755	0.143555	0.132611	0.205746	0.078068	0.062587	0.057489	0.080176	0.078997	
0.006827	35	64	123	133	178	244	276	344	422	442	0.053390	0.109414	0.141519	0.130897	0.207272	0.077697	0.063489	0.058140	0.079695	0.078487	
0.006847	35	64	123	133	178	244	276	344	422	442	0.053763	0.111074	0.139483	0.129183	0.208798	0.077326	0.064391	0.058791	0.079215	0.077977	
0.006867	35	64	123	133	178	244	276	344	422	442	0.054136	0.112734	0.137447	0.127470	0.210324	0.076955	0.065293	0.059442	0.078734	0.077467	
0.006886	35	64	123	133	178	244	276	344	422	442	0.054509	0.114393	0.135410	0.125756	0.211850	0.076584	0.066194	0.060093	0.078254	0.076957	
0.006906	35	64	123	133	178	244	276	344	422	442	0.054882	0.116053	0.133374	0.124042	0.213376	0.076213	0.067096	0.060744	0.077773	0.076447	
0.006926	35	64	123	133	178	244	276	344	422	442	0.055255	0.117712	0.131338	0.122328	0.214902	0.075843	0.067998	0.061395	0.077293	0.075937	
0.006945	35	64	123	133	178	244	276	344	422	442	0.055628	0.119372	0.129302	0.120614	0.216428	0.075472	0.068900	0.062046	0.076812	0.075427	
0.006965	35	64	123	133	178	244	276	344	422	442	0.056001	0.121032	0.127266	0.118900	0.217954	0.075101	0.069802	0.062696	0.076332	0.074917	
0.006985	35	64	123	133	178	244	276	344	422	442	0.056374	0.122691	0.125229	0.117186	0.219480	0.074730	0.070704	0.063347	0.075851	0.074407	
0.007004	35	64	123	133	178	244	276	344	422	442	0.056747	0.124351	0.123193	0.115473	0.221006	0.074359	0.071606	0.063998	0.075371	0.073896	
0.007024	35	64	123	133	178	244	276	344	422	442	0.057120	0.126010	0.121157	0.113759	0.222532	0.073988	0.072508	0.064649	0.074890	0.073386	
0.007044	35	64	123	133	178	244	276	344	422	442	0.057493	0.127670	0.119121	0.112045	0.224058	0.073617	0.073410	0.065300	0.074410	0.072876	
0.007063	35	64	123	133	178	244	276	344	422	442	0.057866	0.129330	0.117085	0.110331	0.225585	0.073246	0.074312	0.065951	0.073929	0.072366	
0.007083	35	64	123	133	178	244	276	344	422	442	0.058239	0.130989	0.115049	0.108617	0.227111	0.072875	0.075214	0.066602	0.073448	0.071856	
0.007103	35	64	123	133	178	244	276	344	422	442	0.058612	0.132649	0.113012	0.106903	0.228637	0.072504	0.076116	0.067253	0.072968	0.071346	
0.007122	35	64	123	133	178	244	276	344	422	442	0.058985	0.134309	0.110976	0.105190	0.230163	0.072133	0.077018	0.067904	0.072487	0.070836	
0.007142	35	64	123	133	178	244	276	344	422	442	0.059358	0.135968	0.108940	0.103476	0.231689	0.071762	0.077919	0.068555	0.072007	0.070326	
0.007162	35	64	123	133	178	244	276	344	422	442	0.059731	0.137628	0.106904	0.101762	0.233215	0.071391	0.078821	0.069206	0.071526	0.069815	
0.007181	35	64	123	133	178	244	276	344	422	442	0.060104	0.139287	0.104867	0.100048	0.234741	0.071020	0.079723	0.069857	0.071046	0.069305	
0.007201	35	64	123	133	178	244	276	344	422	442	0.060477	0.140947	0.102831	0.098334	0.236267	0.070649	0.080625	0.070508	0.070565	0.068795	
0.007221	35	64	123	133	178	244	276	344	422	442	0.060850	0.142607	0.100795	0.096620	0.237793	0.070279	0.081527	0.071159	0.070085	0.068285	
0.007240	35	64	123	133	178	244	276	344	422	442	0.061223	0.144266	0.098759	0.094907	0.239319	0.069908	0.082429	0.071810	0.069604	0.067775	
0.007260	35	64	123	133	178	244	276	344	422	442	0.061597	0.145926	0.096723	0.093193	0.240845	0.069537	0.083331	0.072461	0.069124	0.067265	
0.007280	35	64	123	133	178	244	276	344	422	442	0.061970	0.147585	0.094686	0.091479	0.242371	0.069166	0.084233	0.073112	0.068643	0.066755	
0.007299	35	64	123	133	178	244	276	344	422	442	0.062343	0.149245	0.092650	0.089765	0.243897	0.068795	0.085135	0.073763	0.068163	0.066245	
0.007319	35	64	123	133	178	244	276	344	422	442	0.062716	0.150905	0.090614	0.088051	0.245423	0.068424	0.086037	0.074414	0.067682	0.065735	
0.007339	35	64	123	133	178	244	276	344	422	442	0.063089	0.152564	0.088578	0.086337	0.246949	0.068053	0.086939	0.075065	0.067202	0.065225	
0.007358	35	64	123	133	178	244	276	344	422	442	0.063462	0.154224	0.086542	0.084623	0.248475	0.067682	0.087841	0.075716	0.066721	0.064714	
0.007378	35	64	123	133	178	244	276	344	422	442	0.063835	0.155883	0.084505	0.082910	0.250001	0.067311	0.088743	0.076367	0.066241	0.064204	
0.007398	35	64	123	133	178	244	276	344	422	442	0.064208	0.157543	0.082469	0.081196	0.251527	0.066940	0.089645	0.077018	0.065760	0.063694	
0.007417	35	64	123	133	178	244	276	344	422	442	0.064581	0.159203	0.080433	0.079482	0.253053	0.066569	0.090547	0.077669	0.065280	0.063184	
0.007437	35	64	123	133	178	244	276	344	422	442	0.064954	0.160862	0.078397	0.077768	0.254579	0.066199	0.091448	0.078320	0.064799	0.062674	
0.007457	35	64	123	133	178	244	276	344	422	442	0.065327	0.162522	0.076361	0.076054	0.256105	0.065828	0.092350	0.078971	0.064319	0.062164	
0.007476	35	64	123	133	178	244	276	344	422	442	0.065700	0.164181	0.074324	0.074340	0.257631	0.065457	0.093252	0.079622	0.063838	0.061654	
0.007496	35	64	123	133	178	244	276	344	422	442	0.066073	0.165841	0.072288	0.072626	0.259157	0.065086	0.094154	0.080273	0.063358	0.061144	
0.007516	35	64	123	133	178	244	276	344	422	442	0.066446	0.167501	0.070252	0.070913	0.260683	0.064715	0.095056	0.080924	0.062877	0.060634	
0.007535	35	64	123	133	178	244	276	344	422	442	0.066819	0.169160	0.068216	0.069199	0.262209	0.064344	0.095958	0.081575	0.062397	0.060124	
0.007555	35	64	123	133	178	244	276	344	422	442	0.067192	0.170820	0.066180	0.067485	0.263735	0.063973	0.096860	0.082226	0.061916	0.059613	
0.007575	35	64	123	133	178	244	276	344	422	442	0.067565	0.172479	0.064143	0.065771	0.265261	0.063602	0.097762	0.082877	0.061436	0.059103	
0.007594	35	64	123	133	178	244	276	344	422	442	0.067938	0.174139	0.062107	0.064057	0.266787	0.063231	0.098664	0.083528	0.060955	0.058593	
0.007614	35	64	123	133	178	244	276	344	422	442	0.068311	0.175799	0.060071	0.062343	0.268313	0.062860	0.099566	0.084179	0.060474	0.058083	
0.007634	35	64	123	133	178	244	276	344	422	442	0.068684	0.177458	0.058035	0.060629	0.269839	0.062489	0.100468	0.084830	0.059994	0.057573	
0.007653	35	64	123	133	178	244	276	344	422	442	0.069058	0.179118	0.055998	0.058916	0.271365	0.062118	0.101370	0.085481	0.059513	0.057063	
0.007673	35	64	123	133	178	244	276	344	422	442	0.069431	0.180777	0.053962	0.057202	0.272892	0.061748	0.102272	0.086132	0.059033	0.056553	
0.007693	35	64	123	133	178	244	276	344	422	442	0.069804	0.182437	0.051926	0.055488	0.274418	0.061377	0.103174	0.086783	0.058552	0.056043	
0.007712	35	64	123	133	178	244	276	344	422	442	0.070177	0.184097	0.049890	0.053774	0.275944	0.061006	0.104076	0.087434	0.058072	0.055533	
0.007732	35	64	123	133	178	244	276	344	422	442	0.070550	0.185756	0.047854	0.052060	0.277470	0.060635	0.104977	0.088085	0.057591	0.055023	
0.007752	35	64	123	133	178	244	276	344	422	442	0.070923	0.187416	0.045817	0.050346	0.278996	0.060264	0.105879	0.088736	0.057111	0.054512	
0.007771	35	64	123	133	178	244	276	344	422	442	0.071296	0.189075	0.043781	0.048632	0.280522	0.059893	0.106781	0.089387	0.056630	0.054002	
0.007791	35	64	123	133	178	244	276	344	422	442	0.071669	0.190735	0.041745	0.046919	0.282048	0.059522	0.107683	0.090038	0.056150	0.053492	
0.007810	35	64	123	133	178	244	276	344	422	442	0.072042	0.192395	0.039709	0.045205	0.283574	0.059151	0.108585	0.090688	0.055669	0.052982	
0.007830	35	64	123	133	178	244	276	344	422	442	0.072415	0.194054	0.037673	0.043491	0.285100	0.058780	0.109487	0.091339	0.055189	0.052472	
0.007850	35	64	123	133	178	244	276	344	422	442	0.072788	0.195714	0.035636	0.041777	0.286626	0.058409	0.110389	0.091990	0.054708	0.051962	
0.007869	35	64	123	133	178	244	276	344	422	442	0.073161	0.197373	0.033600	0.040063	0.288152	0.058038	0.111291	0.092641	0.054228	0.051452	
0.007889	35	64	123	133	178	244	276	344	422	442	0.073534	0.199033	0.031564	0.038349	0.289678	0.057667	0.112193	0.093292	0.053747	0.050942	
0.007909	35	64	123	133	178	244	276	344	422	442	0.073907	0.200693	0.029528	0.036635	0.291204	0.057296	0.113095	0.093943	0.053267	0.050432	
0.007928	35	64	123	133	178	244	276	344	422	442	0.074280	0.202352	0.027492	0.034922	0.292730	0.056926	0.113997	0.094594	0.052786	0.049921	
0.007948	35	64	123	133	178	244	276	344	422	442	0.074653	0.204012	0.025456	0.033208	0.294256	0.056555	0.114899	0.095245	0.052306	0.049411	
0.007968	35	64	123	133	178	244	276	344	422	442	0.075026	0.205671	0.023420	0.031494	0.295782	0.056184	0.115801	0.095896	0.051825	0.048901	
0.007987	35	64	123	133	178	244	276	344	422	442	0.075399	0.207331	0.021384	0.029780	0.297308	0.055813	0.116703	0.096547	0.051345	0.048391	
0.008007	35	64	123	133	178	244	276	344	422	442	0.075773	0.208991	0.019348	0.028066	0.298834	0.055442	0.117605	0.097198	0.050864	0.047881	
0.008027	35	64	123	133	178	244	276	344	422	442	0.076146	0.210650	0.017312	0.026352	0.300360	0.055070	0.118507	0.097849	0.050383	0.047370	
0.008046	35	64	123	133	178	244	276	344	422	442	0.076519	0.212311	0.015282	0.024635	0.301885	0.054697	0.119409	0.098501	0.049902	0.046859	
0.008066	35	64	133	135	178	244	276	344	422	442	0.072068	0.210752	0.028906	0.011745	0.303923	0.058126	0.118198	0.097184	0.050170	0.048928	
0.008086	35	64	133	135	178	244	276	344	422	442	0.072755	0.212719	0.025992	0.011490	0.305375	0.057065	0.119230	0.097957	0.049457	0.047959	
0.008105	35	64	133	135	178	244	276	344	422	442	0.073439	0.214685	0.023077	0.011244	0.306828	0.056004	0.120260	0.098730	0.048744	0.046990	
0.008125	35	64	133	135	178	244	276	344	422	442	0.074119	0.216649	0.020159	0.011012	0.308280	0.054942	0.121289	0.099501	0.048029	0.046020	
0.008145	35	64	133	135	178	244	276	344	422	442	0.074794	0.218611	0.017238	0.010799	0.309732	0.053879	0.122316	0.100270	0.047313	0.045049	
0.008164	35	64	133	135	178	244	276	344	422	442	0.075462	0.220570	0.014313	0.010610	0.311184	0.052813	0.123339	0.101036	0.046595	0.044078	
0.008184	35	64	133	135	178	244	276	344	422	442	0.076123	0.222527	0.011401	0.010449	0.312633	0.051738	0.124360	0.101802	0.045871	0.043097	
0.008204	35	64	133	135	178	244	276	344	422	442	0.076827	0.224583	0.010029	0.010244	0.313821	0.050018	0.125453	0.102750	0.044833	0.041442	
0.008223	35	64	133	135	178	244	276	344	422	442	0.077545	0.226717	0.010002	0.010087	0.314777	0.047721	0.126601	0.103851	0.043511	0.039189	
0.008243	35	64	135	178	244	276	344	422	442		0.077975	0.228202	0.010248	0.317428	0.049601	0.127271	0.103760	0.044218	0.041296	
0.008263	35	64	135	178	244	276	344	422	442		0.078694	0.230337	0.010090	0.318380	0.047293	0.128420	0.104864	0.042891	0.039030	
0.008282	35	64	135	178	244	276	344	422	442		0.079386	0.232462	0.010028	0.319329	0.044971	0.129557	0.105959	0.041553	0.036754	
0.008302	35	64	135	178	244	276	344	422	442		0.080067	0.234583	0.010008	0.320277	0.042643	0.130689	0.107050	0.040211	0.034472	
0.008322	35	64	135	178	244	276	344	422	442		0.080744	0.236701	0.010003	0.321224	0.040313	0.131820	0.108139	0.038866	0.032189	
0.008341	35	64	135	178	244	276	344	422	442		0.081421	0.238819	0.010001	0.322171	0.037983	0.132950	0.109228	0.037522	0.029905	
0.008361	35	64	135	178	244	276	344	422	442		0.082096	0.240937	0.010001	0.323118	0.035652	0.134080	0.110317	0.036177	0.027621	
0.008381	35	64	135	178	244	276	344	422	442		0.082772	0.243055	0.010001	0.324066	0.033321	0.135210	0.111406	0.034832	0.025337	
0.008400	35	64	178	244	276	344	422	442			0.086173	0.246271	0.325289	0.032436	0.137518	0.113445	0.034617	0.024252	
0.008420	35	64	178	244	276	344	422	442			0.086849	0.248389	0.326236	0.030105	0.138648	0.114534	0.033271	0.021968	
0.008440	35	64	178	244	276	344	422	442			0.087524	0.250507	0.327183	0.027774	0.139778	0.115623	0.031925	0.019686	
0.008459	35	64	178	244	276	344	422	442			0.088199	0.252626	0.328129	0.025442	0.140908	0.116712	0.030576	0.017407	
0.008479	35	64	178	244	276	344	422	442			0.088874	0.254746	0.329073	0.023101	0.142039	0.117803	0.029212	0.015153	
0.008499	35	64	178	244	276	344	422	442			0.089551	0.256861	0.330026	0.020780	0.143168	0.118890	0.027890	0.012833	
0.008518	35	64	178	244	276	344	422	442			0.090219	0.258996	0.330957	0.018374	0.144304	0.119988	0.026418	0.010743	
0.008538	35	64	178	244	276	344	422	442			0.090833	0.261248	0.331775	0.015427	0.145490	0.121152	0.024030	0.010045	
0.008558	35	64	178	244	276	344	422	442			0.091416	0.263554	0.332530	0.012254	0.146698	0.122347	0.021190	0.010012	
0.008577	35	64	178	244	276	344	422				0.092394	0.265019	0.334110	0.012918	0.147555	0.123071	0.024933	
0.008597	35	64	178	244	276	344	422				0.092861	0.267262	0.334676	0.010474	0.148719	0.124256	0.021751	
0.008617	35	64	178	244	276	344	422				0.093021	0.269332	0.334745	0.010017	0.149764	0.125410	0.017711	
0.008636	35	64	178	276	344	422					0.094658	0.272238	0.337209	0.151383	0.126712	0.017800	
0.008656	35	64	178	276	344	422					0.094747	0.274268	0.337160	0.152400	0.127860	0.013564	
0.008676	35	64	178	276	344	422					0.094615	0.276527	0.335975	0.153365	0.129362	0.010155	
0.008695	35	64	178	276	344	422					0.093614	0.279686	0.330318	0.154125	0.132255	0.010002	
0.008715	35	64	178	276	344						0.095243	0.280123	0.338189	0.155505	0.130940	
0.008735	35	64	178	276	344						0.094200	0.283324	0.332322	0.156255	0.133898	
0.008754	35	64	178	276	344						0.093158	0.286525	0.326454	0.157006	0.136857	
0.008774	35	64	178	276	344						0.092116	0.289727	0.320586	0.157756	0.139815	
0.008793	35	64	178	276	344						0.091074	0.292928	0.314719	0.158506	0.142774	
0.008813	35	64	178	276	344						0.090031	0.296129	0.308851	0.159256	0.145733	
0.008833	35	64	178	276	344						0.088989	0.299330	0.302983	0.160006	0.148691	
0.008852	35	64	178	276	344						0.087947	0.302531	0.297115	0.160756	0.151650	
0.008872	35	64	178	276	344						0.086905	0.305733	0.291248	0.161506	0.154609	
0.008892	35	64	178	276	344						0.085862	0.308934	0.285380	0.162257	0.157567	
0.008911	35	64	178	276	344						0.084820	0.312135	0.279512	0.163007	0.160526	
0.008931	35	64	178	276	344						0.083778	0.315336	0.273644	0.163757	0.163484	
0.008951	35	64	178	276	344						0.082736	0.318537	0.267777	0.164507	0.166443	
0.008970	35	64	178	276	344						0.081694	0.321739	0.261909	0.165257	0.169402	
0.008990	35	64	178	276	344						0.080651	0.324940	0.256041	0.166007	0.172360	
0.009010	35	64	178	276	344						0.079609	0.328141	0.250174	0.166757	0.175319	
0.009029	35	64	178	276	344						0.078567	0.331342	0.244306	0.167508	0.178278	
0.009049	35	64	178	276	344						0.077525	0.334543	0.238438	0.168258	0.181236	
0.009069	35	64	178	276	344						0.076482	0.337745	0.232570	0.169008	0.184195	
0.009088	35	64	178	276	344						0.075440	0.340946	0.226703	0.169758	0.187154	
0.009108	35	64	178	276	344						0.074398	0.344147	0.220835	0.170508	0.190112	
0.009128	35	64	178	276	344						0.073356	0.347348	0.214967	0.171258	0.193071	
0.009147	35	64	178	276	344						0.072313	0.350549	0.209100	0.172008	0.196029	
0.009167	35	64	178	276	344						0.071271	0.353750	0.203232	0.172758	0.198988	
0.009187	35	64	178	276	344						0.070229	0.356952	0.197364	0.173509	0.201947	
0.009206	35	64	178	276	344						0.069187	0.360153	0.191496	0.174259	0.204905	
0.009226	35	64	178	276	344						0.068144	0.363354	0.185629	0.175009	0.207864	
0.009246	35	64	178	276	344						0.067102	0.366555	0.179761	0.175759	0.210823	
0.009265	35	64	178	276	344						0.066060	0.369756	0.173893	0.176509	0.213781	
0.009285	35	64	178	276	344						0.065018	0.372958	0.168025	0.177259	0.216740	
0.009305	35	64	178	276	344						0.063975	0.376159	0.162158	0.178009	0.219699	
0.009324	35	64	178	276	344						0.062933	0.379360	0.156290	0.178760	0.222657	
0.009344	35	64	178	276	344						0.061891	0.382561	0.150422	0.179510	0.225616	
0.009364	35	64	178	276	344						0.060849	0.385762	0.144555	0.180260	0.228574	
0.009383	35	64	178	276	344						0.059807	0.388964	0.138687	0.181010	0.231533	
0.009403	35	64	178	276	344						0.058764	0.392165	0.132819	0.181760	0.234492	
0.009423	35	64	178	276	344						0.057722	0.395366	0.126951	0.182510	0.237450	
0.009442	35	64	178	276	344						0.056680	0.398567	0.121084	0.183260	0.240409	
0.009462	35	64	178	276	344						0.055638	0.401768	0.115216	0.184010	0.243368	
0.009482	35	64	178	276	344						0.054595	0.404969	0.109348	0.184761	0.246326	
0.009501	35	64	178	276	344						0.053553	0.408171	0.103481	0.185511	0.249285	
0.009521	35	64	178	276	344						0.052511	0.411372	0.097613	0.186261	0.252244	
0.009541	35	64	178	276	344						0.051469	0.414573	0.091745	0.187011	0.255202	
0.009560	35	64	178	276	344						0.050426	0.417774	0.085877	0.187761	0.258161	
0.009580	35	64	178	276	344						0.049384	0.420975	0.080010	0.188511	0.261120	
0.009600	35	64	178	276	344						0.048342	0.424177	0.074142	0.189261	0.264078	
0.009619	35	64	178	276	344						0.047300	0.427378	0.068274	0.190011	0.267037	
0.009639	35	64	178	276	344						0.046257	0.430579	0.062407	0.190761	0.269996	
0.009659	35	64	178	276	344						0.045215	0.433780	0.056539	0.191511	0.272954	
0.009678	35	64	178	276	344						0.044173	0.436981	0.050671	0.192262	0.275913	
0.009698	35	64	178	276	344						0.043131	0.440183	0.044804	0.193012	0.278872	
0.009718	35	64	178	276	344						0.042088	0.443384	0.038936	0.193762	0.281830	
0.009737	35	64	178	276	344						0.041046	0.446585	0.033069	0.194511	0.284789	
0.009757	35	64	178	276	344						0.040003	0.449786	0.027201	0.195261	0.287748	
0.009776	35	64	178	276	344						0.038961	0.452987	0.021334	0.196011	0.290707	
0.009796	35	64	178	276	344						0.037916	0.456189	0.015470	0.196758	0.293667	
0.009816	35	64	178	276	344						0.036502	0.459447	0.010041	0.197137	0.296873	
0.009835	35	64	276	344							0.038980	0.462114	0.201423	0.297483	
0.009855	35	64	276	344							0.032990	0.466065	0.197200	0.303744	
0.009875	35	64	276	344							0.027001	0.470017	0.192978	0.310005	
0.009894	35	64	276	344							0.021012	0.473968	0.188755	0.316265	
0.009914	35	64	276	344							0.015027	0.477918	0.184528	0.322527	
0.009934	35	64	276	344							0.010010	0.481629	0.179408	0.328952	
0.009953	64	276	344								0.486574	0.178893	0.334532	
0.009973	64	276	344								0.489046	0.169147	0.341807	
0.009993	64	276	344								0.491517	0.159401	0.349081	
0.010012	64	276	344								0.493989	0.149656	0.356355	
0.010032	64	276	344								0.496461	0.139910	0.363630	
0.010052	64	276	344								0.498932	0.130164	0.370904	
0.010071	64	276	344								0.501404	0.120418	0.378178	
0.010091	64	276	344								0.503876	0.110672	0.385453	
0.010111	64	276	344								0.506347	0.100926	0.392727	
0.010130	64	276	344								0.508819	0.091180	0.400001	
0.010150	64	276	344								0.511290	0.081434	0.407276	
0.010170	64	276	344								0.513762	0.071688	0.414550	
0.010189	64	276	344								0.516233	0.061942	0.421824	
0.010209	64	276	344								0.518705	0.052196	0.429099	
0.010229	64	276	344								0.521177	0.042450	0.436373	
0.010248	64	276	344								0.523649	0.032704	0.443647	
0.010268	64	276	344								0.526120	0.022958	0.450922	
0.010288	64	276	344								0.528590	0.013213	0.458197	
0.010307	64	344									0.537608	0.462392	
0.010327	64	344									0.521679	0.478321	
0.010347	64	344									0.505750	0.494250	
0.010366	64	344									0.489821	0.510179	
0.010386	64	344									0.473891	0.526109	
0.010406	64	344									0.457962	0.542038	
0.010425	64	344									0.442033	0.557967	
0.010445	64	344									0.426104	0.573896	
0.010465	64	344									0.410175	0.589825	
0.010484	64	344									0.394246	0.605754	
0.010504	64	344									0.378317	0.621683	
0.010524	64	344									0.362388	0.637612	
0.010543	64	344									0.346458	0.653542	
0.010563	64	344									0.330529	0.669471	
0.010583	64	344									0.314600	0.685400	
0.010602	64	344									0.298671	0.701329	
0.010622	64	344									0.282742	0.717258	
0.010642	64	344									0.266813	0.733187	
0.010661	64	344									0.250884	0.749116	
0.010681	64	344									0.234955	0.765045	
0.010700	64	344									0.219025	0.780975	
0.010720	64	344									0.203096	0.796904	
0.010740	64	344									0.187167	0.812833	
0.010759	64	344									0.171238	0.828762	
0.010779	64	344									0.155309	0.844691	
0.010799	64	344									0.139380	0.860620	
0.010818	64	344									0.123451	0.876549	
0.010838	64	344									0.107522	0.892478	
0.010858	64	344									0.091592	0.908408	
0.010877	64	344									0.075663	0.924337	
0.010897	64	344									0.059734	0.940266	
0.010917	64	344									0.043805	0.956195	
0.010936	64	344									0.027876	0.972124	
0.010956	64	344									0.011947	0.988053	
