0.009794	38					1.000000	
0.009779	13	38				0.015899	0.984101	
0.009763	13	38				0.031799	0.968201	
0.009748	13	38				0.047698	0.952302	
0.009732	13	38				0.063597	0.936403	
0.009717	13	38				0.079495	0.920505	
0.009702	13	38				0.095395	0.904605	
0.009686	13	38				0.111294	0.888706	
0.009671	13	38				0.127193	0.872807	
0.009655	13	38				0.143092	0.856908	
0.009640	13	38				0.158992	0.841008	
0.009625	13	38				0.174891	0.825109	
0.009609	13	38				0.190790	0.809210	
0.009594	13	38				0.206689	0.793311	
0.009579	13	38				0.222588	0.777412	
0.009563	13	38				0.238487	0.761513	
0.009548	13	38				0.254386	0.745614	
0.009532	13	38				0.270286	0.729714	
0.009517	13	38				0.286185	0.713815	
0.009502	13	38				0.302084	0.697916	
0.009486	13	38				0.317983	0.682017	
0.009471	13	38				0.333883	0.666117	
0.009455	13	38				0.349782	0.650218	
0.009440	13	38				0.365680	0.634320	
0.009425	13	38				0.381579	0.618421	
0.009409	13	38				0.397479	0.602521	
0.009394	13	38				0.413378	0.586622	
0.009378	13	38				0.429277	0.570723	
0.009363	13	38				0.445177	0.554823	
0.009348	13	38				0.461076	0.538924	
0.009332	13	38				0.476975	0.523025	
0.009317	13	38				0.492874	0.507126	
0.009302	13	38				0.508773	0.491227	
0.009286	13	38				0.524672	0.475328	
0.009271	13	38				0.540571	0.459429	
0.009255	13	38				0.556471	0.443529	
0.009240	13	29	38			0.546580	0.010922	0.442498	
0.009225	13	29	38			0.543996	0.018749	0.437255	
0.009209	13	29	38			0.541413	0.026577	0.432011	
0.009194	13	29	38			0.538829	0.034404	0.426767	
0.009178	13	29	38			0.536246	0.042231	0.421523	
0.009163	13	29	38			0.533663	0.050058	0.416279	
0.009148	13	29	38			0.531079	0.057885	0.411035	
0.009132	13	29	38			0.528496	0.065712	0.405792	
0.009117	13	29	38			0.525913	0.073540	0.400548	
0.009101	13	29	38			0.523329	0.081367	0.395304	
0.009086	13	29	38			0.520746	0.089194	0.390060	
0.009071	13	29	38			0.518162	0.097022	0.384816	
0.009055	13	29	38			0.515579	0.104849	0.379572	
0.009040	13	29	38			0.512996	0.112676	0.374328	
0.009024	13	29	38			0.510412	0.120503	0.369084	
0.009009	13	29	38			0.507829	0.128330	0.363841	
0.008994	13	29	38			0.505246	0.136158	0.358597	
0.008978	13	29	38			0.502662	0.143985	0.353353	
0.008963	13	29	38			0.500079	0.151812	0.348109	
0.008947	13	29	38			0.497495	0.159639	0.342865	
0.008932	13	29	38			0.494912	0.167467	0.337621	
0.008917	13	29	38			0.492329	0.175294	0.332377	
0.008901	13	29	38			0.489745	0.183121	0.327134	
0.008886	13	29	38			0.487162	0.190948	0.321890	
0.008871	13	29	38			0.484579	0.198775	0.316646	
0.008855	13	29	38			0.481995	0.206603	0.311402	
0.008840	13	29	38			0.479412	0.214430	0.306158	
0.008824	13	29	38			0.476828	0.222257	0.300915	
0.008809	13	29	38			0.474245	0.230083	0.295671	
0.008794	13	29	38			0.471662	0.237909	0.290428	
0.008778	13	29	38			0.469079	0.245735	0.285185	
0.008763	2	13	29	38		0.013624	0.467844	0.227084	0.291449	
0.008747	2	13	29	38		0.017323	0.465627	0.227721	0.289330	
0.008732	2	13	29	38		0.021021	0.463410	0.228358	0.287211	
0.008717	2	13	29	38		0.024720	0.461192	0.228996	0.285092	
0.008701	2	13	29	38		0.028419	0.458975	0.229633	0.282973	
0.008686	2	13	29	38		0.032118	0.456758	0.230270	0.280854	
0.008670	2	13	29	38		0.035817	0.454541	0.230908	0.278735	
0.008655	2	13	29	38		0.039516	0.452324	0.231545	0.276616	
0.008640	2	13	29	38		0.043214	0.450107	0.232182	0.274497	
0.008624	2	13	29	38		0.046913	0.447889	0.232820	0.272378	
0.008609	2	13	29	38		0.050612	0.445672	0.233457	0.270258	
0.008594	2	13	29	38		0.054311	0.443455	0.234094	0.268140	
0.008578	2	13	29	38		0.058010	0.441238	0.234732	0.266021	
0.008563	2	13	29	38		0.061709	0.439021	0.235369	0.263902	
0.008547	2	13	29	38		0.065407	0.436804	0.236006	0.261783	
0.008532	2	13	29	38		0.069106	0.434587	0.236644	0.259663	
0.008517	2	13	29	38		0.072805	0.432369	0.237281	0.257544	
0.008501	2	13	29	38		0.076504	0.430152	0.237918	0.255425	
0.008486	2	13	29	38		0.080203	0.427935	0.238556	0.253306	
0.008470	2	13	29	38		0.083902	0.425718	0.239193	0.251187	
0.008455	2	13	29	38		0.087600	0.423501	0.239830	0.249068	
0.008440	2	13	29	38		0.091299	0.421284	0.240467	0.246949	
0.008424	2	13	29	38		0.094998	0.419067	0.241105	0.244830	
0.008409	2	13	29	38		0.098697	0.416849	0.241742	0.242711	
0.008393	2	13	29	38		0.102396	0.414632	0.242379	0.240592	
0.008378	2	13	29	38		0.106095	0.412415	0.243017	0.238473	
0.008363	2	13	29	38		0.109794	0.410198	0.243654	0.236354	
0.008347	2	13	29	37	38	0.103756	0.407487	0.240794	0.011939	0.236024	
0.008332	2	13	29	37	38	0.105731	0.405182	0.240812	0.014053	0.234222	
0.008316	2	13	29	37	38	0.107705	0.402877	0.240830	0.016168	0.232419	
0.008301	2	13	29	37	38	0.109680	0.400573	0.240848	0.018282	0.230617	
0.008286	2	13	29	37	38	0.111654	0.398268	0.240866	0.020397	0.228815	
0.008270	2	13	29	37	38	0.113629	0.395963	0.240884	0.022511	0.227013	
0.008255	2	13	29	37	38	0.115603	0.393659	0.240902	0.024626	0.225210	
0.008240	2	13	29	37	38	0.117578	0.391354	0.240920	0.026740	0.223408	
0.008224	2	13	29	37	38	0.119552	0.389049	0.240938	0.028854	0.221606	
0.008209	2	13	29	37	38	0.121527	0.386745	0.240956	0.030969	0.219804	
0.008193	2	13	29	37	38	0.123501	0.384440	0.240974	0.033083	0.218001	
0.008178	2	13	29	37	38	0.125476	0.382135	0.240992	0.035198	0.216199	
0.008163	2	13	29	37	38	0.127450	0.379831	0.241010	0.037312	0.214397	
0.008147	2	13	29	37	38	0.129425	0.377526	0.241028	0.039427	0.212595	
0.008132	2	13	29	37	38	0.131399	0.375221	0.241046	0.041541	0.210792	
0.008116	2	13	29	37	38	0.133374	0.372916	0.241064	0.043656	0.208990	
0.008101	2	13	29	37	38	0.135348	0.370612	0.241082	0.045770	0.207188	
0.008086	2	13	29	37	38	0.137323	0.368307	0.241100	0.047885	0.205385	
0.008070	2	13	29	37	38	0.139298	0.366002	0.241118	0.050000	0.203583	
0.008055	2	13	29	37	38	0.141273	0.363697	0.241136	0.052114	0.201780	
0.008039	2	13	29	37	38	0.143247	0.361392	0.241154	0.054229	0.199978	
0.008024	2	13	29	37	38	0.145222	0.359087	0.241172	0.056343	0.198176	
0.008009	2	13	29	37	38	0.147196	0.356782	0.241190	0.058458	0.196373	
0.007993	2	13	29	37	38	0.149171	0.354478	0.241208	0.060573	0.194571	
0.007978	2	13	29	37	38	0.151146	0.352173	0.241226	0.062687	0.192768	
0.007962	2	13	29	37	38	0.153120	0.349868	0.241244	0.064802	0.190966	
0.007947	2	13	29	37	38	0.155095	0.347563	0.241262	0.066917	0.189163	
0.007932	2	13	29	37	38	0.157070	0.345258	0.241280	0.069031	0.187361	
0.007916	2	13	29	37	38	0.159045	0.342953	0.241298	0.071146	0.185559	
0.007901	2	13	29	37	38	0.161019	0.340648	0.241316	0.073261	0.183756	
0.007886	2	13	29	37	38	0.162994	0.338343	0.241334	0.075375	0.181954	
0.007870	2	13	29	37	38	0.164969	0.336038	0.241352	0.077490	0.180151	
0.007855	2	13	29	37	38	0.166943	0.333733	0.241370	0.079605	0.178349	
0.007839	2	13	29	37	38	0.168918	0.331428	0.241388	0.081719	0.176546	
0.007824	2	13	29	37	38	0.170893	0.329123	0.241406	0.083834	0.174744	
0.007809	2	13	29	37	38	0.172868	0.326818	0.241424	0.085949	0.172941	
0.007793	2	13	29	38	49	0.153226	0.347106	0.236363	0.187370	0.075935	
0.007778	2	13	29	38	49	0.153806	0.345521	0.235969	0.186233	0.078469	
0.007762	2	13	29	38	49	0.154387	0.343936	0.235576	0.185096	0.081004	
0.007747	2	13	29	38	49	0.154968	0.342352	0.235183	0.183959	0.083538	
0.007732	2	13	29	38	49	0.155548	0.340767	0.234790	0.182822	0.086073	
0.007716	2	13	29	38	49	0.156129	0.339182	0.234397	0.181685	0.088607	
0.007701	2	13	29	38	49	0.156710	0.337597	0.234004	0.180548	0.091142	
0.007685	2	13	29	38	49	0.157290	0.336012	0.233611	0.179411	0.093677	
0.007670	2	13	29	38	49	0.157871	0.334427	0.233218	0.178274	0.096211	
0.007655	2	13	29	38	49	0.158452	0.332842	0.232825	0.177136	0.098746	
0.007639	2	13	29	38	49	0.159032	0.331257	0.232432	0.175999	0.101280	
0.007624	2	13	29	38	49	0.159613	0.329672	0.232038	0.174862	0.103815	
0.007608	2	13	29	38	49	0.160193	0.328087	0.231645	0.173725	0.106349	
0.007593	2	13	29	38	49	0.160774	0.326502	0.231252	0.172588	0.108884	
0.007578	2	13	29	38	49	0.161355	0.324917	0.230859	0.171451	0.111419	
0.007562	2	13	29	38	49	0.161935	0.323332	0.230466	0.170314	0.113953	
0.007547	2	13	29	38	49	0.162516	0.321747	0.230073	0.169176	0.116488	
0.007532	2	13	29	38	61	0.149023	0.337918	0.224774	0.175082	0.113203	
0.007516	2	13	29	38	61	0.149164	0.336753	0.224230	0.174141	0.115713	
0.007501	2	13	29	38	61	0.149305	0.335587	0.223686	0.173200	0.118222	
0.007485	2	13	29	38	61	0.149447	0.334421	0.223142	0.172259	0.120731	
0.007470	2	13	29	38	61	0.149588	0.333256	0.222598	0.171318	0.123240	
0.007455	2	13	29	38	61	0.149729	0.332090	0.222054	0.170378	0.125749	
0.007439	2	13	29	38	61	0.149870	0.330925	0.221510	0.169437	0.128258	
0.007424	2	13	29	38	61	0.150012	0.329759	0.220966	0.168496	0.130768	
0.007408	2	13	29	38	61	0.150153	0.328593	0.220422	0.167555	0.133277	
0.007393	2	13	29	38	61	0.150294	0.327428	0.219878	0.166614	0.135786	
0.007378	2	13	29	38	61	0.150436	0.326262	0.219334	0.165673	0.138295	
0.007362	2	13	29	38	61	0.150577	0.325097	0.218790	0.164732	0.140804	
0.007347	2	13	29	38	61	0.150718	0.323931	0.218246	0.163791	0.143313	
0.007331	2	13	29	38	61	0.150860	0.322765	0.217702	0.162850	0.145823	
0.007316	2	13	29	38	61	0.151001	0.321600	0.217158	0.161909	0.148332	
0.007301	2	13	29	38	61	0.151142	0.320434	0.216614	0.160968	0.150841	
0.007285	2	13	29	38	61	0.151284	0.319269	0.216070	0.160027	0.153350	
0.007270	2	13	29	38	61	0.151425	0.318103	0.215526	0.159087	0.155859	
0.007254	2	13	29	38	61	0.151566	0.316938	0.214982	0.158146	0.158368	
0.007239	2	13	29	38	61	0.151707	0.315772	0.214439	0.157205	0.160877	
0.007224	2	13	29	38	61	0.151849	0.314607	0.213895	0.156264	0.163386	
0.007208	2	13	29	38	61	0.151990	0.313441	0.213351	0.155323	0.165895	
0.007193	2	13	29	38	61	0.152131	0.312275	0.212807	0.154382	0.168404	
0.007177	2	13	29	38	61	0.152273	0.311110	0.212263	0.153441	0.170913	
0.007162	2	13	29	38	61	0.152414	0.309944	0.211719	0.152500	0.173423	
0.007147	2	13	29	38	61	0.152555	0.308779	0.211175	0.151559	0.175932	
0.007131	2	13	29	38	61	0.152697	0.307613	0.210631	0.150619	0.178441	
0.007116	2	13	29	38	61	0.152838	0.306448	0.210087	0.149678	0.180950	
0.007101	2	13	29	38	61	0.152979	0.305282	0.209543	0.148737	0.183459	
0.007085	2	13	29	38	61	0.153121	0.304117	0.208999	0.147796	0.185968	
0.007070	2	13	29	38	61	0.153262	0.302951	0.208455	0.146855	0.188477	
0.007054	2	13	29	38	61	0.153403	0.301785	0.207911	0.145914	0.190986	
0.007039	2	13	29	38	61	0.153544	0.300620	0.207367	0.144973	0.193495	
0.007024	2	13	29	38	61	0.153686	0.299454	0.206823	0.144032	0.196004	
0.007008	2	13	29	38	61	0.153827	0.298289	0.206279	0.143091	0.198513	
0.006993	2	13	29	38	61	0.153968	0.297123	0.205736	0.142151	0.201022	
0.006977	2	13	29	38	61	0.154110	0.295958	0.205192	0.141210	0.203531	
0.006962	2	13	29	38	61	0.154251	0.294792	0.204648	0.140269	0.206040	
0.006947	2	13	29	38	61	0.154392	0.293627	0.204104	0.139328	0.208549	
0.006931	2	13	29	38	61	0.154534	0.292461	0.203560	0.138387	0.211058	
0.006916	2	13	29	38	61	0.154675	0.291296	0.203016	0.137446	0.213567	
0.006900	2	13	29	38	61	0.154816	0.290130	0.202472	0.136505	0.216077	
0.006885	2	13	29	38	61	0.154957	0.288965	0.201928	0.135564	0.218586	
0.006870	2	13	29	38	61	0.155099	0.287799	0.201384	0.134624	0.221094	
0.006854	2	13	29	38	61	0.155240	0.286634	0.200840	0.133683	0.223603	
0.006839	2	13	29	38	61	0.155381	0.285468	0.200296	0.132742	0.226112	
0.006823	2	13	29	38	61	0.155523	0.284303	0.199752	0.131801	0.228622	
0.006808	2	13	29	38	61	0.155664	0.283137	0.199208	0.130860	0.231130	
0.006793	2	13	29	38	61	0.155805	0.281972	0.198665	0.129919	0.233639	
0.006777	2	13	29	38	68	0.152470	0.294041	0.185518	0.154338	0.213632	
0.006762	2	13	29	38	68	0.152357	0.293088	0.184761	0.153755	0.216040	
0.006747	2	13	29	38	68	0.152243	0.292135	0.184003	0.153171	0.218447	
0.006731	2	13	29	38	68	0.152129	0.291183	0.183246	0.152588	0.220855	
0.006716	2	13	29	38	68	0.152016	0.290230	0.182488	0.152004	0.223262	
0.006700	2	13	29	38	68	0.151902	0.289278	0.181730	0.151420	0.225670	
0.006685	2	13	29	38	68	0.151788	0.288325	0.180973	0.150837	0.228077	
0.006670	2	13	29	38	68	0.151675	0.287373	0.180215	0.150253	0.230484	
0.006654	2	13	29	38	68	0.151561	0.286420	0.179458	0.149670	0.232892	
0.006639	2	13	29	38	68	0.151447	0.285467	0.178700	0.149086	0.235299	
0.006623	2	13	29	38	68	0.151334	0.284515	0.177942	0.148502	0.237707	
0.006608	2	13	29	38	68	0.151220	0.283562	0.177185	0.147919	0.240114	
0.006593	2	13	29	38	68	0.151106	0.282610	0.176427	0.147335	0.242522	
0.006577	2	13	29	38	68	0.150993	0.281657	0.175670	0.146751	0.244929	
0.006562	2	13	29	38	68	0.150879	0.280705	0.174912	0.146168	0.247336	
0.006546	2	13	29	38	68	0.150765	0.279752	0.174155	0.145584	0.249744	
0.006531	2	13	29	38	68	0.150652	0.278799	0.173397	0.145001	0.252151	
0.006516	2	13	29	38	68	0.150538	0.277847	0.172639	0.144417	0.254559	
0.006500	2	13	29	38	68	0.150424	0.276894	0.171882	0.143833	0.256966	
0.006485	2	13	29	38	68	0.150311	0.275942	0.171124	0.143250	0.259374	
0.006469	2	13	29	38	68	0.150197	0.274989	0.170367	0.142666	0.261781	
0.006454	2	13	29	38	68	0.150083	0.274036	0.169609	0.142083	0.264188	
0.006439	2	13	29	38	68	0.149970	0.273084	0.168852	0.141499	0.266596	
0.006423	2	13	29	38	68	0.149856	0.272131	0.168094	0.140915	0.269003	
0.006408	2	13	29	38	68	0.149743	0.271179	0.167336	0.140332	0.271411	
0.006393	2	13	29	38	68	0.149629	0.270226	0.166579	0.139748	0.273818	
0.006377	2	13	29	38	68	0.149515	0.269274	0.165821	0.139165	0.276226	
0.006362	2	13	29	38	68	0.149402	0.268321	0.165064	0.138581	0.278633	
0.006346	2	13	29	38	68	0.149288	0.267368	0.164306	0.137997	0.281040	
0.006331	2	13	29	38	68	0.149174	0.266416	0.163548	0.137414	0.283448	
0.006316	2	13	29	38	68	0.149061	0.265463	0.162791	0.136830	0.285855	
0.006300	2	13	29	38	68	0.148947	0.264511	0.162033	0.136246	0.288263	
0.006285	2	13	29	38	68	0.148833	0.263558	0.161276	0.135663	0.290670	
0.006269	2	13	29	38	68	0.148720	0.262605	0.160518	0.135079	0.293078	
0.006254	2	13	29	38	68	0.148606	0.261653	0.159760	0.134496	0.295485	
0.006239	2	13	29	38	68	0.148492	0.260700	0.159003	0.133912	0.297892	
0.006223	2	13	29	38	68	0.148379	0.259748	0.158245	0.133328	0.300300	
0.006208	2	13	29	38	68	0.148265	0.258795	0.157488	0.132745	0.302707	
0.006192	2	13	29	38	68	0.148151	0.257843	0.156730	0.132161	0.305115	
0.006177	2	13	29	38	68	0.148038	0.256890	0.155973	0.131578	0.307522	
0.006162	2	13	29	38	68	0.147924	0.255937	0.155215	0.130994	0.309930	
0.006146	2	13	29	38	68	0.147810	0.254985	0.154457	0.130410	0.312337	
0.006131	2	13	29	38	68	0.147697	0.254032	0.153700	0.129827	0.314745	
0.006115	2	13	29	38	68	0.147583	0.253080	0.152942	0.129243	0.317152	
0.006100	2	13	29	38	68	0.147469	0.252127	0.152185	0.128659	0.319560	
0.006085	2	13	29	38	68	0.147356	0.251174	0.151427	0.128076	0.321967	
0.006069	2	13	29	38	68	0.147242	0.250222	0.150669	0.127492	0.324375	
0.006054	2	13	29	38	68	0.147128	0.249269	0.149912	0.126909	0.326782	
0.006039	2	13	29	38	68	0.147015	0.248317	0.149154	0.126325	0.329190	
0.006023	2	13	29	38	68	0.146901	0.247364	0.148397	0.125741	0.331597	
0.006008	2	13	29	38	68	0.146787	0.246411	0.147639	0.125158	0.334004	
0.005992	2	13	29	38	68	0.146674	0.245459	0.146881	0.124574	0.336412	
0.005977	2	13	29	38	68	0.146560	0.244506	0.146124	0.123990	0.338819	
0.005962	2	13	29	38	68	0.146446	0.243554	0.145366	0.123407	0.341227	
0.005946	2	13	29	38	68	0.146333	0.242601	0.144609	0.122823	0.343634	
0.005931	2	13	29	38	68	0.146219	0.241648	0.143851	0.122240	0.346042	
0.005915	2	13	29	38	68	0.146105	0.240696	0.143093	0.121656	0.348449	
0.005900	2	13	29	38	68	0.145992	0.239743	0.142336	0.121072	0.350857	
0.005885	2	13	29	38	68	0.145878	0.238791	0.141578	0.120489	0.353264	
0.005869	2	13	29	38	68	0.145764	0.237838	0.140821	0.119905	0.355672	
0.005854	2	13	29	38	68	0.145651	0.236885	0.140063	0.119322	0.358079	
0.005838	2	13	29	38	68	0.145537	0.235933	0.139305	0.118738	0.360487	
0.005823	2	13	29	38	68	0.145423	0.234980	0.138548	0.118154	0.362894	
0.005808	2	13	29	38	68	0.145310	0.234028	0.137790	0.117571	0.365302	
0.005792	2	13	29	38	68	0.145196	0.233075	0.137033	0.116987	0.367709	
0.005777	2	13	29	38	68	0.145082	0.232122	0.136275	0.116403	0.370117	
0.005761	2	13	29	38	68	0.144969	0.231170	0.135517	0.115820	0.372524	
0.005746	2	13	29	38	68	0.144855	0.230217	0.134760	0.115236	0.374932	
0.005731	2	13	29	38	68	0.144741	0.229265	0.134002	0.114653	0.377339	
0.005715	2	13	29	38	68	0.144628	0.228312	0.133245	0.114069	0.379747	
0.005700	2	13	29	38	68	0.144514	0.227359	0.132487	0.113485	0.382154	
0.005684	2	13	29	38	68	0.144400	0.226407	0.131729	0.112902	0.384562	
0.005669	2	13	29	38	68	0.144287	0.225454	0.130972	0.112318	0.386969	
0.005654	2	13	29	38	68	0.144173	0.224502	0.130214	0.111734	0.389377	
0.005638	2	13	29	38	68	0.144059	0.223549	0.129457	0.111151	0.391784	
0.005623	2	13	29	38	68	0.143946	0.222596	0.128699	0.110567	0.394192	
0.005608	2	13	29	38	68	0.143832	0.221644	0.127941	0.109984	0.396599	
0.005592	2	13	29	38	68	0.143718	0.220691	0.127184	0.109400	0.399007	
0.005577	2	13	29	38	68	0.143605	0.219739	0.126426	0.108816	0.401414	
0.005561	2	13	29	38	68	0.143491	0.218786	0.125669	0.108233	0.403822	
0.005546	2	13	29	38	68	0.143377	0.217833	0.124911	0.107649	0.406229	
0.005531	2	13	29	38	68	0.143264	0.216881	0.124153	0.107065	0.408637	
0.005515	2	13	38	49	68	0.145680	0.251465	0.127567	0.155082	0.320206	
0.005500	2	13	38	49	68	0.145451	0.250101	0.126740	0.155639	0.322069	
0.005484	2	13	38	49	68	0.145222	0.248738	0.125913	0.156196	0.323932	
0.005469	2	13	38	49	68	0.144992	0.247375	0.125085	0.156753	0.325795	
0.005454	2	13	38	49	68	0.144763	0.246011	0.124258	0.157310	0.327658	
0.005438	2	13	38	49	68	0.144534	0.244648	0.123431	0.157867	0.329520	
0.005423	2	13	38	49	68	0.144305	0.243284	0.122604	0.158424	0.331383	
0.005407	2	13	38	49	68	0.144076	0.241921	0.121776	0.158981	0.333246	
0.005392	2	13	38	49	68	0.143847	0.240558	0.120949	0.159538	0.335109	
0.005377	2	13	38	49	68	0.143617	0.239194	0.120122	0.160095	0.336972	
0.005361	2	13	38	49	68	0.143388	0.237831	0.119295	0.160652	0.338834	
0.005346	2	13	38	49	68	0.143159	0.236467	0.118468	0.161209	0.340697	
0.005330	2	13	38	49	68	0.142930	0.235104	0.117640	0.161766	0.342560	
0.005315	2	13	38	49	68	0.142701	0.233741	0.116813	0.162323	0.344423	
0.005300	2	13	38	49	68	0.142472	0.232377	0.115986	0.162880	0.346286	
0.005284	2	13	38	49	68	0.142242	0.231014	0.115159	0.163437	0.348149	
0.005269	2	13	38	49	68	0.142013	0.229650	0.114331	0.163993	0.350012	
0.005254	2	13	38	49	68	0.141784	0.228287	0.113504	0.164550	0.351874	
0.005238	2	13	38	49	68	0.141555	0.226923	0.112677	0.165107	0.353737	
0.005223	2	13	38	49	68	0.141326	0.225560	0.111850	0.165664	0.355600	
0.005207	2	13	38	49	68	0.141097	0.224197	0.111023	0.166221	0.357463	
0.005192	2	13	38	49	68	0.140868	0.222833	0.110195	0.166778	0.359326	
0.005177	2	13	38	49	68	0.140638	0.221470	0.109368	0.167335	0.361188	
0.005161	2	13	29	49	68	0.149627	0.214036	0.149418	0.189965	0.296954	
0.005146	2	13	29	49	68	0.149313	0.212668	0.148353	0.190350	0.299316	
0.005130	2	13	29	49	68	0.148998	0.211301	0.147287	0.190736	0.301678	
0.005115	2	13	29	49	68	0.148684	0.209933	0.146221	0.191122	0.304040	
0.005100	2	13	29	49	68	0.148370	0.208566	0.145155	0.191508	0.306402	
0.005084	2	13	29	49	68	0.148056	0.207198	0.144089	0.191894	0.308764	
0.005069	2	13	29	49	68	0.147741	0.205830	0.143023	0.192279	0.311126	
0.005053	2	13	29	49	68	0.147427	0.204463	0.141957	0.192665	0.313488	
0.005038	2	13	29	49	68	0.147113	0.203095	0.140891	0.193051	0.315850	
0.005023	2	13	29	49	68	0.146799	0.201727	0.139825	0.193437	0.318212	
0.005007	2	13	29	49	68	0.146484	0.200360	0.138759	0.193823	0.320574	
0.004992	2	13	29	49	68	0.146170	0.198992	0.137693	0.194209	0.322936	
0.004976	2	4	13	29	49	0.145383	0.285852	0.207657	0.170408	0.190700	
0.004961	2	4	13	29	49	0.145021	0.288042	0.206429	0.169594	0.190915	
0.004946	2	4	13	29	49	0.144658	0.290232	0.205201	0.168779	0.191130	
0.004930	2	4	13	29	49	0.144295	0.292422	0.203973	0.167965	0.191345	
0.004915	2	4	13	29	49	0.143932	0.294612	0.202745	0.167151	0.191560	
0.004899	2	4	13	29	49	0.143570	0.296801	0.201518	0.166337	0.191775	
0.004884	2	4	13	29	49	0.143207	0.298991	0.200290	0.165522	0.191990	
0.004869	2	4	13	29	49	0.142844	0.301181	0.199062	0.164708	0.192205	
0.004853	2	4	13	29	49	0.142481	0.303371	0.197834	0.163894	0.192419	
0.004838	2	4	13	29	49	0.142119	0.305561	0.196607	0.163079	0.192634	
0.004823	2	4	13	29	49	0.141756	0.307751	0.195379	0.162265	0.192849	
0.004807	2	4	13	29	49	0.141393	0.309941	0.194151	0.161451	0.193064	
0.004792	2	4	13	29	49	0.141030	0.312131	0.192923	0.160637	0.193279	
0.004776	2	4	13	29	49	0.140668	0.314321	0.191695	0.159822	0.193494	
0.004761	2	4	13	29	49	0.140305	0.316511	0.190468	0.159008	0.193709	
0.004746	2	4	13	29	49	0.139942	0.318701	0.189240	0.158194	0.193923	
0.004730	2	4	13	29	49	0.139579	0.320891	0.188012	0.157379	0.194138	
0.004715	2	4	13	29	49	0.139217	0.323081	0.186784	0.156565	0.194353	
0.004699	2	4	13	29	49	0.138854	0.325270	0.185557	0.155751	0.194568	
0.004684	2	4	13	29	49	0.138491	0.327461	0.184329	0.154937	0.194783	
0.004669	2	4	13	29	49	0.138128	0.329650	0.183101	0.154122	0.194998	
0.004653	2	4	13	29	49	0.137766	0.331840	0.181873	0.153308	0.195213	
0.004638	2	4	13	29	49	0.137403	0.334030	0.180645	0.152494	0.195428	
0.004622	2	4	13	29	49	0.137040	0.336220	0.179418	0.151679	0.195642	
0.004607	2	4	13	29	49	0.136678	0.338410	0.178190	0.150865	0.195857	
0.004592	2	4	13	29	49	0.136315	0.340600	0.176962	0.150051	0.196072	
0.004576	2	4	13	29	49	0.135952	0.342790	0.175734	0.149236	0.196287	
0.004561	2	4	13	29	49	0.135589	0.344980	0.174507	0.148422	0.196502	
0.004545	2	4	13	29	49	0.135227	0.347170	0.173279	0.147608	0.196717	
0.004530	2	4	13	29	49	0.134864	0.349360	0.172051	0.146794	0.196932	
0.004515	2	4	13	29	49	0.134501	0.351550	0.170823	0.145979	0.197147	
0.004499	2	4	13	29	49	0.134138	0.353740	0.169595	0.145165	0.197361	
0.004484	2	4	13	29	49	0.133776	0.355930	0.168368	0.144351	0.197576	
0.004469	2	4	13	29	49	0.133413	0.358120	0.167140	0.143536	0.197791	
0.004453	2	4	13	29	49	0.133050	0.360310	0.165912	0.142722	0.198006	
0.004438	2	4	13	29	49	0.132687	0.362500	0.164684	0.141908	0.198221	
0.004422	2	13	15	49	68	0.125233	0.201035	0.217163	0.168490	0.288079	
0.004407	2	13	15	49	68	0.124625	0.198889	0.217730	0.168718	0.290038	
0.004392	2	13	15	49	68	0.124017	0.196742	0.218298	0.168946	0.291997	
0.004376	2	13	15	49	68	0.123409	0.194596	0.218865	0.169174	0.293956	
0.004361	2	13	15	49	68	0.122801	0.192449	0.219433	0.169402	0.295915	
0.004345	2	13	15	49	68	0.122193	0.190303	0.220000	0.169630	0.297873	
0.004330	4	13	29	49	68	0.240052	0.208210	0.138809	0.172483	0.240445	
0.004315	4	13	29	49	68	0.241476	0.206899	0.137820	0.172482	0.241323	
0.004299	4	13	29	49	68	0.242900	0.205588	0.136831	0.172480	0.242200	
0.004284	4	13	29	49	68	0.244324	0.204278	0.135842	0.172479	0.243078	
0.004268	4	13	29	49	68	0.245748	0.202967	0.134852	0.172478	0.243956	
0.004253	4	13	29	49	68	0.247171	0.201656	0.133863	0.172476	0.244833	
0.004238	4	13	29	49	68	0.248595	0.200345	0.132874	0.172475	0.245711	
0.004222	2	4	13	49	68	0.137993	0.198794	0.230002	0.172100	0.261109	
0.004207	2	4	13	49	68	0.137377	0.200552	0.228258	0.172047	0.261766	
0.004191	2	4	13	49	68	0.136760	0.202309	0.226513	0.171994	0.262423	
0.004176	2	4	13	49	68	0.136144	0.204066	0.224769	0.171941	0.263080	
0.004161	2	4	13	49	68	0.135527	0.205824	0.223025	0.171888	0.263737	
0.004145	2	4	13	49	68	0.134910	0.207581	0.221280	0.171835	0.264394	
0.004130	2	4	13	49	68	0.134294	0.209338	0.219536	0.171782	0.265050	
0.004114	2	4	13	49	68	0.133677	0.211096	0.217791	0.171729	0.265707	
0.004099	2	4	13	49	68	0.133061	0.212853	0.216047	0.171676	0.266364	
0.004084	2	4	13	49	68	0.132444	0.214610	0.214302	0.171623	0.267021	
0.004068	2	4	13	49	68	0.131828	0.216367	0.212558	0.171569	0.267678	
0.004053	2	4	13	49	68	0.131211	0.218125	0.210813	0.171516	0.268335	
0.004038	2	4	13	49	68	0.130595	0.219882	0.209069	0.171463	0.268991	
0.004022	2	4	13	49	68	0.129978	0.221639	0.207324	0.171410	0.269648	
0.004007	2	4	13	49	68	0.129361	0.223397	0.205580	0.171357	0.270305	
0.003991	2	4	13	49	68	0.128745	0.225154	0.203835	0.171304	0.270962	
0.003976	2	4	13	49	68	0.128128	0.226911	0.202091	0.171251	0.271619	
0.003961	2	4	13	49	68	0.127512	0.228669	0.200346	0.171198	0.272276	
0.003945	2	4	13	49	68	0.126895	0.230426	0.198602	0.171145	0.272932	
0.003930	2	4	13	49	68	0.126279	0.232183	0.196857	0.171092	0.273589	
0.003914	2	4	13	49	68	0.125662	0.233940	0.195113	0.171038	0.274246	
0.003899	2	4	13	49	68	0.125046	0.235698	0.193368	0.170985	0.274903	
0.003884	2	4	13	49	68	0.124429	0.237455	0.191624	0.170932	0.275560	
0.003868	2	4	13	49	68	0.123813	0.239212	0.189879	0.170879	0.276217	
0.003853	2	4	13	49	68	0.123196	0.240970	0.188135	0.170826	0.276873	
0.003837	2	4	13	49	68	0.122579	0.242727	0.186390	0.170773	0.277530	
0.003822	2	4	13	49	68	0.121963	0.244484	0.184646	0.170720	0.278187	
0.003807	2	4	13	49	68	0.121346	0.246242	0.182901	0.170667	0.278844	
0.003791	2	4	13	49	68	0.120730	0.247999	0.181157	0.170614	0.279501	
0.003776	2	4	13	49	68	0.120113	0.249756	0.179412	0.170561	0.280158	
0.003760	2	4	13	49	68	0.119497	0.251513	0.177668	0.170507	0.280814	
0.003745	2	4	13	49	68	0.118880	0.253271	0.175924	0.170454	0.281471	
0.003730	2	4	13	49	68	0.118264	0.255028	0.174179	0.170401	0.282128	
0.003714	2	4	13	49	68	0.117647	0.256785	0.172435	0.170348	0.282785	
0.003699	2	4	13	49	68	0.117030	0.258543	0.170690	0.170295	0.283442	
0.003684	2	4	13	49	68	0.116414	0.260300	0.168946	0.170242	0.284099	
0.003668	2	4	13	49	68	0.115797	0.262057	0.167201	0.170189	0.284755	
0.003653	2	4	13	49	68	0.115181	0.263815	0.165457	0.170136	0.285412	
0.003637	2	4	13	49	68	0.114564	0.265572	0.163712	0.170083	0.286069	
0.003622	2	4	13	49	68	0.113948	0.267329	0.161968	0.170030	0.286726	
0.003607	2	4	13	49	68	0.113331	0.269086	0.160223	0.169976	0.287383	
0.003591	2	4	13	49	68	0.112715	0.270844	0.158479	0.169923	0.288040	
0.003576	2	4	13	49	68	0.112098	0.272601	0.156734	0.169870	0.288696	
0.003560	2	4	13	49	68	0.111481	0.274358	0.154990	0.169817	0.289353	
0.003545	2	4	13	49	68	0.110865	0.276116	0.153245	0.169764	0.290010	
0.003530	2	4	13	49	68	0.110248	0.277873	0.151501	0.169711	0.290667	
0.003514	2	4	13	49	68	0.109632	0.279630	0.149756	0.169658	0.291324	
0.003499	2	4	13	49	68	0.109015	0.281388	0.148012	0.169605	0.291981	
0.003483	2	4	13	49	68	0.108399	0.283145	0.146267	0.169552	0.292637	
0.003468	2	4	13	49	68	0.107782	0.284902	0.144523	0.169499	0.293294	
0.003453	2	4	13	49	68	0.107166	0.286659	0.142778	0.169446	0.293951	
0.003437	2	4	13	49	68	0.106549	0.288417	0.141034	0.169392	0.294608	
0.003422	2	4	13	49	68	0.105932	0.290174	0.139289	0.169339	0.295265	
0.003406	2	4	13	49	68	0.105316	0.291931	0.137545	0.169286	0.295922	
0.003391	2	4	13	49	68	0.104699	0.293689	0.135801	0.169233	0.296578	
0.003376	2	4	13	49	68	0.104083	0.295446	0.134056	0.169180	0.297235	
0.003360	2	4	13	49	68	0.103466	0.297203	0.132312	0.169127	0.297892	
0.003345	2	4	13	49	68	0.102850	0.298960	0.130567	0.169074	0.298549	
0.003329	2	4	13	49	68	0.102233	0.300718	0.128823	0.169021	0.299206	
0.003314	2	4	13	49	68	0.101617	0.302475	0.127078	0.168968	0.299863	
0.003299	2	4	13	49	68	0.101000	0.304232	0.125334	0.168915	0.300519	
0.003283	2	4	13	49	68	0.100383	0.305990	0.123589	0.168861	0.301176	
0.003268	2	4	13	49	68	0.099767	0.307747	0.121845	0.168808	0.301833	
0.003253	2	4	13	49	68	0.099150	0.309504	0.120100	0.168755	0.302490	
0.003237	2	4	13	49	68	0.098534	0.311262	0.118356	0.168702	0.303147	
0.003222	2	4	13	49	68	0.097917	0.313019	0.116611	0.168649	0.303804	
0.003206	2	4	13	49	68	0.097301	0.314776	0.114867	0.168596	0.304460	
0.003191	2	4	13	49	68	0.096684	0.316533	0.113122	0.168543	0.305117	
0.003176	2	4	13	49	68	0.096068	0.318291	0.111378	0.168490	0.305774	
0.003160	2	4	13	49	68	0.095451	0.320048	0.109633	0.168437	0.306431	
0.003145	2	4	13	49	68	0.094835	0.321805	0.107889	0.168384	0.307088	
0.003129	2	4	13	49	68	0.094218	0.323563	0.106145	0.168330	0.307745	
0.003114	2	4	13	49	68	0.093601	0.325320	0.104400	0.168277	0.308401	
0.003099	2	4	13	49	68	0.092985	0.327077	0.102656	0.168224	0.309058	
0.003083	2	4	13	49	68	0.092368	0.328834	0.100911	0.168171	0.309715	
0.003068	2	4	13	49	68	0.091752	0.330592	0.099167	0.168118	0.310372	
0.003052	2	4	13	49	68	0.091135	0.332349	0.097422	0.168065	0.311029	
0.003037	2	4	13	49	68	0.090519	0.334106	0.095678	0.168012	0.311686	
0.003022	2	4	13	49	68	0.089902	0.335864	0.093933	0.167959	0.312342	
0.003006	2	4	13	49	68	0.089286	0.337621	0.092189	0.167906	0.312999	
0.002991	2	4	13	49	68	0.088669	0.339378	0.090444	0.167853	0.313656	
0.002975	2	4	13	49	68	0.088052	0.341136	0.088700	0.167799	0.314313	
0.002960	2	4	13	49	68	0.087436	0.342893	0.086955	0.167746	0.314970	
0.002945	2	4	13	49	68	0.086819	0.344650	0.085211	0.167693	0.315627	
0.002929	2	4	13	49	68	0.086203	0.346408	0.083466	0.167640	0.316283	
0.002914	2	4	13	49	68	0.085586	0.348165	0.081722	0.167587	0.316940	
0.002899	2	4	13	49	68	0.084970	0.349922	0.079977	0.167534	0.317597	
0.002883	2	4	13	49	68	0.084353	0.351679	0.078233	0.167481	0.318254	
0.002868	2	4	13	49	68	0.083736	0.353437	0.076488	0.167428	0.318911	
0.002852	2	4	13	49	68	0.083120	0.355194	0.074744	0.167375	0.319568	
0.002837	4	13	40	49	68	0.303179	0.096705	0.148711	0.160962	0.290444	
0.002822	4	13	40	49	68	0.304889	0.094671	0.148645	0.160836	0.290959	
0.002806	4	13	40	49	68	0.306600	0.092637	0.148580	0.160710	0.291474	
0.002791	4	13	40	49	68	0.308311	0.090603	0.148514	0.160584	0.291988	
0.002775	4	13	40	49	68	0.310021	0.088568	0.148449	0.160458	0.292503	
0.002760	4	13	40	49	68	0.311732	0.086534	0.148383	0.160332	0.293018	
0.002745	4	13	40	49	68	0.313443	0.084500	0.148318	0.160206	0.293533	
0.002729	4	13	40	49	68	0.315153	0.082466	0.148252	0.160080	0.294048	
0.002714	4	13	40	49	68	0.316864	0.080432	0.148187	0.159954	0.294563	
0.002698	4	13	19	49	68	0.316709	0.127070	0.105605	0.154501	0.296115	
0.002683	4	13	19	49	68	0.317716	0.125367	0.106695	0.154136	0.296085	
0.002668	4	13	19	49	68	0.318723	0.123664	0.107786	0.153772	0.296054	
0.002652	4	13	19	49	68	0.319731	0.121961	0.108877	0.153408	0.296024	
0.002637	4	13	19	49	68	0.320738	0.120258	0.109967	0.153043	0.295993	
0.002621	4	13	19	49	68	0.321745	0.118555	0.111058	0.152679	0.295963	
0.002606	4	13	19	49	68	0.322753	0.116852	0.112149	0.152314	0.295932	
0.002591	4	13	19	49	68	0.323760	0.115149	0.113240	0.151950	0.295902	
0.002575	4	13	19	49	68	0.324768	0.113446	0.114330	0.151585	0.295871	
0.002560	4	13	19	49	68	0.325775	0.111743	0.115421	0.151221	0.295841	
0.002544	4	13	19	49	68	0.326782	0.110040	0.116512	0.150856	0.295810	
0.002529	4	13	19	49	68	0.327790	0.108337	0.117602	0.150492	0.295780	
0.002514	4	13	19	49	68	0.328797	0.106634	0.118693	0.150127	0.295749	
0.002498	2	4	49	68	71	0.098844	0.308797	0.181701	0.285922	0.124736	
0.002483	2	4	49	68	71	0.096211	0.312761	0.179798	0.286615	0.124615	
0.002468	2	4	49	68	71	0.093578	0.316726	0.177895	0.287308	0.124494	
0.002452	2	4	49	68	71	0.090944	0.320690	0.175992	0.288000	0.124374	
0.002437	4	13	19	49	68	0.333834	0.098118	0.124146	0.148305	0.295597	
0.002421	4	13	19	49	68	0.334841	0.096415	0.125237	0.147940	0.295566	
0.002406	4	13	19	49	68	0.335848	0.094712	0.126328	0.147576	0.295536	
0.002391	4	13	19	49	68	0.336856	0.093009	0.127418	0.147211	0.295505	
0.002375	4	13	19	49	68	0.337863	0.091306	0.128509	0.146847	0.295475	
0.002360	4	13	19	49	68	0.338870	0.089603	0.129600	0.146482	0.295445	
0.002344	4	13	19	49	68	0.339878	0.087900	0.130690	0.146118	0.295414	
0.002329	2	4	49	51	68	0.096243	0.306709	0.184404	0.116238	0.296406	
0.002314	2	4	49	51	68	0.093782	0.309626	0.182506	0.117548	0.296538	
0.002298	2	4	19	49	68	0.113635	0.307264	0.099314	0.185752	0.294035	
0.002283	2	4	19	49	68	0.111870	0.309006	0.101560	0.183998	0.293566	
0.002267	2	4	19	49	68	0.110106	0.310748	0.103806	0.182243	0.293098	
0.002252	2	4	19	49	68	0.108341	0.312490	0.106052	0.180489	0.292629	
0.002237	2	4	19	49	68	0.106576	0.314232	0.108298	0.178734	0.292160	
0.002221	2	4	19	49	68	0.104811	0.315974	0.110544	0.176980	0.291692	
0.002206	2	4	19	49	68	0.103046	0.317716	0.112790	0.175225	0.291223	
0.002190	2	4	19	49	68	0.101281	0.319458	0.115036	0.173471	0.290755	
0.002175	2	4	19	49	68	0.099516	0.321200	0.117282	0.171716	0.290286	
0.002160	2	4	19	49	68	0.097751	0.322942	0.119528	0.169962	0.289818	
0.002144	2	4	19	49	68	0.095986	0.324684	0.121774	0.168207	0.289349	
0.002129	2	4	19	49	68	0.094221	0.326426	0.124020	0.166453	0.288880	
0.002114	2	4	19	49	68	0.092456	0.328168	0.126266	0.164698	0.288412	
