0.008209	18										1.000000	
0.008197											
0.008186	18	29									0.982618	0.017382	
0.008174	18	29									0.973927	0.026073	
0.008162	18	29									0.965236	0.034764	
0.008151	18	29									0.956544	0.043456	
0.008139	10	18	29								0.013642	0.953106	0.033252	
0.008127	10	18	29								0.019181	0.946547	0.034272	
0.008115	10	18	29								0.024720	0.939988	0.035292	
0.008104	10	18	29								0.030259	0.933430	0.036311	
0.008092	10	18	29								0.035798	0.926871	0.037331	
0.008080	10	18	29								0.041337	0.920312	0.038351	
0.008069	10	18	29								0.046876	0.913754	0.039370	
0.008057	10	18	29								0.052415	0.907195	0.040390	
0.008045	10	18	29								0.057954	0.900636	0.041410	
0.008034	10	18	29								0.063493	0.894078	0.042429	
0.008022	10	18	29								0.069032	0.887519	0.043449	
0.008010	10	18	29								0.074571	0.880960	0.044469	
0.007999	10	18	29								0.080110	0.874401	0.045489	
0.007987	10	18	29								0.085650	0.867842	0.046508	
0.007975	10	18	29								0.091188	0.861284	0.047528	
0.007964	10	18	29								0.096727	0.854725	0.048548	
0.007952	10	18	29								0.102267	0.848166	0.049567	
0.007940	10	18	29								0.107806	0.841607	0.050587	
0.007928	10	18	29								0.113344	0.835049	0.051607	
0.007917	10	18	29								0.118884	0.828490	0.052626	
0.007905	10	18	29								0.124423	0.821931	0.053646	
0.007893	10	18	29								0.129962	0.815373	0.054666	
0.007882	10	18	29								0.135500	0.808814	0.055685	
0.007870	10	18	29								0.141040	0.802255	0.056705	
0.007858	10	18	29								0.146579	0.795697	0.057725	
0.007847	10	18	29								0.152118	0.789138	0.058744	
0.007835	10	18	29								0.157657	0.782579	0.059764	
0.007823	10	18	29								0.163196	0.776021	0.060784	
0.007812	10	18	29								0.168735	0.769462	0.061803	
0.007800	10	18	29								0.174274	0.762903	0.062823	
0.007788	10	18	29								0.179815	0.756342	0.063843	
0.007776	10	18	29								0.185355	0.749782	0.064863	
0.007765	10	18	29								0.190896	0.743221	0.065883	
0.007753	10	18	29	37							0.174433	0.747181	0.060085	0.018301	
0.007741	10	18	29	37							0.174947	0.743024	0.059548	0.022482	
0.007730	10	18	29	37	71						0.172632	0.739569	0.057766	0.019838	0.010195	
0.007718	10	18	29	37	71						0.172881	0.735478	0.057112	0.023379	0.011150	
0.007706	10	18	29	37	71						0.173130	0.731386	0.056458	0.026920	0.012106	
0.007695	10	18	29	37	71						0.173379	0.727295	0.055803	0.030461	0.013061	
0.007683	10	18	29	37	71						0.173628	0.723203	0.055149	0.034002	0.014017	
0.007671	10	18	29	37	71						0.173877	0.719112	0.054495	0.037544	0.014973	
0.007659	10	18	29	37	71						0.174126	0.715020	0.053841	0.041085	0.015928	
0.007648	10	18	29	37	71						0.174375	0.710929	0.053187	0.044626	0.016884	
0.007636	10	18	29	37	71						0.174624	0.706837	0.052533	0.048167	0.017839	
0.007624	10	18	29	37	71						0.174873	0.702746	0.051879	0.051708	0.018795	
0.007613	10	18	29	37	71						0.175121	0.698654	0.051225	0.055249	0.019750	
0.007601	10	18	29	37	71						0.175370	0.694563	0.050570	0.058790	0.020706	
0.007589	10	18	29	37	71						0.175619	0.690472	0.049916	0.062331	0.021662	
0.007578	10	18	29	37	71						0.175868	0.686380	0.049262	0.065872	0.022617	
0.007566	10	18	29	37	71						0.176117	0.682289	0.048608	0.069413	0.023573	
0.007554	10	18	29	37	71						0.176366	0.678197	0.047954	0.072954	0.024528	
0.007543	10	18	29	37	71						0.176615	0.674106	0.047300	0.076496	0.025484	
0.007531	10	18	29	37	71						0.176864	0.670014	0.046646	0.080037	0.026439	
0.007519	10	18	29	37	71						0.177113	0.665923	0.045991	0.083578	0.027395	
0.007507	10	18	29	37	71						0.177362	0.661831	0.045337	0.087119	0.028351	
0.007496	10	18	29	37	71						0.177611	0.657740	0.044683	0.090660	0.029306	
0.007484	10	18	29	37	71						0.177859	0.653648	0.044029	0.094201	0.030262	
0.007472	10	18	29	37	71						0.178108	0.649557	0.043375	0.097742	0.031217	
0.007461	10	18	29	37	71						0.178357	0.645466	0.042721	0.101283	0.032173	
0.007449	10	18	29	37	71						0.178606	0.641374	0.042067	0.104824	0.033128	
0.007437	10	18	29	37	71						0.178855	0.637283	0.041413	0.108366	0.034084	
0.007426	10	18	29	37	71						0.179104	0.633191	0.040758	0.111907	0.035040	
0.007414	10	18	29	37	71						0.179353	0.629100	0.040104	0.115448	0.035995	
0.007402	10	18	29	37	71						0.179602	0.625008	0.039450	0.118989	0.036951	
0.007391	10	18	29	37	71						0.179851	0.620917	0.038796	0.122530	0.037906	
0.007379	10	18	29	37	71						0.180100	0.616826	0.038142	0.126071	0.038862	
0.007367	10	18	29	37	71						0.180349	0.612734	0.037488	0.129612	0.039817	
0.007355	10	18	29	37	71						0.180597	0.608643	0.036834	0.133153	0.040773	
0.007344	10	18	29	37	71						0.180846	0.604551	0.036179	0.136694	0.041729	
0.007332	10	18	29	37	71						0.181095	0.600460	0.035525	0.140236	0.042684	
0.007320	10	18	29	37	71						0.181344	0.596368	0.034871	0.143777	0.043640	
0.007309	10	18	29	37	71						0.181593	0.592277	0.034217	0.147318	0.044595	
0.007297	10	18	29	37	71						0.181842	0.588185	0.033563	0.150859	0.045551	
0.007285	10	18	29	37	71						0.182091	0.584094	0.032909	0.154400	0.046507	
0.007274	10	18	29	37	71						0.182340	0.580002	0.032255	0.157941	0.047462	
0.007262	10	18	29	37	71						0.182589	0.575911	0.031600	0.161482	0.048418	
0.007250	10	18	29	37	71						0.182838	0.571819	0.030946	0.165023	0.049373	
0.007239	10	18	29	37	71						0.183087	0.567728	0.030292	0.168564	0.050329	
0.007227	10	18	29	37	71						0.183335	0.563637	0.029638	0.172105	0.051284	
0.007215	10	18	29	37	71						0.183584	0.559545	0.028984	0.175647	0.052240	
0.007203	10	18	29	37	71						0.183833	0.555454	0.028330	0.179188	0.053195	
0.007192	10	18	29	37	71						0.184082	0.551362	0.027676	0.182729	0.054151	
0.007180	10	18	29	37	71						0.184331	0.547271	0.027022	0.186269	0.055107	
0.007168	2	10	18	29	37	71					0.011803	0.184047	0.544027	0.026908	0.177523	0.055692	
0.007157	2	10	18	29	37	71					0.015586	0.184124	0.540208	0.026428	0.177126	0.056528	
0.007145	2	10	18	29	37	71					0.019369	0.184202	0.536388	0.025947	0.176728	0.057365	
0.007133	2	10	18	29	37	71					0.023152	0.184280	0.532569	0.025466	0.176331	0.058202	
0.007122	2	10	18	29	37	71					0.026936	0.184358	0.528749	0.024985	0.175933	0.059039	
0.007110	2	10	18	29	37	71					0.030719	0.184436	0.524930	0.024504	0.175535	0.059876	
0.007098	2	10	18	29	37	71					0.034502	0.184514	0.521110	0.024024	0.175138	0.060712	
0.007086	2	10	18	29	37	71					0.038286	0.184592	0.517290	0.023543	0.174740	0.061549	
0.007075	2	10	18	29	37	71					0.042069	0.184670	0.513471	0.023062	0.174343	0.062386	
0.007063	2	10	18	29	37	71					0.045852	0.184748	0.509651	0.022581	0.173945	0.063223	
0.007051	2	10	18	29	37	71					0.049635	0.184826	0.505832	0.022101	0.173547	0.064059	
0.007040	2	10	18	29	37	71					0.053419	0.184903	0.502012	0.021620	0.173150	0.064896	
0.007028	2	10	18	29	37	71					0.057202	0.184981	0.498193	0.021139	0.172752	0.065733	
0.007016	2	10	18	29	37	71					0.060985	0.185059	0.494373	0.020658	0.172355	0.066570	
0.007005	2	10	18	29	37	71					0.064768	0.185137	0.490554	0.020178	0.171957	0.067406	
0.006993	2	10	18	29	37	71					0.068551	0.185215	0.486734	0.019697	0.171559	0.068243	
0.006981	2	10	18	29	37	71					0.072335	0.185293	0.482915	0.019216	0.171162	0.069080	
0.006970	2	10	18	29	37	71					0.076118	0.185371	0.479095	0.018735	0.170764	0.069917	
0.006958	2	10	18	29	37	71					0.079901	0.185449	0.475275	0.018254	0.170367	0.070754	
0.006946	2	10	18	29	37	71					0.083684	0.185527	0.471456	0.017774	0.169969	0.071590	
0.006934	2	10	18	29	37	71					0.087468	0.185605	0.467636	0.017293	0.169571	0.072427	
0.006923	2	10	18	29	37	71					0.091251	0.185682	0.463817	0.016812	0.169174	0.073264	
0.006911	2	10	18	29	37	71					0.095034	0.185760	0.459997	0.016331	0.168776	0.074101	
0.006899	2	10	18	37	71						0.093127	0.193389	0.461303	0.176216	0.075965	
0.006888	2	10	18	37	71						0.097084	0.193238	0.457328	0.175581	0.076770	
0.006876	2	10	18	37	71						0.101040	0.193086	0.453352	0.174946	0.077576	
0.006864	2	9	10	18	29	37	71				0.101167	0.010059	0.183825	0.447785	0.014341	0.167911	0.074913	
0.006853	2	9	10	18	29	37	71				0.102654	0.012625	0.183329	0.444747	0.013843	0.167698	0.075103	
0.006841	2	9	10	18	29	37	71				0.104142	0.015191	0.182834	0.441710	0.013345	0.167486	0.075293	
0.006829	2	9	10	18	29	37	71				0.105629	0.017757	0.182339	0.438672	0.012847	0.167273	0.075484	
0.006818	2	9	10	18	29	37	71				0.107116	0.020323	0.181843	0.435635	0.012349	0.167060	0.075674	
0.006806	2	9	10	18	29	37	71				0.108604	0.022889	0.181348	0.432597	0.011851	0.166848	0.075864	
0.006794	2	9	10	18	29	37	71				0.110091	0.025455	0.180853	0.429560	0.011353	0.166635	0.076054	
0.006782	2	9	10	18	29	37	71				0.111579	0.028020	0.180357	0.426522	0.010855	0.166422	0.076244	
0.006771	2	9	10	18	29	37	71				0.113066	0.030586	0.179862	0.423485	0.010357	0.166210	0.076435	
0.006759	2	9	10	18	37	71					0.110971	0.033200	0.184052	0.423650	0.170875	0.077252	
0.006747	2	9	10	18	37	71					0.112639	0.035764	0.183320	0.420450	0.170416	0.077410	
0.006736	2	9	10	18	37	71					0.114308	0.038327	0.182588	0.417251	0.169957	0.077569	
0.006724	2	9	10	18	37	71					0.115976	0.040890	0.181856	0.414052	0.169498	0.077727	
0.006712	2	9	10	18	37	71					0.117644	0.043454	0.181124	0.410853	0.169039	0.077886	
0.006701	2	9	10	18	37	71					0.119313	0.046017	0.180392	0.407654	0.168580	0.078044	
0.006689	2	9	10	18	37	71					0.120981	0.048580	0.179660	0.404455	0.168121	0.078203	
0.006677	2	9	10	18	37	71					0.122649	0.051144	0.178928	0.401256	0.167662	0.078361	
0.006666	2	9	10	18	37	71					0.124317	0.053707	0.178196	0.398056	0.167203	0.078520	
0.006654	2	9	10	18	37	71					0.125986	0.056270	0.177464	0.394857	0.166744	0.078678	
0.006642	2	9	10	18	37	71					0.127654	0.058834	0.176732	0.391658	0.166285	0.078837	
0.006630	2	9	10	18	37	71					0.129322	0.061397	0.176000	0.388459	0.165826	0.078996	
0.006619	2	9	10	18	37	71					0.130991	0.063961	0.175268	0.385260	0.165367	0.079154	
0.006607	2	9	10	18	37	71					0.132659	0.066524	0.174536	0.382061	0.164908	0.079313	
0.006595	2	9	10	18	37	53	71				0.121904	0.048733	0.172827	0.386481	0.162616	0.031890	0.075547	
0.006584	2	9	10	18	37	53	71				0.122648	0.049782	0.172023	0.383849	0.162021	0.034264	0.075414	
0.006572	2	9	10	18	37	53	71				0.123391	0.050830	0.171218	0.381217	0.161425	0.036637	0.075280	
0.006560	2	9	10	18	29	37	53	71			0.127364	0.051167	0.165629	0.375585	0.010000	0.155822	0.040049	0.074383	
0.006549	2	9	10	18	29	37	53	71			0.128108	0.052215	0.164825	0.372953	0.010000	0.155227	0.042423	0.074250	
0.006537	2	9	10	18	29	37	53	71			0.128852	0.053264	0.164020	0.370321	0.010000	0.154631	0.044796	0.074116	
0.006525	2	9	10	18	37	53	71	82			0.125749	0.050045	0.168580	0.370421	0.158601	0.042965	0.073640	0.010000	
0.006513	2	9	10	18	37	53	71				0.127110	0.056073	0.167195	0.368057	0.158448	0.048504	0.074613	
0.006502	2	9	10	18	37	53	71				0.127854	0.057122	0.166390	0.365425	0.157853	0.050878	0.074479	
0.006490	2	9	10	18	37	53	71				0.128598	0.058170	0.165585	0.362793	0.157257	0.053251	0.074346	
0.006478	2	9	10	18	37	53	71				0.129341	0.059219	0.164781	0.360160	0.156662	0.055625	0.074212	
0.006467	2	9	10	18	37	53	71				0.130085	0.060267	0.163976	0.357528	0.156066	0.057998	0.074079	
0.006455	2	9	10	18	37	53	71				0.130829	0.061316	0.163171	0.354896	0.155471	0.060372	0.073945	
0.006443	2	9	10	18	37	53	71				0.131572	0.062364	0.162367	0.352264	0.154875	0.062745	0.073812	
0.006432	2	9	10	18	37	53	71				0.132316	0.063413	0.161562	0.349632	0.154280	0.065119	0.073678	
0.006420	2	9	10	18	37	53	71				0.133060	0.064462	0.160757	0.347000	0.153685	0.067492	0.073545	
0.006408	2	9	10	18	37	53	71				0.133804	0.065510	0.159953	0.344368	0.153089	0.069866	0.073411	
0.006397	2	9	10	18	37	53	71				0.134547	0.066559	0.159148	0.341735	0.152494	0.072239	0.073278	
0.006385	2	9	10	18	37	53	71	82			0.134399	0.060416	0.159181	0.338718	0.151259	0.070041	0.071547	0.014440	
0.006373	2	9	10	18	37	53	62	71			0.130071	0.063312	0.156720	0.340182	0.154308	0.067172	0.015555	0.072681	
0.006361	2	9	10	18	37	53	71				0.136778	0.069704	0.156734	0.333840	0.150707	0.079359	0.072877	
0.006350	2	9	10	18	37	53	71				0.137522	0.070752	0.155929	0.331208	0.150112	0.081732	0.072744	
0.006338	2	9	10	18	37	53	71				0.138266	0.071801	0.155125	0.328576	0.149517	0.084105	0.072610	
0.006326	2	9	10	18	37	53	71				0.139009	0.072849	0.154320	0.325944	0.148921	0.086479	0.072477	
0.006315	2	9	10	18	37	53	62	71	82		0.129573	0.057846	0.153159	0.328625	0.152275	0.068736	0.024029	0.070101	0.015656	
0.006303	2	9	10	18	37	53	62	71	82		0.129448	0.057898	0.152268	0.326501	0.152079	0.069575	0.026213	0.069867	0.016150	
0.006291	2	9	10	18	37	53	62	71	82		0.129324	0.057950	0.151377	0.324377	0.151884	0.070414	0.028397	0.069632	0.016645	
0.006280	2	9	10	18	37	53	62	71	82		0.129200	0.058002	0.150486	0.322253	0.151688	0.071253	0.030582	0.069397	0.017140	
0.006268	2	9	10	18	37	53	62	71	82		0.129075	0.058054	0.149595	0.320129	0.151493	0.072091	0.032766	0.069163	0.017634	
0.006256	2	9	10	18	37	53	62	71	82		0.128951	0.058106	0.148704	0.318005	0.151298	0.072930	0.034950	0.068928	0.018129	
0.006245	2	9	10	18	37	53	62	71	82		0.128827	0.058157	0.147813	0.315881	0.151102	0.073769	0.037134	0.068694	0.018623	
0.006233	2	9	10	18	37	53	62	71	82		0.128702	0.058209	0.146922	0.313756	0.150907	0.074608	0.039318	0.068459	0.019118	
0.006221	2	9	10	18	37	53	62	71	82		0.128578	0.058261	0.146031	0.311632	0.150712	0.075446	0.041502	0.068224	0.019613	
0.006209	2	9	10	18	37	53	55	71	76	82	0.129679	0.065499	0.145785	0.302336	0.147134	0.083407	0.013995	0.067187	0.025710	0.019267	
0.006198	2	9	10	18	37	53	62	71			0.128136	0.067311	0.142853	0.308847	0.151972	0.081234	0.049694	0.069953	
0.006186	2	9	10	18	37	53	62	71			0.128007	0.067578	0.141928	0.306758	0.151816	0.082172	0.051969	0.069772	
0.006174	2	9	10	18	37	53	62	71			0.127878	0.067844	0.141004	0.304669	0.151660	0.083109	0.054245	0.069590	
0.006163	2	9	10	18	37	53	62	71			0.127750	0.068111	0.140079	0.302580	0.151505	0.084046	0.056521	0.069408	
0.006151	2	9	10	18	37	53	62	71			0.127621	0.068377	0.139155	0.300491	0.151349	0.084984	0.058797	0.069226	
0.006139	2	9	10	18	37	53	62	71	82		0.127708	0.058624	0.139795	0.296763	0.149344	0.081318	0.056791	0.066582	0.023075	
0.006128	2	9	10	18	37	53	55	62	71	82	0.121925	0.057697	0.141244	0.292656	0.149899	0.077323	0.015894	0.055081	0.064928	0.023354	
0.006116	2	9	10	18	37	53	55	62	71	82	0.121671	0.057726	0.140406	0.290487	0.149721	0.078052	0.016255	0.057177	0.064661	0.023843	
0.006104	2	9	10	18	37	53	62	71	76		0.126156	0.069996	0.133908	0.291700	0.150589	0.087826	0.054957	0.068468	0.016400	
0.006093	2	9	10	18	37	53	55	62	71	76	0.120315	0.069087	0.135605	0.287607	0.151206	0.083850	0.016383	0.054805	0.066803	0.014339	
0.006081	2	9	10	18	37	53	55	62	71		0.120620	0.068796	0.136200	0.285758	0.151221	0.085241	0.017493	0.068123	0.066548	
0.006069	2	9	10	18	37	53	55	62	71		0.120362	0.069038	0.135329	0.283623	0.151082	0.086067	0.017858	0.070308	0.066333	
0.006057	2	9	10	18	37	53	55	62	71	76	0.119518	0.069832	0.132940	0.281192	0.150784	0.086306	0.017450	0.060959	0.066160	0.014859	
0.006046	2	9	10	18	37	53	55	62	71	76	0.119253	0.070081	0.132052	0.279053	0.150643	0.087125	0.017806	0.063010	0.065946	0.015032	
0.006034	2	9	10	18	37	53	55	62	71	76	0.118987	0.070329	0.131164	0.276915	0.150502	0.087944	0.018161	0.065061	0.065731	0.015205	
0.006022	2	9	10	18	37	53	55	62	71	82	0.119647	0.057963	0.133705	0.273133	0.148294	0.083882	0.019149	0.073940	0.062526	0.027761	
0.006011	2	9	10	18	37	53	55	62	71	76	0.118456	0.070826	0.129388	0.272638	0.150221	0.089581	0.018873	0.069164	0.065302	0.015551	
0.005999	2	9	10	18	37	53	55	62	71	82	0.119140	0.058022	0.132029	0.268795	0.147938	0.085339	0.019872	0.078131	0.061993	0.028740	
0.005987	2	9	10	18	37	53	62	66	71	82	0.126448	0.058731	0.128616	0.269492	0.144529	0.087937	0.080298	0.010000	0.064033	0.029915	
0.005976	2	9	10	18	37	53	55	62	71	82	0.118634	0.058081	0.130354	0.264456	0.147581	0.086797	0.020596	0.082322	0.061459	0.029720	
0.005964	2	9	10	18	37	53	55	62	71		0.118033	0.071216	0.127495	0.264409	0.149832	0.093497	0.021140	0.089979	0.064399	
0.005952	2	9	10	18	37	53	55	62	71	76	0.117128	0.072068	0.124947	0.261947	0.149517	0.093675	0.020651	0.079420	0.064230	0.016416	
0.005941	2	9	10	18	37	53	55	62	71	82	0.117875	0.058170	0.127841	0.257948	0.147046	0.088983	0.021681	0.088609	0.060658	0.031189	
0.005929	2	9	10	18	37	53	55	62	71	82	0.117622	0.058199	0.127003	0.255779	0.146868	0.089712	0.022043	0.090704	0.060391	0.031678	
0.005917	2	9	10	18	37	53	55	62	71	82	0.117369	0.058229	0.126166	0.253610	0.146690	0.090441	0.022404	0.092800	0.060124	0.032168	
0.005905	2	9	10	18	37	53	55	62	71	82	0.117116	0.058258	0.125328	0.251440	0.146511	0.091170	0.022766	0.094895	0.059857	0.032658	
0.005894	2	9	10	18	37	53	55	62	71	82	0.116863	0.058288	0.124490	0.249271	0.146333	0.091898	0.023128	0.096991	0.059591	0.033147	
0.005882	2	9	10	18	37	53	55	62	71	82	0.116609	0.058317	0.123653	0.247102	0.146155	0.092627	0.023490	0.099086	0.059324	0.033637	
0.005870	2	9	10	18	37	53	55	62	71	82	0.116356	0.058347	0.122815	0.244933	0.145976	0.093356	0.023851	0.101182	0.059057	0.034127	
0.005859	2	9	10	18	37	53	55	62	71	82	0.116103	0.058376	0.121977	0.242763	0.145798	0.094085	0.024213	0.103277	0.058790	0.034617	
0.005847	2	9	10	18	37	53	55	62	71	82	0.115850	0.058406	0.121140	0.240594	0.145620	0.094814	0.024575	0.105373	0.058523	0.035106	
0.005835	2	9	10	18	37	53	55	62	71	82	0.115597	0.058436	0.120302	0.238425	0.145441	0.095542	0.024936	0.107469	0.058256	0.035596	
0.005824	2	9	10	18	37	53	55	62	71	82	0.115344	0.058465	0.119464	0.236255	0.145263	0.096271	0.025298	0.109564	0.057989	0.036086	
0.005812	2	9	10	18	37	53	55	62	71	82	0.115091	0.058495	0.118627	0.234086	0.145085	0.097000	0.025660	0.111660	0.057722	0.036575	
0.005800	2	9	10	18	37	53	55	62	71	82	0.114838	0.058524	0.117789	0.231917	0.144907	0.097729	0.026022	0.113755	0.057455	0.037065	
0.005789	2	9	10	18	37	53	55	62	71	82	0.114585	0.058554	0.116951	0.229747	0.144728	0.098458	0.026383	0.115851	0.057189	0.037555	
0.005777	2	9	10	18	37	53	55	62	71	82	0.114332	0.058583	0.116113	0.227578	0.144550	0.099186	0.026745	0.117946	0.056922	0.038044	
0.005765	2	9	10	18	37	53	55	62	71	82	0.114078	0.058613	0.115276	0.225409	0.144372	0.099915	0.027107	0.120042	0.056655	0.038534	
0.005753	2	9	10	18	37	53	55	62	71	82	0.113825	0.058642	0.114438	0.223239	0.144193	0.100644	0.027468	0.122137	0.056388	0.039024	
0.005742	2	9	10	18	37	53	55	62	71	82	0.113572	0.058672	0.113600	0.221070	0.144015	0.101373	0.027830	0.124233	0.056121	0.039514	
0.005730	2	9	10	18	37	53	55	62	71	82	0.113319	0.058702	0.112763	0.218901	0.143837	0.102102	0.028192	0.126328	0.055854	0.040003	
0.005718	2	9	10	18	37	53	55	62	71	82	0.113066	0.058731	0.111925	0.216731	0.143658	0.102830	0.028554	0.128424	0.055587	0.040493	
0.005707	2	9	10	18	37	53	55	62	71	82	0.112813	0.058761	0.111087	0.214562	0.143480	0.103559	0.028915	0.130520	0.055320	0.040983	
0.005695	2	9	10	18	37	53	55	62	71	82	0.112560	0.058790	0.110250	0.212393	0.143302	0.104288	0.029277	0.132615	0.055053	0.041472	
0.005683	2	9	10	18	37	53	55	62	71	82	0.112307	0.058820	0.109412	0.210223	0.143123	0.105017	0.029639	0.134711	0.054786	0.041962	
0.005672	2	9	10	18	37	53	55	62	71	82	0.112054	0.058849	0.108574	0.208054	0.142945	0.105746	0.030000	0.136806	0.054520	0.042452	
0.005660	2	9	10	18	37	53	55	62	71	82	0.111800	0.058879	0.107736	0.205885	0.142767	0.106475	0.030362	0.138902	0.054253	0.042942	
0.005648	2	9	10	18	37	53	55	62	71	82	0.111547	0.058908	0.106899	0.203715	0.142589	0.107203	0.030724	0.140998	0.053986	0.043431	
0.005636	2	9	10	18	37	53	55	62	71	82	0.111294	0.058938	0.106061	0.201546	0.142410	0.107932	0.031086	0.143093	0.053719	0.043921	
0.005625	2	9	10	18	37	53	55	62	71	82	0.111041	0.058968	0.105223	0.199376	0.142232	0.108661	0.031447	0.145189	0.053452	0.044411	
0.005613	2	9	10	18	37	53	55	62	71	82	0.110788	0.058997	0.104386	0.197207	0.142054	0.109390	0.031809	0.147284	0.053185	0.044900	
0.005601	2	9	10	18	37	53	55	62	71	82	0.110535	0.059027	0.103548	0.195038	0.141875	0.110119	0.032171	0.149380	0.052918	0.045390	
0.005590	2	9	10	18	37	53	55	62	71	82	0.110282	0.059056	0.102710	0.192868	0.141697	0.110847	0.032532	0.151475	0.052651	0.045880	
0.005578	2	9	10	18	37	53	55	62	71	82	0.110029	0.059086	0.101872	0.190699	0.141519	0.111576	0.032894	0.153571	0.052384	0.046370	
0.005566	2	9	10	18	37	53	55	62	71	82	0.109776	0.059115	0.101035	0.188530	0.141340	0.112305	0.033256	0.155667	0.052117	0.046859	
0.005555	2	9	10	18	37	53	55	62	71	82	0.109522	0.059145	0.100197	0.186360	0.141162	0.113034	0.033618	0.157762	0.051851	0.047349	
0.005543	2	9	10	18	37	53	55	62	71	82	0.109269	0.059174	0.099359	0.184191	0.140984	0.113763	0.033979	0.159858	0.051584	0.047839	
0.005531	2	9	10	18	37	53	55	62	71	82	0.109016	0.059204	0.098522	0.182022	0.140806	0.114492	0.034341	0.161953	0.051317	0.048328	
0.005520	2	9	10	18	37	53	55	62	71	82	0.108763	0.059233	0.097684	0.179852	0.140627	0.115220	0.034703	0.164049	0.051050	0.048818	
0.005508	2	9	10	18	37	53	55	62	71	82	0.108510	0.059263	0.096846	0.177683	0.140449	0.115949	0.035064	0.166145	0.050783	0.049308	
0.005496	2	9	10	18	37	53	55	62	71	82	0.108257	0.059293	0.096008	0.175514	0.140271	0.116678	0.035426	0.168240	0.050516	0.049798	
0.005484	2	9	10	18	37	53	55	62	71	82	0.108004	0.059322	0.095171	0.173344	0.140092	0.117407	0.035788	0.170336	0.050249	0.050287	
0.005473	2	9	10	18	37	53	55	62	71	82	0.107751	0.059352	0.094333	0.171175	0.139914	0.118136	0.036150	0.172431	0.049982	0.050777	
0.005461	2	9	10	18	37	53	55	62	71	82	0.107498	0.059381	0.093495	0.169005	0.139736	0.118864	0.036511	0.174527	0.049715	0.051267	
0.005449	2	9	10	18	37	53	55	62	71	82	0.107244	0.059411	0.092658	0.166836	0.139557	0.119593	0.036873	0.176622	0.049449	0.051756	
0.005438	2	9	10	18	37	53	62	66	71	82	0.121928	0.059061	0.088239	0.170926	0.126886	0.111431	0.164789	0.047181	0.054868	0.054690	
0.005426	9	10	18	37	53	55	62	66	71	82	0.058414	0.092211	0.161666	0.230750	0.105015	0.036086	0.169464	0.041240	0.050886	0.054268	
0.005414	9	10	18	37	53	55	62	66	71	82	0.058399	0.091394	0.159544	0.230195	0.105399	0.036345	0.171143	0.042115	0.050672	0.054795	
0.005403	9	10	18	37	53	55	62	66	71	82	0.058383	0.090577	0.157421	0.229641	0.105782	0.036604	0.172822	0.042989	0.050459	0.055322	
0.005391	9	10	18	37	53	55	62	66	71	82	0.058367	0.089759	0.155299	0.229087	0.106165	0.036863	0.174501	0.043864	0.050245	0.055850	
0.005379	9	10	18	37	53	55	62	66	71	82	0.058352	0.088942	0.153176	0.228532	0.106548	0.037122	0.176180	0.044739	0.050032	0.056377	
0.005368	9	10	18	37	53	55	62	66	71	82	0.058336	0.088125	0.151054	0.227978	0.106932	0.037381	0.177859	0.045613	0.049818	0.056904	
0.005356	9	10	18	37	53	55	62	66	71	82	0.058320	0.087308	0.148931	0.227423	0.107315	0.037640	0.179538	0.046488	0.049604	0.057432	
0.005344	9	10	18	37	53	55	62	66	71	82	0.058305	0.086490	0.146809	0.226869	0.107698	0.037899	0.181217	0.047363	0.049391	0.057959	
0.005332	9	10	18	37	53	55	62	66	71	82	0.058289	0.085673	0.144687	0.226315	0.108082	0.038158	0.182896	0.048237	0.049177	0.058486	
0.005321	9	10	18	37	53	55	62	66	71	82	0.058273	0.084856	0.142564	0.225760	0.108465	0.038417	0.184575	0.049112	0.048964	0.059014	
0.005309	9	10	18	37	53	55	62	66	71	82	0.058258	0.084039	0.140442	0.225206	0.108848	0.038676	0.186254	0.049987	0.048750	0.059541	
0.005297	9	10	18	37	53	55	62	66	71	82	0.058242	0.083222	0.138319	0.224652	0.109231	0.038935	0.187933	0.050861	0.048537	0.060068	
0.005286	9	10	18	37	53	55	62	66	71	82	0.058226	0.082404	0.136197	0.224097	0.109615	0.039194	0.189612	0.051736	0.048323	0.060596	
0.005274	9	10	18	37	53	55	62	66	71	82	0.058210	0.081587	0.134074	0.223543	0.109998	0.039453	0.191291	0.052610	0.048109	0.061123	
0.005262	9	10	18	37	53	55	62	66	71	82	0.058195	0.080770	0.131952	0.222988	0.110381	0.039712	0.192971	0.053485	0.047896	0.061650	
0.005251	9	10	18	37	53	55	62	66	71	82	0.058179	0.079953	0.129829	0.222434	0.110765	0.039971	0.194650	0.054360	0.047682	0.062178	
0.005239	9	10	18	37	53	55	62	66	71	82	0.058163	0.079135	0.127707	0.221880	0.111148	0.040230	0.196329	0.055234	0.047469	0.062705	
0.005227	9	10	18	37	53	55	62	66	71	82	0.058148	0.078318	0.125584	0.221325	0.111531	0.040489	0.198008	0.056109	0.047255	0.063232	
0.005216	9	10	18	37	53	55	62	66	71	82	0.058132	0.077501	0.123462	0.220771	0.111914	0.040748	0.199687	0.056984	0.047042	0.063760	
0.005204	9	10	18	37	53	55	62	66	71	82	0.058116	0.076684	0.121339	0.220216	0.112298	0.041007	0.201366	0.057858	0.046828	0.064287	
0.005192	9	10	18	37	53	55	62	66	71	82	0.058101	0.075866	0.119217	0.219662	0.112681	0.041266	0.203045	0.058733	0.046614	0.064815	
0.005180	9	10	18	37	53	55	62	66	71	82	0.058085	0.075049	0.117095	0.219108	0.113064	0.041525	0.204724	0.059608	0.046401	0.065342	
0.005169	9	10	18	37	53	55	62	66	71	82	0.058069	0.074232	0.114972	0.218553	0.113447	0.041784	0.206403	0.060482	0.046187	0.065869	
0.005157	9	10	18	37	53	55	62	66	71	82	0.058054	0.073415	0.112850	0.217999	0.113831	0.042043	0.208082	0.061357	0.045974	0.066397	
0.005145	9	10	18	37	53	55	62	66	71	82	0.058038	0.072598	0.110727	0.217444	0.114214	0.042302	0.209761	0.062232	0.045760	0.066924	
0.005134	9	10	18	37	53	55	62	66	71	82	0.058022	0.071780	0.108604	0.216890	0.114597	0.042561	0.211440	0.063106	0.045547	0.067451	
0.005122	9	10	18	37	53	55	62	66	71	82	0.058006	0.070963	0.106482	0.216336	0.114981	0.042820	0.213119	0.063981	0.045333	0.067979	
0.005110	9	10	18	37	53	55	62	66	71	82	0.057991	0.070146	0.104359	0.215781	0.115364	0.043079	0.214798	0.064856	0.045119	0.068506	
0.005099	9	10	18	37	53	55	62	66	71	82	0.057975	0.069328	0.102237	0.215227	0.115747	0.043338	0.216478	0.065730	0.044906	0.069033	
0.005087	9	10	18	37	53	55	62	66	71	82	0.057959	0.068511	0.100114	0.214672	0.116131	0.043598	0.218157	0.066605	0.044692	0.069561	
0.005075	9	10	18	37	53	55	62	66	71	82	0.057944	0.067694	0.097992	0.214118	0.116514	0.043857	0.219836	0.067480	0.044479	0.070088	
0.005063	9	10	18	37	53	55	62	66	71	82	0.057928	0.066877	0.095869	0.213564	0.116897	0.044116	0.221515	0.068354	0.044265	0.070616	
0.005052	9	10	18	37	53	55	62	66	71	82	0.057912	0.066059	0.093747	0.213009	0.117280	0.044375	0.223194	0.069229	0.044052	0.071143	
0.005040	9	10	18	37	53	55	62	66	71	82	0.057897	0.065242	0.091624	0.212455	0.117664	0.044634	0.224873	0.070104	0.043838	0.071670	
0.005028	2	10	18	53	55	62	66	71	72	82	0.213877	0.075130	0.103134	0.111975	0.037530	0.205326	0.070799	0.041350	0.060769	0.080110	
0.005017	2	10	18	53	55	62	66	71	72	82	0.213379	0.074315	0.101014	0.112183	0.037750	0.206825	0.071599	0.041095	0.061367	0.080472	
0.005005	2	10	18	53	55	62	66	71	72	82	0.212882	0.073499	0.098894	0.112391	0.037970	0.208324	0.072398	0.040841	0.061966	0.080834	
0.004993	2	10	18	53	55	62	66	71	72	82	0.212385	0.072683	0.096775	0.112599	0.038191	0.209823	0.073198	0.040586	0.062564	0.081196	
0.004982	2	10	18	53	55	62	66	71	72	82	0.211888	0.071867	0.094655	0.112806	0.038411	0.211322	0.073997	0.040332	0.063163	0.081558	
0.004970	2	10	18	53	55	62	66	71	72	82	0.211391	0.071052	0.092535	0.113014	0.038632	0.212821	0.074797	0.040077	0.063761	0.081921	
0.004958	2	10	18	53	55	62	66	71	72	82	0.210894	0.070236	0.090415	0.113222	0.038852	0.214320	0.075596	0.039822	0.064359	0.082283	
0.004947	2	10	18	53	55	62	66	71	72	82	0.210396	0.069420	0.088295	0.113430	0.039073	0.215819	0.076396	0.039568	0.064958	0.082645	
0.004935	2	10	18	53	55	62	66	71	72	82	0.209899	0.068604	0.086176	0.113638	0.039293	0.217318	0.077195	0.039313	0.065556	0.083007	
0.004923	2	10	18	53	55	62	66	71	72	82	0.209402	0.067789	0.084056	0.113846	0.039514	0.218817	0.077995	0.039059	0.066155	0.083369	
0.004911	2	10	18	53	55	62	66	71	72	82	0.208905	0.066973	0.081936	0.114053	0.039734	0.220316	0.078794	0.038804	0.066753	0.083731	
0.004900	2	10	18	53	55	62	66	71	72	82	0.208408	0.066157	0.079816	0.114261	0.039954	0.221815	0.079594	0.038549	0.067351	0.084093	
0.004888	10	18	37	53	55	62	66	71	77	82	0.063867	0.080775	0.198724	0.116408	0.044352	0.226630	0.070252	0.042125	0.067828	0.089040	
0.004876	10	18	37	53	55	62	66	71	77	82	0.063115	0.078892	0.198044	0.116524	0.044528	0.227727	0.070909	0.041933	0.068962	0.089367	
0.004865	10	18	37	53	55	62	66	71	77	82	0.062363	0.077009	0.197364	0.116640	0.044705	0.228824	0.071566	0.041740	0.070096	0.089694	
0.004853	10	18	37	53	55	62	66	71	77	82	0.061612	0.075126	0.196684	0.116756	0.044881	0.229920	0.072223	0.041548	0.071229	0.090021	
0.004841	2	10	18	53	55	62	66	71	77	82	0.194015	0.064319	0.081256	0.117672	0.041272	0.217034	0.076532	0.042878	0.073669	0.091353	
0.004830	2	10	18	53	55	62	66	71	77	82	0.193365	0.063551	0.079342	0.117783	0.041459	0.218177	0.077174	0.042679	0.074795	0.091676	
0.004818	2	10	18	53	55	62	66	71	77	82	0.192714	0.062782	0.077428	0.117894	0.041646	0.219320	0.077816	0.042481	0.075922	0.091998	
0.004806	2	10	18	53	55	62	66	71	77	82	0.192064	0.062013	0.075514	0.118004	0.041833	0.220463	0.078458	0.042283	0.077048	0.092320	
0.004795	2	10	18	53	55	62	66	71	77	82	0.191413	0.061245	0.073600	0.118115	0.042019	0.221606	0.079100	0.042085	0.078174	0.092643	
0.004783	2	10	18	53	55	62	66	71	77	82	0.190763	0.060476	0.071686	0.118226	0.042206	0.222749	0.079743	0.041887	0.079300	0.092965	
0.004771	2	10	18	53	62	66	71	72	77	82	0.205519	0.055944	0.076405	0.109843	0.209905	0.081245	0.041135	0.067302	0.074226	0.078477	
0.004759	2	10	18	53	62	66	71	72	77	82	0.204945	0.055161	0.074520	0.109884	0.210952	0.081881	0.040925	0.067731	0.075297	0.078704	
0.004748	2	10	18	53	62	66	71	72	77	82	0.204371	0.054379	0.072635	0.109925	0.211999	0.082517	0.040715	0.068159	0.076368	0.078931	
0.004736	2	3	10	18	53	62	66	71	77	82	0.197791	0.053328	0.050711	0.082602	0.119599	0.207709	0.079754	0.044253	0.076633	0.087620	
0.004724	2	3	10	18	53	62	66	71	77	82	0.197174	0.053824	0.049907	0.080826	0.119678	0.208652	0.080343	0.044063	0.077654	0.087879	
0.004713	2	3	10	18	53	62	66	71	77	82	0.196558	0.054321	0.049103	0.079050	0.119757	0.209595	0.080932	0.043873	0.078674	0.088138	
0.004701	2	10	18	30	53	55	62	66	72	82	0.203526	0.063119	0.062565	0.064449	0.117227	0.042418	0.218974	0.071195	0.069792	0.086735	
0.004689	2	10	18	30	53	55	62	66	72	82	0.203033	0.062314	0.060638	0.065674	0.117283	0.042513	0.219971	0.071704	0.070065	0.086806	
0.004678	2	10	18	30	53	55	62	66	72	82	0.202540	0.061509	0.058712	0.066899	0.117338	0.042608	0.220968	0.072213	0.070338	0.086876	
0.004666	2	10	18	30	53	55	62	66	72	82	0.202047	0.060704	0.056785	0.068123	0.117394	0.042703	0.221964	0.072722	0.070610	0.086947	
0.004654	2	10	18	30	53	55	62	66	72	82	0.201554	0.059899	0.054859	0.069348	0.117449	0.042797	0.222961	0.073231	0.070883	0.087017	
0.004643	2	10	18	30	53	55	62	66	72	82	0.201062	0.059094	0.052932	0.070573	0.117505	0.042892	0.223958	0.073740	0.071156	0.087088	
0.004631	2	10	18	30	53	55	62	66	72	82	0.200569	0.058289	0.051006	0.071798	0.117560	0.042987	0.224955	0.074249	0.071429	0.087158	
0.004619	2	10	18	30	53	55	62	66	72	82	0.200076	0.057484	0.049080	0.073023	0.117616	0.043082	0.225951	0.074757	0.071702	0.087229	
0.004607	2	10	18	30	53	55	62	66	72	82	0.199583	0.056679	0.047153	0.074248	0.117671	0.043176	0.226948	0.075266	0.071974	0.087299	
0.004596	2	10	18	30	53	55	62	66	72	82	0.199091	0.055874	0.045227	0.075473	0.117727	0.043271	0.227945	0.075775	0.072247	0.087370	
0.004584	2	10	18	30	53	55	62	66	72	82	0.198598	0.055069	0.043300	0.076698	0.117782	0.043366	0.228942	0.076284	0.072520	0.087440	
0.004572	2	10	18	30	53	55	62	66	72	82	0.198105	0.054264	0.041374	0.077923	0.117838	0.043461	0.229938	0.076793	0.072793	0.087511	
0.004561	2	3	18	30	53	62	66	71	77	82	0.205554	0.052482	0.078746	0.060753	0.120882	0.215508	0.075559	0.043164	0.066508	0.080844	
0.004549	2	3	18	30	53	62	66	71	77	82	0.204763	0.052785	0.076768	0.061875	0.120832	0.216002	0.075922	0.042842	0.067262	0.080948	
0.004537	2	3	18	30	53	62	66	71	77	82	0.203972	0.053087	0.074791	0.062996	0.120782	0.216497	0.076285	0.042519	0.068016	0.081053	
0.004526	2	3	18	30	53	62	66	71	77	82	0.203181	0.053390	0.072813	0.064118	0.120732	0.216992	0.076648	0.042197	0.068770	0.081157	
0.004514	2	3	18	30	53	62	66	71	77	82	0.202390	0.053693	0.070836	0.065240	0.120683	0.217487	0.077011	0.041875	0.069525	0.081261	
0.004502	2	3	18	30	53	62	66	71	77	82	0.201599	0.053995	0.068859	0.066361	0.120633	0.217982	0.077374	0.041552	0.070279	0.081365	
0.004491	2	3	18	30	53	62	66	71	77	82	0.200808	0.054298	0.066881	0.067483	0.120583	0.218477	0.077737	0.041230	0.071033	0.081469	
0.004479	2	3	18	30	53	62	66	71	77	82	0.200017	0.054601	0.064904	0.068605	0.120533	0.218972	0.078100	0.040908	0.071787	0.081574	
0.004467	2	3	18	30	53	62	66	71	77	82	0.199226	0.054903	0.062926	0.069726	0.120483	0.219467	0.078463	0.040585	0.072542	0.081678	
0.004455	2	3	18	30	53	62	66	71	77	82	0.198435	0.055206	0.060949	0.070848	0.120433	0.219962	0.078826	0.040263	0.073296	0.081782	
0.004444	10	30	37	53	55	62	66	72	77	82	0.063812	0.064971	0.197861	0.109462	0.052465	0.222457	0.073960	0.065733	0.054421	0.094856	
0.004432	10	30	37	53	55	62	66	72	77	82	0.061673	0.066702	0.196222	0.109251	0.052036	0.223816	0.074202	0.065769	0.056360	0.093969	
0.004420	10	30	37	53	55	62	66	72	77	82	0.059534	0.068433	0.194583	0.109040	0.051606	0.225175	0.074444	0.065805	0.058299	0.093082	
0.004409	10	30	37	53	55	62	66	72	77	82	0.057395	0.070164	0.192944	0.108829	0.051176	0.226533	0.074686	0.065841	0.060238	0.092195	
0.004397	10	30	37	53	55	62	66	72	77	82	0.055256	0.071895	0.191304	0.108618	0.050746	0.227892	0.074928	0.065877	0.062177	0.091307	
0.004385	10	30	37	53	55	62	66	72	77	82	0.053116	0.073625	0.189665	0.108407	0.050316	0.229251	0.075169	0.065913	0.064116	0.090420	
0.004374	10	30	37	53	55	62	66	72	77	82	0.050977	0.075356	0.188026	0.108196	0.049886	0.230610	0.075411	0.065949	0.066055	0.089533	
0.004362	10	30	37	53	55	62	66	72	77	82	0.048838	0.077087	0.186387	0.107985	0.049457	0.231968	0.075653	0.065985	0.067994	0.088645	
0.004350	2	10	30	53	55	62	66	72	77	82	0.187503	0.056883	0.076960	0.108858	0.047584	0.215791	0.079751	0.069567	0.064636	0.092468	
0.004339	2	10	30	53	55	62	66	72	77	82	0.186096	0.054557	0.078738	0.108593	0.047116	0.217285	0.079927	0.069591	0.066605	0.091491	
0.004327	2	10	30	53	55	62	66	72	77	82	0.184690	0.052232	0.080516	0.108328	0.046649	0.218779	0.080104	0.069615	0.068574	0.090513	
0.004315	2	10	30	53	55	62	66	72	77	82	0.183283	0.049906	0.082294	0.108063	0.046181	0.220274	0.080281	0.069639	0.070543	0.089536	
0.004303	2	10	30	53	55	62	66	72	77	82	0.181877	0.047580	0.084073	0.107798	0.045714	0.221768	0.080458	0.069663	0.072512	0.088558	
0.004292	2	10	30	53	55	62	66	72	77	82	0.180470	0.045255	0.085851	0.107533	0.045247	0.223262	0.080634	0.069687	0.074481	0.087581	
0.004280	2	10	30	53	55	62	66	72	77	82	0.179064	0.042929	0.087629	0.107268	0.044779	0.224756	0.080811	0.069711	0.076450	0.086603	
0.004268	2	10	30	53	55	62	66	72	77	82	0.177657	0.040603	0.089407	0.107003	0.044312	0.226251	0.080988	0.069735	0.078419	0.085626	
0.004257	2	10	30	53	55	62	66	72	77	82	0.176251	0.038278	0.091185	0.106738	0.043844	0.227745	0.081164	0.069758	0.080388	0.084648	
0.004245	2	10	30	53	55	62	66	72	77	82	0.174844	0.035952	0.092963	0.106473	0.043377	0.229239	0.081341	0.069782	0.082357	0.083671	
0.004233	2	10	30	46	53	55	62	66	72	82	0.188058	0.049140	0.083487	0.065252	0.109071	0.044354	0.222951	0.078287	0.070181	0.089219	
0.004222	2	10	30	46	53	55	62	66	72	82	0.187191	0.047801	0.084258	0.068022	0.108677	0.043969	0.223376	0.078152	0.070012	0.088542	
0.004210	3	25	30	37	53	55	62	66	71	82	0.049009	0.073375	0.078714	0.202065	0.114081	0.041581	0.238618	0.080585	0.033840	0.088132	
0.004198	3	25	30	37	53	55	62	66	71	82	0.049897	0.076644	0.079805	0.200372	0.113316	0.041187	0.238234	0.080342	0.033144	0.087061	
0.004186	3	25	30	37	53	55	62	66	71	82	0.050784	0.079912	0.080896	0.198678	0.112550	0.040794	0.237850	0.080098	0.032448	0.085990	
0.004175	3	25	30	37	53	55	62	66	71	82	0.051672	0.083181	0.081987	0.196985	0.111785	0.040400	0.237465	0.079854	0.031752	0.084919	
0.004163	3	25	30	37	53	55	62	66	71	82	0.052559	0.086449	0.083078	0.195292	0.111020	0.040006	0.237081	0.079610	0.031056	0.083849	
0.004151	3	25	30	37	53	55	62	66	71	82	0.053447	0.089718	0.084169	0.193599	0.110254	0.039613	0.236696	0.079366	0.030360	0.082778	
0.004140	3	25	30	37	53	55	62	66	72	82	0.048095	0.075104	0.082981	0.199867	0.105928	0.041001	0.232144	0.075661	0.057474	0.081746	
0.004128	3	25	30	37	53	55	62	66	72	82	0.049080	0.078708	0.084061	0.197965	0.105050	0.040511	0.231725	0.075479	0.056947	0.080473	
0.004116	3	25	30	37	53	55	62	66	72	82	0.050065	0.082312	0.085141	0.196063	0.104172	0.040022	0.231307	0.075296	0.056421	0.079201	
0.004105	3	25	30	37	53	55	62	66	77	82	0.046966	0.070219	0.080278	0.192471	0.111610	0.043707	0.228004	0.073577	0.060656	0.092512	
0.004093	3	25	30	37	53	55	62	66	77	82	0.047790	0.073390	0.081135	0.190499	0.110518	0.043191	0.227292	0.073331	0.061728	0.091127	
0.004081	3	25	30	37	53	55	62	66	77	82	0.048613	0.076562	0.081991	0.188526	0.109425	0.042675	0.226581	0.073085	0.062800	0.089741	
0.004070	3	25	30	37	53	55	62	66	77	82	0.049437	0.079733	0.082848	0.186554	0.108333	0.042159	0.225869	0.072839	0.063871	0.088356	
0.004058	3	25	30	37	53	55	62	66	77	82	0.050261	0.082905	0.083704	0.184582	0.107241	0.041643	0.225157	0.072594	0.064943	0.086970	
0.004046	3	25	30	37	53	55	62	66	77	82	0.051085	0.086077	0.084561	0.182609	0.106149	0.041128	0.224445	0.072348	0.066015	0.085584	
0.004034	3	25	30	37	53	55	62	66	77	82	0.051909	0.089248	0.085417	0.180637	0.105057	0.040612	0.223733	0.072102	0.067086	0.084199	
0.004023	3	25	30	37	53	55	62	66	77	82	0.052733	0.092420	0.086273	0.178664	0.103965	0.040096	0.223022	0.071856	0.068158	0.082813	
0.004011	2	25	30	46	53	55	62	66	71	82	0.188565	0.079882	0.084175	0.079452	0.105942	0.037973	0.225980	0.080218	0.035197	0.082615	
0.003999	2	30	41	46	53	62	66	71	72	82	0.202648	0.078669	0.061751	0.075721	0.101655	0.223795	0.078296	0.035110	0.063205	0.079150	
0.003988	2	30	41	46	53	62	66	71	72	82	0.201424	0.078999	0.063550	0.077941	0.100862	0.223492	0.077686	0.034700	0.062856	0.078488	
0.003976	2	30	41	46	53	62	66	71	72	82	0.200201	0.079330	0.065350	0.080161	0.100069	0.223189	0.077076	0.034291	0.062506	0.077826	
0.003964	2	3	25	30	46	53	62	66	71	82	0.195473	0.048925	0.082039	0.083602	0.071132	0.107820	0.210134	0.082284	0.037504	0.081086	
0.003953	2	3	25	30	46	53	62	66	71	82	0.194154	0.049184	0.083969	0.084020	0.073427	0.106854	0.209471	0.081783	0.037032	0.080105	
0.003941	2	3	25	30	46	53	62	66	71	82	0.192835	0.049443	0.085899	0.084438	0.075723	0.105888	0.208808	0.081282	0.036560	0.079123	
0.003929	2	3	25	30	46	53	62	66	71	82	0.191515	0.049702	0.087830	0.084856	0.078019	0.104921	0.208145	0.080781	0.036088	0.078142	
0.003918	2	3	25	30	46	53	62	66	71	82	0.190196	0.049961	0.089760	0.085274	0.080315	0.103955	0.207482	0.080280	0.035616	0.077160	
0.003906	2	3	25	30	46	53	62	66	71	82	0.188877	0.050220	0.091690	0.085693	0.082611	0.102988	0.206820	0.079779	0.035144	0.076179	
0.003894	2	3	25	30	46	53	62	66	71	82	0.187558	0.050479	0.093620	0.086111	0.084907	0.102022	0.206157	0.079279	0.034672	0.075197	
0.003882	2	3	25	30	46	53	62	66	71	82	0.186239	0.050738	0.095550	0.086529	0.087203	0.101056	0.205494	0.078778	0.034200	0.074216	
0.003871	2	3	25	30	46	53	62	66	71	82	0.184919	0.050997	0.097480	0.086947	0.089498	0.100089	0.204831	0.078277	0.033727	0.073234	
0.003859	2	3	25	30	46	53	62	66	71	82	0.183600	0.051256	0.099410	0.087365	0.091794	0.099123	0.204168	0.077776	0.033255	0.072253	
0.003847	2	3	25	30	46	53	62	66	71	82	0.182281	0.051515	0.101340	0.087783	0.094090	0.098156	0.203505	0.077275	0.032783	0.071271	
0.003836	2	3	25	30	46	53	62	66	71	82	0.180962	0.051774	0.103270	0.088201	0.096386	0.097190	0.202842	0.076774	0.032311	0.070290	
0.003824	2	25	30	41	46	53	62	66	71	82	0.190042	0.073861	0.082590	0.063775	0.092712	0.097997	0.214625	0.072190	0.034936	0.077270	
0.003812	2	25	30	41	46	53	62	66	71	82	0.188907	0.075057	0.082792	0.065113	0.094577	0.097025	0.213999	0.071576	0.034512	0.076442	
0.003801	2	25	30	41	46	53	62	66	71	82	0.187773	0.076253	0.082994	0.066450	0.096441	0.096052	0.213374	0.070962	0.034088	0.075615	
0.003789	2	25	30	41	46	53	62	66	71	82	0.186638	0.077449	0.083195	0.067787	0.098305	0.095080	0.212748	0.070348	0.033664	0.074787	
0.003777	2	25	30	41	46	53	62	66	71	82	0.185504	0.078645	0.083397	0.069124	0.100169	0.094107	0.212122	0.069733	0.033240	0.073959	
0.003766	2	25	30	41	46	53	62	66	71	82	0.184369	0.079841	0.083599	0.070461	0.102033	0.093134	0.211497	0.069119	0.032816	0.073131	
0.003754	2	25	30	41	46	53	62	66	71	82	0.183234	0.081037	0.083801	0.071798	0.103897	0.092162	0.210871	0.068505	0.032392	0.072303	
0.003742	2	30	41	46	53	62	66	72	75	82	0.189417	0.079825	0.074054	0.087646	0.088361	0.196378	0.073177	0.063652	0.070539	0.076952	
0.003730	2	30	41	46	53	62	66	72	75	82	0.188223	0.079862	0.075470	0.089558	0.087367	0.195544	0.072725	0.063182	0.071865	0.076202	
0.003719	2	30	41	46	53	62	66	72	75	82	0.187030	0.079899	0.076885	0.091471	0.086373	0.194711	0.072273	0.062713	0.073192	0.075453	
0.003707	2	30	41	46	53	62	66	72	75	82	0.185837	0.079936	0.078301	0.093383	0.085379	0.193878	0.071820	0.062244	0.074519	0.074704	
0.003695	2	30	41	46	53	62	66	72	75	82	0.184643	0.079973	0.079717	0.095295	0.084385	0.193044	0.071368	0.061774	0.075845	0.073954	
0.003684	2	30	41	46	53	62	66	72	75	82	0.183450	0.080009	0.081132	0.097208	0.083391	0.192211	0.070916	0.061305	0.077172	0.073205	
0.003672	2	30	41	46	53	62	66	72	75	82	0.182257	0.080046	0.082548	0.099120	0.082397	0.191378	0.070464	0.060836	0.078498	0.072456	
0.003660	2	30	41	46	53	62	66	72	75	82	0.181063	0.080083	0.083964	0.101032	0.081403	0.190544	0.070012	0.060366	0.079825	0.071706	
0.003649	2	30	41	46	53	62	66	72	75	82	0.179870	0.080120	0.085380	0.102945	0.080409	0.189711	0.069560	0.059897	0.081152	0.070957	
0.003637	2	30	41	46	53	62	66	72	75	82	0.178677	0.080156	0.086795	0.104857	0.079415	0.188878	0.069108	0.059428	0.082478	0.070208	
0.003625	2	30	41	46	53	62	66	72	75	82	0.177483	0.080193	0.088211	0.106770	0.078421	0.188044	0.068656	0.058958	0.083805	0.069458	
0.003614	2	25	30	41	46	53	62	66	75	82	0.181636	0.073558	0.083732	0.070424	0.097001	0.089243	0.190839	0.069048	0.065856	0.078663	
0.003602	2	25	30	41	46	53	62	66	75	82	0.180478	0.074449	0.083685	0.071565	0.098729	0.088066	0.189799	0.068556	0.066953	0.077719	
0.003590	2	25	30	41	46	53	62	66	75	82	0.179320	0.075340	0.083637	0.072707	0.100456	0.086888	0.188759	0.068065	0.068051	0.076775	
0.003578	2	25	30	41	46	53	62	66	75	82	0.178162	0.076231	0.083590	0.073849	0.102184	0.085711	0.187719	0.067573	0.069149	0.075832	
0.003567	2	25	30	41	46	53	62	66	75	82	0.177004	0.077122	0.083542	0.074990	0.103912	0.084534	0.186679	0.067081	0.070247	0.074888	
0.003555	2	25	30	41	46	53	62	66	75	82	0.175847	0.078013	0.083495	0.076132	0.105639	0.083356	0.185639	0.066590	0.071345	0.073944	
0.003543	2	25	30	41	46	53	62	66	75	82	0.174689	0.078904	0.083447	0.077273	0.107367	0.082179	0.184600	0.066098	0.072442	0.073001	
0.003532	2	25	30	41	46	53	62	66	75	82	0.173531	0.079795	0.083400	0.078415	0.109094	0.081002	0.183560	0.065607	0.073540	0.072057	
0.003520	2	25	30	41	46	53	62	66	75	82	0.172373	0.080686	0.083352	0.079557	0.110822	0.079824	0.182520	0.065115	0.074638	0.071113	
0.003508	2	25	30	41	46	53	62	66	75	82	0.171215	0.081577	0.083305	0.080698	0.112550	0.078647	0.181480	0.064624	0.075736	0.070169	
0.003497	2	25	30	41	46	53	62	66	75	82	0.170057	0.082468	0.083257	0.081840	0.114277	0.077470	0.180440	0.064132	0.076834	0.069226	
0.003485	2	25	30	41	46	53	62	66	75	82	0.168899	0.083359	0.083209	0.082982	0.116005	0.076292	0.179400	0.063640	0.077931	0.068282	
0.003473	2	25	30	41	46	53	62	66	75	82	0.167741	0.084250	0.083162	0.084123	0.117732	0.075115	0.178360	0.063149	0.079029	0.067338	
0.003462	2	25	30	41	46	53	62	75	82	83	0.172974	0.074361	0.082050	0.080452	0.104967	0.086261	0.188800	0.063552	0.071462	0.075121	
0.003450	2	25	30	41	46	53	62	75	82	83	0.171619	0.075127	0.081820	0.081395	0.106521	0.084868	0.187647	0.064738	0.070597	0.075668	
0.003438	2	25	30	41	46	53	62	75	82	83	0.170263	0.075893	0.081589	0.082339	0.108075	0.083476	0.186494	0.065924	0.069732	0.076214	
0.003426	2	25	30	41	46	53	62	75	82	83	0.168908	0.076659	0.081359	0.083283	0.109629	0.082083	0.185340	0.067110	0.068868	0.076761	
0.003415	2	25	30	41	46	53	62	75	82	83	0.167552	0.077424	0.081128	0.084227	0.111184	0.080691	0.184187	0.068296	0.068003	0.077307	
0.003403	2	25	30	41	46	53	62	75	82	83	0.166197	0.078190	0.080898	0.085171	0.112738	0.079298	0.183034	0.069482	0.067139	0.077854	
0.003391	2	25	30	41	46	53	62	75	82	83	0.164841	0.078956	0.080668	0.086114	0.114292	0.077906	0.181881	0.070669	0.066274	0.078400	
0.003380	2	25	30	41	46	53	62	75	82	83	0.163486	0.079722	0.080437	0.087058	0.115846	0.076513	0.180727	0.071855	0.065409	0.078947	
0.003368	2	25	30	41	46	53	62	75	82	83	0.162130	0.080487	0.080207	0.088002	0.117400	0.075121	0.179574	0.073041	0.064545	0.079493	
0.003356	2	25	30	41	46	53	62	75	82	83	0.160775	0.081253	0.079976	0.088946	0.118955	0.073728	0.178421	0.074227	0.063680	0.080040	
0.003345	2	25	30	41	46	53	62	75	82	83	0.159419	0.082019	0.079746	0.089889	0.120509	0.072336	0.177268	0.075413	0.062816	0.080586	
0.003333	2	25	30	41	46	53	62	75	82	83	0.158064	0.082785	0.079515	0.090833	0.122063	0.070943	0.176114	0.076599	0.061951	0.081133	
0.003321	2	25	30	41	46	53	62	75	82	83	0.156708	0.083550	0.079285	0.091777	0.123617	0.069551	0.174961	0.077785	0.061087	0.081679	
0.003310	2	25	30	41	46	53	62	75	82	83	0.155353	0.084316	0.079054	0.092721	0.125171	0.068158	0.173808	0.078971	0.060222	0.082226	
0.003298	2	25	30	41	46	53	62	75	82	83	0.153997	0.085082	0.078824	0.093665	0.126726	0.066766	0.172655	0.080157	0.059357	0.082772	
0.003286	2	25	30	41	46	53	62	75	82	83	0.152642	0.085848	0.078593	0.094608	0.128280	0.065373	0.171501	0.081343	0.058493	0.083319	
0.003274	2	25	30	41	46	53	62	75	82	83	0.151286	0.086613	0.078363	0.095552	0.129834	0.063980	0.170348	0.082530	0.057628	0.083865	
0.003263	2	25	30	41	46	53	62	75	82	83	0.149931	0.087379	0.078132	0.096496	0.131388	0.062588	0.169195	0.083716	0.056764	0.084412	
0.003251	2	25	30	41	46	53	62	75	82	83	0.148575	0.088145	0.077902	0.097440	0.132942	0.061195	0.168042	0.084902	0.055899	0.084958	
0.003239	2	25	30	41	46	53	62	75	82	83	0.147220	0.088911	0.077671	0.098384	0.134497	0.059803	0.166888	0.086088	0.055034	0.085505	
0.003228	2	25	30	41	46	53	62	75	82	83	0.145864	0.089676	0.077441	0.099327	0.136051	0.058410	0.165735	0.087274	0.054170	0.086051	
0.003216	2	25	30	41	46	53	62	75	82	83	0.144509	0.090442	0.077210	0.100271	0.137605	0.057018	0.164582	0.088460	0.053305	0.086598	
0.003204	2	25	30	41	46	53	62	75	82	83	0.143153	0.091208	0.076980	0.101215	0.139159	0.055625	0.163429	0.089646	0.052441	0.087144	
0.003193	2	25	30	41	46	53	62	75	82	83	0.141798	0.091974	0.076749	0.102159	0.140713	0.054233	0.162276	0.090832	0.051576	0.087691	
0.003181	2	25	30	41	46	53	62	75	82	83	0.140442	0.092739	0.076519	0.103102	0.142268	0.052840	0.161122	0.092018	0.050711	0.088237	
0.003169	2	25	30	41	46	53	62	75	82	83	0.139087	0.093505	0.076288	0.104046	0.143822	0.051448	0.159969	0.093204	0.049847	0.088784	
0.003158	2	25	30	41	46	53	62	75	82	83	0.137731	0.094271	0.076058	0.104990	0.145376	0.050055	0.158816	0.094390	0.048982	0.089330	
0.003146	2	20	25	30	41	46	62	75	82	83	0.164316	0.039508	0.082514	0.076844	0.093355	0.125225	0.185862	0.074957	0.068983	0.088437	
0.003134	2	20	25	30	41	46	62	75	82	83	0.163191	0.041147	0.082510	0.076521	0.093748	0.126047	0.184766	0.075317	0.068127	0.088627	
0.003122	2	20	25	30	41	46	62	75	82	83	0.162065	0.042786	0.082507	0.076198	0.094141	0.126868	0.183669	0.075677	0.067271	0.088816	
0.003111	2	20	25	30	41	46	62	75	82	83	0.160940	0.044426	0.082504	0.075876	0.094534	0.127690	0.182572	0.076037	0.066415	0.089005	
0.003099	2	20	25	30	41	46	62	75	82	83	0.159815	0.046065	0.082501	0.075553	0.094927	0.128512	0.181475	0.076398	0.065560	0.089194	
0.003087	2	20	25	30	41	46	62	75	82	83	0.158690	0.047704	0.082498	0.075231	0.095320	0.129333	0.180378	0.076758	0.064704	0.089384	
0.003076	2	20	25	30	41	46	62	75	82	83	0.157565	0.049343	0.082494	0.074908	0.095713	0.130155	0.179281	0.077118	0.063848	0.089573	
0.003064	2	20	25	30	41	46	62	75	82	83	0.156440	0.050982	0.082491	0.074586	0.096107	0.130977	0.178185	0.077479	0.062993	0.089762	
0.003052	2	20	25	30	41	46	62	75	82	83	0.155315	0.052621	0.082488	0.074263	0.096500	0.131799	0.177088	0.077839	0.062137	0.089951	
0.003041	2	20	25	30	41	46	62	75	82	83	0.154190	0.054260	0.082485	0.073940	0.096893	0.132620	0.175991	0.078199	0.061281	0.090141	
0.003029	2	20	25	30	41	46	62	75	82	83	0.153065	0.055899	0.082482	0.073618	0.097286	0.133442	0.174894	0.078559	0.060426	0.090330	
0.003017	2	20	25	30	41	46	62	75	82	83	0.151939	0.057539	0.082478	0.073295	0.097679	0.134264	0.173797	0.078920	0.059570	0.090519	
0.003006	2	20	25	30	41	46	62	75	82	83	0.150814	0.059178	0.082475	0.072973	0.098072	0.135085	0.172700	0.079280	0.058714	0.090708	
0.002994	2	20	25	30	41	46	62	75	82	83	0.149689	0.060817	0.082472	0.072650	0.098465	0.135907	0.171604	0.079640	0.057858	0.090897	
0.002982	2	20	25	30	41	46	62	75	82	83	0.148564	0.062456	0.082469	0.072328	0.098858	0.136729	0.170507	0.080000	0.057003	0.091087	
0.002970	2	20	25	30	41	46	62	75	82	83	0.147439	0.064095	0.082466	0.072005	0.099252	0.137550	0.169410	0.080361	0.056147	0.091276	
0.002959	2	20	25	30	41	46	62	75	82	83	0.146314	0.065734	0.082462	0.071682	0.099645	0.138372	0.168313	0.080721	0.055291	0.091465	
0.002947	2	20	25	30	41	46	62	75	82	83	0.145189	0.067373	0.082459	0.071360	0.100038	0.139194	0.167216	0.081081	0.054436	0.091654	
0.002935	2	20	25	30	41	46	62	75	82	83	0.144064	0.069012	0.082456	0.071037	0.100431	0.140015	0.166119	0.081442	0.053580	0.091844	
0.002924	2	20	25	30	41	46	62	75	82	83	0.142939	0.070651	0.082453	0.070715	0.100824	0.140837	0.165023	0.081802	0.052724	0.092033	
0.002912	2	20	25	30	41	46	62	75	82	83	0.141813	0.072290	0.082450	0.070392	0.101217	0.141659	0.163926	0.082162	0.051868	0.092222	
0.002900	2	20	25	30	41	46	62	75	82	83	0.140688	0.073930	0.082446	0.070070	0.101610	0.142480	0.162829	0.082522	0.051013	0.092411	
0.002889	2	20	25	30	41	46	62	75	82	83	0.139563	0.075569	0.082443	0.069747	0.102003	0.143302	0.161732	0.082883	0.050157	0.092601	
0.002877	2	20	25	30	41	46	62	75	82	83	0.138438	0.077208	0.082440	0.069424	0.102397	0.144124	0.160635	0.083243	0.049301	0.092790	
0.002865	2	20	25	30	41	46	62	75	82	83	0.137313	0.078847	0.082437	0.069102	0.102790	0.144945	0.159539	0.083603	0.048446	0.092979	
0.002853	2	20	25	30	41	46	62	75	82	83	0.136188	0.080486	0.082434	0.068779	0.103183	0.145767	0.158442	0.083963	0.047590	0.093168	
0.002842	2	20	25	30	41	46	62	75	82	83	0.135063	0.082125	0.082430	0.068457	0.103576	0.146589	0.157345	0.084324	0.046734	0.093358	
0.002830	2	20	25	30	41	46	62	75	82	83	0.133938	0.083764	0.082427	0.068134	0.103969	0.147410	0.156248	0.084684	0.045879	0.093547	
0.002818	2	20	25	30	41	46	62	75	82	83	0.132813	0.085403	0.082424	0.067812	0.104362	0.148232	0.155151	0.085044	0.045023	0.093736	
0.002807	2	20	25	30	41	46	62	75	82	83	0.131687	0.087042	0.082421	0.067489	0.104755	0.149054	0.154054	0.085405	0.044167	0.093925	
0.002795	2	20	25	30	41	46	62	75	82	83	0.130562	0.088682	0.082418	0.067166	0.105148	0.149875	0.152958	0.085765	0.043311	0.094114	
0.002783	2	20	25	30	41	46	56	62	75	83	0.147126	0.069739	0.087380	0.078704	0.099682	0.135043	0.052556	0.169954	0.076037	0.083778	
0.002772	2	20	25	30	41	46	56	62	75	83	0.145743	0.071437	0.086927	0.078114	0.100069	0.135615	0.053307	0.168583	0.076257	0.083948	
0.002760	2	20	25	30	41	46	56	62	75	83	0.144359	0.073135	0.086475	0.077524	0.100457	0.136187	0.054057	0.167212	0.076477	0.084117	
0.002748	2	20	25	30	41	46	56	62	75	83	0.142975	0.074833	0.086022	0.076935	0.100844	0.136758	0.054808	0.165841	0.076697	0.084286	
0.002737	2	20	25	30	41	46	56	62	75	83	0.141591	0.076531	0.085570	0.076345	0.101232	0.137330	0.055559	0.164469	0.076917	0.084456	
0.002725	2	20	25	30	41	46	56	62	75	83	0.140207	0.078229	0.085117	0.075755	0.101620	0.137902	0.056310	0.163098	0.077137	0.084625	
0.002713	2	20	25	30	41	46	56	62	75	83	0.138823	0.079927	0.084664	0.075165	0.102007	0.138474	0.057060	0.161727	0.077357	0.084794	
0.002701	2	20	25	30	41	46	56	62	75	83	0.137439	0.081625	0.084212	0.074576	0.102395	0.139045	0.057811	0.160356	0.077577	0.084963	
0.002690	2	20	25	30	41	46	56	62	75	83	0.136056	0.083323	0.083759	0.073986	0.102782	0.139617	0.058562	0.158985	0.077798	0.085133	
0.002678	2	20	25	30	41	46	56	62	75	83	0.134672	0.085021	0.083306	0.073396	0.103170	0.140189	0.059312	0.157613	0.078018	0.085302	
0.002666	2	20	25	30	41	46	56	62	75	83	0.133288	0.086719	0.082854	0.072807	0.103558	0.140761	0.060063	0.156242	0.078238	0.085471	
0.002655	2	20	25	30	41	46	56	62	75	83	0.131904	0.088417	0.082401	0.072217	0.103945	0.141333	0.060814	0.154871	0.078458	0.085641	
0.002643	2	20	25	30	41	46	56	62	75	83	0.130520	0.090115	0.081948	0.071627	0.104333	0.141904	0.061565	0.153500	0.078678	0.085810	
0.002631	2	20	25	30	41	46	56	62	75	83	0.129136	0.091813	0.081496	0.071037	0.104720	0.142476	0.062315	0.152128	0.078898	0.085979	
0.002620	2	20	25	30	41	46	56	62	75	83	0.127752	0.093511	0.081043	0.070448	0.105108	0.143048	0.063066	0.150757	0.079118	0.086149	
0.002608	2	20	25	30	41	46	56	62	75	83	0.126368	0.095210	0.080590	0.069858	0.105495	0.143620	0.063817	0.149386	0.079338	0.086318	
0.002596	2	20	25	30	41	46	56	62	75	83	0.124985	0.096908	0.080138	0.069268	0.105883	0.144191	0.064568	0.148015	0.079558	0.086487	
0.002585	2	20	25	30	41	46	56	62	75	83	0.123601	0.098606	0.079685	0.068679	0.106271	0.144763	0.065318	0.146643	0.079778	0.086656	
0.002573	2	20	25	30	41	46	56	62	75	83	0.122217	0.100304	0.079232	0.068089	0.106658	0.145335	0.066069	0.145272	0.079998	0.086826	
0.002561	2	20	25	30	41	46	56	62	75	83	0.120833	0.102002	0.078780	0.067499	0.107046	0.145907	0.066820	0.143901	0.080218	0.086995	
0.002549	2	20	25	30	41	46	56	62	75	83	0.119449	0.103700	0.078327	0.066909	0.107433	0.146479	0.067571	0.142530	0.080438	0.087164	
0.002538	2	20	30	41	46	56	62	75	83	85	0.130712	0.090726	0.074044	0.110717	0.133401	0.067632	0.171334	0.088725	0.082776	0.049933	
0.002526	2	20	30	41	46	56	62	75	83	85	0.129417	0.091973	0.073483	0.110827	0.133679	0.068187	0.170051	0.088853	0.082755	0.050774	
0.002514	2	20	30	41	46	56	62	75	83	85	0.128123	0.093220	0.072921	0.110938	0.133956	0.068741	0.168768	0.088981	0.082735	0.051616	
0.002503	2	20	30	41	46	56	62	75	83	85	0.126828	0.094468	0.072360	0.111048	0.134234	0.069296	0.167485	0.089109	0.082714	0.052457	
0.002491	2	20	30	41	46	56	62	75	83	85	0.125534	0.095715	0.071799	0.111159	0.134512	0.069851	0.166202	0.089238	0.082693	0.053298	
0.002479	2	20	30	41	46	56	62	75	83	85	0.124239	0.096962	0.071238	0.111270	0.134789	0.070406	0.164919	0.089366	0.082672	0.054139	
0.002468	2	20	30	41	46	56	62	75	83	85	0.122945	0.098209	0.070676	0.111380	0.135067	0.070961	0.163636	0.089494	0.082651	0.054981	
0.002456	2	20	30	41	46	56	62	75	83	85	0.121650	0.099457	0.070115	0.111491	0.135344	0.071516	0.162353	0.089622	0.082630	0.055822	
0.002444	2	20	30	41	46	56	62	75	83	85	0.120355	0.100704	0.069554	0.111601	0.135622	0.072071	0.161070	0.089750	0.082609	0.056663	
0.002433	2	20	30	41	46	56	62	75	83	85	0.119061	0.101951	0.068992	0.111712	0.135900	0.072626	0.159787	0.089878	0.082588	0.057504	
0.002421	2	20	30	41	46	56	62	75	83	85	0.117766	0.103199	0.068431	0.111823	0.136177	0.073180	0.158504	0.090006	0.082567	0.058346	
0.002409	2	20	30	41	46	56	62	75	83	85	0.116472	0.104446	0.067870	0.111933	0.136455	0.073735	0.157221	0.090134	0.082547	0.059187	
0.002397	2	20	30	41	46	56	62	75	83	85	0.115177	0.105693	0.067309	0.112044	0.136733	0.074290	0.155938	0.090262	0.082526	0.060028	
0.002386	2	20	30	41	46	56	62	75	83	85	0.113883	0.106941	0.066747	0.112154	0.137010	0.074845	0.154655	0.090390	0.082505	0.060869	
0.002374	2	20	30	41	46	56	62	75	83	85	0.112588	0.108188	0.066186	0.112265	0.137288	0.075400	0.153372	0.090518	0.082484	0.061711	
