0.009195	82					1.000000	
0.009180	34	82				0.033048	0.966952	
0.009166	34	82				0.066097	0.933903	
0.009151	34	82				0.099145	0.900855	
0.009137	34	82				0.132193	0.867807	
0.009122	34	82				0.165241	0.834759	
0.009108	34	82				0.198289	0.801711	
0.009093	34	42	82			0.217019	0.010138	0.772844	
0.009079	34	42	82			0.221607	0.030286	0.748107	
0.009064	34	42	82			0.225590	0.050864	0.723546	
0.009050	34	42	82			0.229571	0.071443	0.698986	
0.009035	34	42	82			0.233551	0.092023	0.674426	
0.009021	34	42	82			0.237532	0.112602	0.649866	
0.009006	34	42	82			0.241512	0.133182	0.625306	
0.008992	34	42	82			0.245492	0.153762	0.600746	
0.008977	34	42	82			0.249472	0.174342	0.576186	
0.008963	34	42	82			0.253452	0.194922	0.551626	
0.008948	34	42	82			0.257433	0.215501	0.527066	
0.008934	34	42	82			0.261413	0.236081	0.502506	
0.008919	34	42	82			0.265393	0.256661	0.477946	
0.008905	34	42	82			0.269373	0.277241	0.453386	
0.008890	34	42	82			0.273352	0.297814	0.428834	
0.008876	34	42	82	89		0.269154	0.283485	0.434936	0.012425	
0.008861	34	42	82	89		0.267918	0.281798	0.429936	0.020349	
0.008846	34	42	82	89		0.266681	0.280105	0.424940	0.028275	
0.008832	34	42	82	89		0.265443	0.278412	0.419944	0.036201	
0.008817	34	42	82	89		0.264206	0.276718	0.414949	0.044127	
0.008803	34	42	82	89		0.262968	0.275025	0.409954	0.052053	
0.008788	34	42	82	89		0.261730	0.273331	0.404959	0.059980	
0.008774	34	42	82	89		0.260493	0.271637	0.399964	0.067906	
0.008759	34	42	82	89		0.259255	0.269944	0.394969	0.075832	
0.008745	34	42	82	89		0.258018	0.268250	0.389974	0.083759	
0.008730	34	42	82	89		0.256780	0.266556	0.384979	0.091685	
0.008716	34	42	82	89		0.255543	0.264863	0.379984	0.099611	
0.008701	34	42	82	89		0.254305	0.263169	0.374989	0.107537	
0.008687	34	42	82	89		0.253068	0.261475	0.369994	0.115464	
0.008672	34	42	82	89		0.251830	0.259782	0.364999	0.123390	
0.008658	34	42	82	89		0.250592	0.258088	0.360004	0.131316	
0.008643	34	42	82	89		0.249355	0.256394	0.355009	0.139242	
0.008629	34	42	82	89		0.248117	0.254700	0.350014	0.147169	
0.008614	34	42	82	89		0.246880	0.253007	0.345019	0.155095	
0.008600	34	42	82	89		0.245642	0.251313	0.340024	0.163021	
0.008585	34	42	82	89		0.244405	0.249619	0.335029	0.170948	
0.008571	34	42	82	89		0.243167	0.247925	0.330034	0.178874	
0.008556	34	42	82	89		0.241929	0.246232	0.325039	0.186800	
0.008542	34	42	82	89		0.240692	0.244538	0.320044	0.194726	
0.008527	34	42	82	89		0.239454	0.242844	0.315049	0.202653	
0.008513	34	42	82	89		0.238217	0.241150	0.310054	0.210579	
0.008498	34	42	82	89		0.236979	0.239457	0.305059	0.218506	
0.008484	34	42	82	89		0.235742	0.237763	0.300064	0.226432	
0.008469	34	42	82	89		0.234504	0.236069	0.295069	0.234358	
0.008454	34	42	82	89		0.233266	0.234376	0.290074	0.242284	
0.008440	34	42	82	89		0.232029	0.232682	0.285079	0.250210	
0.008425	34	42	82	89		0.230791	0.230988	0.280084	0.258137	
0.008411	34	42	82	89		0.229554	0.229294	0.275089	0.266063	
0.008396	34	42	82	89		0.228316	0.227601	0.270094	0.273989	
0.008382	34	42	82	89		0.227079	0.225907	0.265099	0.281916	
0.008367	34	42	82	89		0.225841	0.224213	0.260104	0.289842	
0.008353	34	42	82	89		0.224603	0.222519	0.255109	0.297768	
0.008338	34	42	82	89		0.223366	0.220826	0.250114	0.305695	
0.008324	34	42	82	89		0.222128	0.219132	0.245119	0.313621	
0.008309	34	42	82	89		0.220891	0.217438	0.240124	0.321547	
0.008295	34	42	82	89		0.219653	0.215744	0.235129	0.329474	
0.008280	34	42	82	89		0.218416	0.214051	0.230134	0.337400	
0.008266	34	42	82	89		0.217178	0.212357	0.225139	0.345327	
0.008251	2	34	42	82	89	0.010283	0.215405	0.208578	0.225404	0.340330	
0.008237	2	34	42	82	89	0.014966	0.213924	0.205934	0.222804	0.342372	
0.008222	2	34	42	82	89	0.020084	0.212420	0.203203	0.220426	0.343867	
0.008208	2	34	42	82	89	0.025189	0.210917	0.200474	0.218042	0.345377	
0.008193	2	34	42	82	89	0.030298	0.209414	0.197744	0.215660	0.346885	
0.008179	2	34	42	82	89	0.035406	0.207910	0.195015	0.213278	0.348391	
0.008164	2	34	42	82	89	0.040516	0.206407	0.192285	0.210896	0.349897	
0.008150	2	34	42	82	89	0.045625	0.204903	0.189555	0.208514	0.351402	
0.008135	2	34	42	82	89	0.050735	0.203400	0.186825	0.206133	0.352907	
0.008121	2	34	42	82	89	0.055845	0.201896	0.184095	0.203751	0.354413	
0.008106	2	34	42	82	89	0.060955	0.200393	0.181365	0.201369	0.355918	
0.008091	2	34	42	82	89	0.066066	0.198889	0.178635	0.198987	0.357423	
0.008077	2	34	42	82	89	0.071176	0.197385	0.175904	0.196605	0.358929	
0.008062	2	34	42	82	89	0.076286	0.195882	0.173174	0.194224	0.360434	
0.008048	2	34	42	82	89	0.081397	0.194378	0.170444	0.191842	0.361939	
0.008033	2	34	42	82	89	0.086508	0.192875	0.167713	0.189460	0.363444	
0.008019	2	34	42	82	89	0.091619	0.191371	0.164983	0.187078	0.364950	
0.008004	2	34	42	82	89	0.096730	0.189867	0.162252	0.184696	0.366455	
0.007990	2	34	42	82	89	0.101840	0.188363	0.159522	0.182314	0.367960	
0.007975	2	34	42	82	89	0.106951	0.186860	0.156792	0.179932	0.369466	
0.007961	2	34	42	82	89	0.112062	0.185356	0.154061	0.177550	0.370971	
0.007946	2	34	42	82	89	0.117173	0.183852	0.151331	0.175168	0.372476	
0.007932	2	34	42	82	89	0.122284	0.182348	0.148600	0.172786	0.373981	
0.007917	2	34	42	82	89	0.127395	0.180844	0.145869	0.170404	0.375487	
0.007903	2	34	42	82	89	0.132506	0.179341	0.143139	0.168022	0.376992	
0.007888	2	34	42	82	89	0.137617	0.177837	0.140408	0.165640	0.378497	
0.007874	2	34	42	82	89	0.142728	0.176333	0.137678	0.163258	0.380002	
0.007859	2	34	42	82	89	0.147839	0.174829	0.134947	0.160876	0.381508	
0.007845	2	34	42	82	89	0.152950	0.173326	0.132217	0.158494	0.383013	
0.007830	2	34	42	82	89	0.158061	0.171822	0.129487	0.156112	0.384518	
0.007816	2	34	42	82	89	0.163172	0.170318	0.126756	0.153730	0.386023	
0.007801	2	34	42	82	89	0.168283	0.168814	0.124025	0.151348	0.387529	
0.007786	34	36	42	82	89	0.189682	0.109009	0.182484	0.171002	0.347823	
0.007772	34	36	42	82	89	0.188886	0.112618	0.181652	0.169672	0.347173	
0.007757	34	36	42	82	89	0.188090	0.116226	0.180819	0.168341	0.346523	
0.007743	34	36	42	82	89	0.187294	0.119835	0.179987	0.167011	0.345873	
0.007728	34	36	42	82	89	0.186498	0.123444	0.179154	0.165680	0.345224	
0.007714	34	36	42	82	89	0.185703	0.127052	0.178322	0.164349	0.344574	
0.007699	34	36	42	82	89	0.184907	0.130661	0.177490	0.163019	0.343924	
0.007685	34	36	42	82	89	0.184111	0.134270	0.176657	0.161688	0.343274	
0.007670	34	36	42	82	89	0.183315	0.137878	0.175825	0.160358	0.342624	
0.007656	34	36	42	82	89	0.182519	0.141487	0.174992	0.159027	0.341974	
0.007641	34	36	42	82	89	0.181723	0.145096	0.174160	0.157696	0.341325	
0.007627	34	36	42	82	89	0.180927	0.148705	0.173328	0.156366	0.340675	
0.007612	34	36	42	82	89	0.180131	0.152313	0.172495	0.155035	0.340025	
0.007598	34	36	42	82	89	0.179336	0.155922	0.171663	0.153705	0.339375	
0.007583	34	36	42	82	89	0.178540	0.159530	0.170830	0.152374	0.338725	
0.007569	34	36	42	82	89	0.177744	0.163139	0.169998	0.151043	0.338076	
0.007554	34	36	42	82	89	0.176948	0.166748	0.169165	0.149713	0.337426	
0.007540	34	36	42	82	89	0.176152	0.170357	0.168333	0.148382	0.336776	
0.007525	34	36	42	82	89	0.175356	0.173965	0.167501	0.147052	0.336126	
0.007510	34	36	42	82	89	0.174560	0.177574	0.166668	0.145721	0.335476	
0.007496	34	36	42	82	89	0.173764	0.181183	0.165836	0.144390	0.334827	
0.007481	34	36	42	82	89	0.172969	0.184791	0.165003	0.143060	0.334177	
0.007467	34	36	42	82	89	0.172173	0.188400	0.164171	0.141729	0.333527	
0.007452	34	36	42	82	89	0.171377	0.192009	0.163339	0.140399	0.332877	
0.007438	34	36	42	82	89	0.170581	0.195617	0.162506	0.139068	0.332227	
0.007423	34	36	42	82	89	0.169785	0.199226	0.161674	0.137737	0.331577	
0.007409	34	36	42	82	89	0.168989	0.202835	0.160841	0.136407	0.330928	
0.007394	2	34	36	82	89	0.178241	0.178661	0.111660	0.175705	0.355734	
0.007380	2	34	36	82	89	0.179087	0.177436	0.114893	0.173931	0.354653	
0.007365	2	34	36	82	89	0.179933	0.176211	0.118127	0.172158	0.353572	
0.007351	2	34	36	82	89	0.180779	0.174987	0.121360	0.170384	0.352490	
0.007336	2	34	36	82	89	0.181625	0.173762	0.124593	0.168611	0.351409	
0.007322	2	34	36	82	89	0.182471	0.172538	0.127826	0.166837	0.350328	
0.007307	2	34	36	82	89	0.183317	0.171313	0.131060	0.165063	0.349247	
0.007293	2	34	36	82	89	0.184163	0.170088	0.134293	0.163290	0.348166	
0.007278	2	34	36	82	89	0.185009	0.168864	0.137526	0.161516	0.347085	
0.007264	2	34	36	82	89	0.185855	0.167639	0.140760	0.159743	0.346004	
0.007249	2	34	36	82	89	0.186701	0.166415	0.143993	0.157969	0.344923	
0.007235	2	34	36	82	89	0.187547	0.165190	0.147226	0.156195	0.343842	
0.007220	2	34	36	82	89	0.188393	0.163965	0.150459	0.154422	0.342761	
0.007205	2	34	36	82	89	0.189239	0.162741	0.153693	0.152648	0.341680	
0.007191	2	34	36	82	89	0.190085	0.161516	0.156926	0.150875	0.340599	
0.007176	2	34	36	82	89	0.190931	0.160291	0.160159	0.149101	0.339518	
0.007162	2	34	36	82	89	0.191777	0.159067	0.163393	0.147327	0.338436	
0.007147	2	34	36	82	89	0.192623	0.157842	0.166626	0.145554	0.337355	
0.007133	2	34	36	82	89	0.193469	0.156618	0.169859	0.143780	0.336274	
0.007118	2	34	36	82	89	0.194315	0.155393	0.173092	0.142007	0.335193	
0.007104	2	34	36	82	89	0.195161	0.154168	0.176326	0.140233	0.334112	
0.007089	2	34	36	82	89	0.196007	0.152944	0.179559	0.138459	0.333031	
0.007075	2	34	36	82	89	0.196853	0.151719	0.182792	0.136686	0.331950	
0.007060	2	34	36	82	89	0.197699	0.150495	0.186026	0.134912	0.330869	
0.007046	2	34	36	82	89	0.198545	0.149270	0.189259	0.133139	0.329788	
0.007031	2	34	36	82	89	0.199391	0.148045	0.192492	0.131365	0.328707	
0.007017	2	34	36	82	89	0.200237	0.146821	0.195726	0.129592	0.327626	
0.007002	2	34	36	82	89	0.201083	0.145596	0.198959	0.127818	0.326545	
0.006988	2	34	36	82	89	0.201929	0.144371	0.202192	0.126044	0.325463	
0.006973	2	34	36	82	89	0.202775	0.143147	0.205425	0.124271	0.324382	
0.006959	2	34	36	82	89	0.203621	0.141922	0.208659	0.122497	0.323301	
0.006944	2	34	36	82	89	0.204467	0.140698	0.211892	0.120724	0.322220	
0.006929	2	34	36	82	89	0.205313	0.139473	0.215125	0.118950	0.321139	
0.006915	2	34	36	82	89	0.206159	0.138248	0.218358	0.117176	0.320058	
0.006900	2	34	36	82	89	0.207005	0.137024	0.221592	0.115403	0.318977	
0.006886	2	34	36	82	89	0.207851	0.135799	0.224825	0.113629	0.317896	
0.006871	2	34	36	82	89	0.208697	0.134575	0.228058	0.111856	0.316815	
0.006857	2	34	36	82	89	0.209543	0.133350	0.231291	0.110082	0.315734	
0.006842	2	34	36	82	89	0.210389	0.132125	0.234524	0.108309	0.314653	
0.006828	2	34	36	82	89	0.211235	0.130901	0.237758	0.106535	0.313572	
0.006813	2	34	36	82	89	0.212081	0.129676	0.240991	0.104762	0.312491	
0.006799	2	34	36	82	89	0.212927	0.128452	0.244224	0.102988	0.311410	
0.006784	2	34	36	82	89	0.213773	0.127227	0.247457	0.101214	0.310329	
0.006770	2	34	36	82	89	0.214619	0.126003	0.250690	0.099441	0.309248	
0.006755	20	34	36	42	89	0.212859	0.177780	0.168570	0.175915	0.264876	
0.006741	20	34	36	42	89	0.215803	0.176658	0.170076	0.174567	0.262896	
0.006726	20	34	36	42	89	0.218746	0.175536	0.171582	0.173220	0.260916	
0.006712	20	34	36	42	89	0.221689	0.174414	0.173087	0.171873	0.258936	
0.006697	20	34	36	42	89	0.224632	0.173292	0.174593	0.170526	0.256956	
0.006683	20	34	36	42	89	0.227575	0.172171	0.176099	0.169179	0.254976	
0.006668	20	34	36	42	89	0.230518	0.171049	0.177604	0.167832	0.252997	
0.006654	20	34	36	42	89	0.233461	0.169927	0.179110	0.166485	0.251017	
0.006639	20	34	36	42	89	0.236404	0.168805	0.180616	0.165138	0.249037	
0.006624	20	34	36	42	89	0.239347	0.167684	0.182121	0.163791	0.247057	
0.006610	20	34	36	42	89	0.242290	0.166562	0.183627	0.162443	0.245078	
0.006595	20	34	36	42	89	0.245233	0.165440	0.185132	0.161096	0.243098	
0.006581	20	34	36	42	89	0.248176	0.164318	0.186638	0.159749	0.241118	
0.006566	20	34	36	42	89	0.251119	0.163197	0.188144	0.158402	0.239138	
0.006552	20	34	36	42	89	0.254062	0.162075	0.189649	0.157055	0.237158	
0.006537	20	34	36	42	89	0.257005	0.160953	0.191155	0.155708	0.235179	
0.006523	20	34	36	42	89	0.259948	0.159831	0.192661	0.154361	0.233199	
0.006508	20	34	36	42	89	0.262891	0.158710	0.194166	0.153014	0.231219	
0.006494	20	34	36	42	89	0.265834	0.157588	0.195672	0.151667	0.229239	
0.006479	20	34	36	42	89	0.268777	0.156466	0.197177	0.150320	0.227260	
0.006465	20	34	36	42	89	0.271720	0.155344	0.198683	0.148973	0.225280	
0.006450	2	20	34	36	89	0.192189	0.184078	0.172287	0.163408	0.288038	
0.006436	2	20	34	36	89	0.191559	0.187415	0.170617	0.165115	0.285294	
0.006421	2	20	34	36	89	0.190928	0.190753	0.168948	0.166822	0.282549	
0.006407	2	20	34	36	89	0.190298	0.194091	0.167278	0.168529	0.279805	
0.006392	2	20	34	36	89	0.189667	0.197428	0.165608	0.170236	0.277060	
0.006378	2	20	34	36	89	0.189037	0.200766	0.163938	0.171943	0.274316	
0.006363	2	20	34	36	89	0.188407	0.204103	0.162269	0.173650	0.271572	
0.006349	2	20	34	36	89	0.187776	0.207441	0.160599	0.175357	0.268827	
0.006334	2	20	34	36	89	0.187146	0.210779	0.158929	0.177064	0.266083	
0.006319	2	20	34	36	89	0.186515	0.214116	0.157260	0.178771	0.263338	
0.006305	2	20	34	36	89	0.185885	0.217454	0.155590	0.180478	0.260594	
0.006290	2	20	34	36	89	0.185254	0.220792	0.153920	0.182185	0.257849	
0.006276	2	20	34	36	89	0.184624	0.224129	0.152250	0.183892	0.255105	
0.006261	2	20	34	36	89	0.183993	0.227467	0.150581	0.185599	0.252360	
0.006247	2	20	34	36	89	0.183363	0.230804	0.148911	0.187306	0.249616	
0.006232	2	20	34	36	89	0.182732	0.234142	0.147241	0.189013	0.246872	
0.006218	2	20	34	36	89	0.182102	0.237480	0.145571	0.190720	0.244127	
0.006203	2	20	34	36	89	0.181471	0.240817	0.143902	0.192427	0.241383	
0.006189	2	20	34	36	89	0.180841	0.244155	0.142232	0.194134	0.238638	
0.006174	2	20	34	36	89	0.180210	0.247492	0.140562	0.195841	0.235894	
0.006160	2	20	34	36	89	0.179580	0.250830	0.138893	0.197548	0.233149	
0.006145	2	20	34	36	89	0.178949	0.254168	0.137223	0.199255	0.230405	
0.006131	2	20	34	36	89	0.178319	0.257505	0.135553	0.200962	0.227660	
0.006116	2	20	34	36	89	0.177688	0.260843	0.133883	0.202669	0.224916	
0.006102	2	20	34	36	89	0.177058	0.264181	0.132214	0.204376	0.222171	
0.006087	2	20	34	36	89	0.176427	0.267518	0.130544	0.206083	0.219427	
0.006073	2	20	34	36	89	0.175797	0.270856	0.128874	0.207791	0.216682	
0.006058	2	20	34	36	89	0.175166	0.274194	0.127204	0.209498	0.213938	
0.006044	2	20	34	36	89	0.174536	0.277531	0.125535	0.211205	0.211194	
0.006029	2	20	34	36	89	0.173905	0.280869	0.123865	0.212912	0.208449	
0.006014	2	20	34	36	89	0.173275	0.284207	0.122195	0.214619	0.205705	
0.006000	2	20	34	36	89	0.172645	0.287544	0.120525	0.216326	0.202960	
0.005985	2	34	36	45	89	0.189626	0.148530	0.170337	0.210100	0.281408	
0.005971	2	34	36	45	89	0.188890	0.147571	0.170409	0.213413	0.279716	
0.005956	2	34	36	45	89	0.188154	0.146613	0.170481	0.216727	0.278025	
0.005942	2	34	36	45	89	0.187418	0.145655	0.170552	0.220040	0.276334	
0.005927	2	34	36	45	89	0.186681	0.144697	0.170624	0.223354	0.274643	
0.005913	2	34	36	45	89	0.185945	0.143739	0.170696	0.226668	0.272952	
0.005898	2	34	36	45	89	0.185209	0.142781	0.170767	0.229981	0.271261	
0.005884	2	34	36	45	89	0.184473	0.141823	0.170839	0.233295	0.269570	
0.005869	2	34	36	45	89	0.183737	0.140865	0.170911	0.236609	0.267879	
0.005855	2	34	36	45	89	0.183001	0.139907	0.170982	0.239922	0.266188	
0.005840	2	34	36	45	89	0.182265	0.138949	0.171054	0.243236	0.264497	
0.005826	2	34	36	45	89	0.181528	0.137991	0.171126	0.246550	0.262806	
0.005811	2	34	36	45	89	0.180792	0.137033	0.171197	0.249863	0.261115	
0.005797	2	34	36	45	89	0.180056	0.136075	0.171269	0.253177	0.259424	
0.005782	2	34	36	45	89	0.179320	0.135117	0.171341	0.256491	0.257732	
0.005768	2	34	36	45	89	0.178584	0.134158	0.171412	0.259804	0.256041	
0.005753	2	34	36	45	89	0.177848	0.133200	0.171484	0.263118	0.254350	
0.005739	2	34	36	45	89	0.177112	0.132242	0.171556	0.266431	0.252659	
0.005724	2	34	36	45	89	0.176375	0.131284	0.171627	0.269745	0.250968	
0.005709	2	34	36	45	89	0.175639	0.130326	0.171699	0.273059	0.249277	
0.005695	2	34	36	45	89	0.174903	0.129368	0.171771	0.276372	0.247586	
0.005680	2	34	36	45	89	0.174167	0.128410	0.171842	0.279686	0.245895	
0.005666	2	34	36	45	89	0.173431	0.127452	0.171914	0.283000	0.244204	
0.005651	2	34	36	45	89	0.172695	0.126494	0.171986	0.286313	0.242513	
0.005637	2	34	36	45	89	0.171959	0.125536	0.172057	0.289627	0.240822	
0.005622	2	34	36	45	89	0.171222	0.124578	0.172129	0.292941	0.239131	
0.005608	2	34	36	45	89	0.170486	0.123620	0.172201	0.296254	0.237439	
0.005593	2	34	36	45	89	0.169750	0.122661	0.172272	0.299568	0.235748	
0.005579	2	34	36	45	89	0.169014	0.121703	0.172344	0.302882	0.234057	
0.005564	2	34	36	45	89	0.168278	0.120745	0.172416	0.306195	0.232366	
0.005550	2	34	36	45	89	0.167542	0.119787	0.172487	0.309509	0.230675	
0.005535	2	34	36	45	89	0.166806	0.118829	0.172559	0.312822	0.228984	
0.005521	2	34	36	45	89	0.166069	0.117871	0.172631	0.316136	0.227293	
0.005506	2	34	36	45	89	0.165333	0.116913	0.172702	0.319450	0.225602	
0.005492	2	34	36	45	89	0.164597	0.115955	0.172774	0.322763	0.223911	
0.005477	2	34	36	45	89	0.163861	0.114997	0.172846	0.326077	0.222220	
0.005463	2	34	36	45	89	0.163125	0.114039	0.172917	0.329391	0.220528	
0.005448	2	34	36	45	89	0.162389	0.113081	0.172989	0.332704	0.218837	
0.005434	2	34	36	45	89	0.161653	0.112123	0.173061	0.336018	0.217146	
0.005419	2	34	36	45	89	0.160916	0.111165	0.173132	0.339332	0.215455	
0.005404	2	34	36	45	89	0.160180	0.110206	0.173204	0.342645	0.213764	
0.005390	2	34	36	45	89	0.159444	0.109248	0.173276	0.345959	0.212073	
0.005375	2	34	36	45	89	0.158708	0.108290	0.173347	0.349273	0.210382	
0.005361	2	34	36	45	89	0.157972	0.107332	0.173419	0.352586	0.208691	
0.005346	2	34	36	45	89	0.157236	0.106374	0.173491	0.355900	0.207000	
0.005332	2	34	36	45	89	0.156499	0.105416	0.173562	0.359214	0.205309	
0.005317	2	34	36	45	89	0.155763	0.104458	0.173634	0.362527	0.203618	
0.005303	2	34	45	86	89	0.146769	0.108753	0.323332	0.208143	0.213004	
0.005288	2	34	45	86	89	0.145879	0.107773	0.325730	0.209429	0.211189	
0.005274	2	34	45	86	89	0.144990	0.106793	0.328129	0.210715	0.209374	
0.005259	2	34	45	86	89	0.144101	0.105813	0.330527	0.212001	0.207559	
0.005245	2	34	45	86	89	0.143211	0.104833	0.332925	0.213287	0.205743	
0.005230	34	36	45	86	89	0.143917	0.160688	0.273852	0.210874	0.210669	
0.005216	34	36	45	86	89	0.142623	0.160489	0.276223	0.212007	0.208658	
0.005201	34	36	45	86	89	0.141330	0.160290	0.278594	0.213140	0.206647	
0.005187	34	36	45	86	89	0.140036	0.160090	0.280964	0.214273	0.204636	
0.005172	34	36	45	86	89	0.138742	0.159891	0.283335	0.215407	0.202625	
0.005158	34	36	45	86	89	0.137449	0.159691	0.285706	0.216540	0.200614	
0.005143	34	36	45	86	89	0.136155	0.159492	0.288076	0.217673	0.198604	
0.005129	34	36	45	86	89	0.134861	0.159293	0.290447	0.218806	0.196593	
0.005114	34	36	45	86	89	0.133568	0.159093	0.292818	0.219939	0.194582	
0.005099	34	36	45	86	89	0.132274	0.158894	0.295188	0.221073	0.192571	
0.005085	34	36	45	86	89	0.130981	0.158694	0.297559	0.222206	0.190560	
0.005070	34	36	45	86	89	0.129687	0.158495	0.299930	0.223339	0.188549	
0.005056	34	36	45	86	89	0.128393	0.158296	0.302300	0.224472	0.186539	
0.005041	34	36	45	86	89	0.127100	0.158096	0.304671	0.225606	0.184528	
0.005027	34	36	45	86	89	0.125806	0.157897	0.307042	0.226739	0.182517	
0.005012	34	36	45	86	89	0.124512	0.157697	0.309412	0.227872	0.180506	
0.004998	34	36	45	86	89	0.123219	0.157498	0.311783	0.229005	0.178495	
0.004983	34	36	45	86	89	0.121925	0.157298	0.314153	0.230139	0.176485	
0.004969	34	36	45	86	89	0.120631	0.157099	0.316524	0.231272	0.174474	
0.004954	34	36	45	86	89	0.119338	0.156900	0.318895	0.232405	0.172463	
0.004940	34	36	45	86	89	0.118044	0.156700	0.321265	0.233538	0.170452	
0.004925	34	36	45	86	89	0.116750	0.156501	0.323636	0.234671	0.168441	
0.004911	34	36	45	86	89	0.115457	0.156301	0.326007	0.235805	0.166431	
0.004896	34	36	45	86	89	0.114163	0.156102	0.328377	0.236938	0.164420	
0.004882	34	36	45	86	89	0.112870	0.155903	0.330748	0.238071	0.162409	
0.004867	34	36	45	86	89	0.111576	0.155703	0.333118	0.239204	0.160398	
0.004853	34	36	45	86	89	0.110283	0.155504	0.335489	0.240337	0.158388	
0.004838	34	36	45	86	89	0.108989	0.155304	0.337859	0.241471	0.156377	
0.004824	2	36	45	86	89	0.164957	0.155040	0.283335	0.225010	0.171659	
0.004809	11	34	45	86	89	0.157787	0.112127	0.330596	0.216200	0.183289	
0.004794	11	34	45	86	89	0.158532	0.110788	0.332433	0.217000	0.181247	
0.004780	11	34	45	86	89	0.159278	0.109448	0.334271	0.217799	0.179205	
0.004765	11	34	45	86	89	0.160023	0.108108	0.336108	0.218599	0.177162	
0.004751	11	34	45	86	89	0.160768	0.106768	0.337945	0.219399	0.175120	
0.004736	11	34	45	86	89	0.161514	0.105429	0.339782	0.220198	0.173078	
0.004722	11	34	45	86	89	0.162259	0.104089	0.341619	0.220998	0.171036	
0.004707	11	34	45	86	89	0.163004	0.102749	0.343456	0.221797	0.168993	
0.004693	11	34	45	86	89	0.163749	0.101409	0.345293	0.222597	0.166951	
0.004678	11	34	45	86	89	0.164495	0.100069	0.347130	0.223397	0.164909	
0.004664	11	34	45	86	89	0.165240	0.098730	0.348968	0.224196	0.162867	
0.004649	11	34	45	86	89	0.165985	0.097390	0.350805	0.224996	0.160824	
0.004635	11	34	45	86	89	0.166731	0.096050	0.352642	0.225795	0.158782	
0.004620	11	34	45	86	89	0.167476	0.094710	0.354479	0.226595	0.156740	
0.004606	2	19	45	86	89	0.142149	0.165470	0.320555	0.204654	0.167172	
0.004591	2	19	45	86	89	0.140342	0.166213	0.323184	0.205543	0.164718	
0.004577	2	19	45	86	89	0.138534	0.166957	0.325813	0.206432	0.162265	
0.004562	2	19	45	86	89	0.136727	0.167701	0.328441	0.207320	0.159811	
0.004548	2	19	45	86	89	0.134919	0.168445	0.331070	0.208209	0.157357	
0.004533	2	19	45	86	89	0.133112	0.169189	0.333699	0.209097	0.154903	
0.004519	11	34	45	89	96	0.175019	0.103486	0.337638	0.155983	0.227874	
0.004504	11	34	45	89	96	0.175565	0.102231	0.338816	0.153928	0.229460	
0.004489	11	34	45	89	96	0.176111	0.100977	0.339994	0.151872	0.231046	
0.004475	11	34	45	89	96	0.176658	0.099722	0.341172	0.149817	0.232631	
0.004460	11	34	45	89	96	0.177204	0.098468	0.342350	0.147762	0.234217	
0.004446	11	34	45	89	96	0.177750	0.097213	0.343528	0.145706	0.235803	
0.004431	11	34	45	89	96	0.178296	0.095958	0.344706	0.143651	0.237388	
0.004417	11	34	45	89	96	0.178842	0.094704	0.345884	0.141596	0.238974	
0.004402	11	34	45	89	96	0.179388	0.093449	0.347062	0.139541	0.240560	
0.004388	11	34	45	89	96	0.179935	0.092195	0.348240	0.137485	0.242145	
0.004373	11	34	45	89	96	0.180481	0.090940	0.349418	0.135430	0.243731	
0.004359	11	34	45	89	96	0.181027	0.089686	0.350596	0.133375	0.245317	
0.004344	11	34	45	89	96	0.181573	0.088431	0.351774	0.131319	0.246902	
0.004330	11	34	45	89	96	0.182119	0.087177	0.352952	0.129264	0.248488	
0.004315	11	34	45	89	96	0.182665	0.085922	0.354130	0.127209	0.250074	
0.004301	11	34	45	89	96	0.183212	0.084668	0.355308	0.125153	0.251659	
0.004286	34	36	45	86	96	0.114015	0.161921	0.290352	0.216535	0.217176	
0.004272	34	36	45	86	96	0.111648	0.160832	0.292377	0.216368	0.218775	
0.004257	34	36	45	86	96	0.109280	0.159743	0.294401	0.216201	0.220374	
0.004243	34	36	45	86	96	0.106913	0.158654	0.296426	0.216034	0.221973	
0.004228	34	36	45	86	96	0.104545	0.157566	0.298450	0.215867	0.223572	
0.004214	34	36	45	86	96	0.102178	0.156477	0.300474	0.215700	0.225171	
0.004199	34	36	45	86	96	0.099810	0.155388	0.302499	0.215533	0.226770	
0.004184	34	36	45	86	96	0.097443	0.154299	0.304523	0.215366	0.228369	
0.004170	34	36	45	86	96	0.095075	0.153210	0.306547	0.215199	0.229968	
0.004155	34	36	45	86	96	0.092708	0.152122	0.308572	0.215032	0.231567	
0.004141	11	42	45	86	96	0.162193	0.117670	0.297061	0.210665	0.212411	
0.004126	11	42	45	86	96	0.162657	0.114968	0.298489	0.210139	0.213747	
0.004112	11	42	45	86	96	0.163122	0.112265	0.299917	0.209613	0.215083	
0.004097	11	42	45	86	96	0.163587	0.109563	0.301345	0.209088	0.216418	
0.004083	11	42	45	86	96	0.164051	0.106860	0.302772	0.208562	0.217754	
0.004068	11	42	45	86	96	0.164516	0.104158	0.304200	0.208037	0.219090	
0.004054	11	42	45	86	96	0.164980	0.101455	0.305628	0.207511	0.220426	
0.004039	11	42	45	86	96	0.165445	0.098753	0.307056	0.206985	0.221761	
0.004025	11	42	45	86	96	0.165910	0.096050	0.308483	0.206460	0.223097	
0.004010	2	19	45	62	89	0.158149	0.176876	0.275808	0.233751	0.155415	
0.003996	2	19	45	62	89	0.157204	0.176840	0.275689	0.236476	0.153791	
0.003981	2	19	45	62	89	0.156259	0.176804	0.275570	0.239200	0.152167	
0.003967	2	19	45	62	89	0.155313	0.176769	0.275450	0.241925	0.150543	
0.003952	2	19	45	62	89	0.154368	0.176733	0.275331	0.244649	0.148919	
0.003938	2	19	45	62	89	0.153423	0.176697	0.275211	0.247374	0.147295	
0.003923	2	19	45	62	89	0.152477	0.176661	0.275092	0.250098	0.145671	
0.003909	2	19	45	62	89	0.151532	0.176626	0.274973	0.252823	0.144047	
0.003894	2	19	45	62	89	0.150587	0.176590	0.274853	0.255547	0.142423	
0.003879	2	19	45	62	89	0.149641	0.176554	0.274734	0.258272	0.140799	
0.003865	2	19	45	62	89	0.148696	0.176518	0.274615	0.260996	0.139175	
0.003850	2	19	45	62	89	0.147751	0.176483	0.274495	0.263721	0.137551	
0.003836	2	19	45	62	89	0.146805	0.176447	0.274376	0.266445	0.135927	
0.003821	2	19	45	62	89	0.145860	0.176411	0.274257	0.269170	0.134303	
0.003807	2	19	45	62	89	0.144915	0.176375	0.274137	0.271894	0.132678	
0.003792	2	19	45	62	89	0.143969	0.176340	0.274018	0.274619	0.131054	
0.003778	2	19	45	62	89	0.143024	0.176304	0.273899	0.277343	0.129430	
0.003763	2	19	45	62	89	0.142078	0.176268	0.273779	0.280068	0.127806	
0.003749	11	42	45	62	86	0.160186	0.124084	0.269398	0.216674	0.229658	
0.003734	11	42	45	62	86	0.160115	0.122554	0.268861	0.219692	0.228778	
0.003720	11	42	45	62	86	0.160043	0.121025	0.268324	0.222711	0.227897	
0.003705	11	42	45	62	86	0.159972	0.119495	0.267787	0.225730	0.227016	
0.003691	11	42	45	62	86	0.159901	0.117966	0.267250	0.228748	0.226135	
0.003676	11	42	45	62	86	0.159830	0.116436	0.266713	0.231767	0.225255	
0.003662	11	42	45	62	86	0.159759	0.114906	0.266176	0.234786	0.224374	
0.003647	11	42	45	62	86	0.159687	0.113377	0.265638	0.237804	0.223493	
0.003633	11	42	45	62	86	0.159616	0.111847	0.265101	0.240823	0.222612	
0.003618	11	42	45	62	86	0.159545	0.110318	0.264564	0.243842	0.221732	
0.003604	11	42	45	62	86	0.159474	0.108788	0.264027	0.246860	0.220851	
0.003589	11	42	45	62	86	0.159403	0.107259	0.263490	0.249879	0.219970	
0.003574	11	42	45	62	86	0.159331	0.105729	0.262953	0.252898	0.219089	
0.003560	11	42	45	62	86	0.159260	0.104200	0.262415	0.255916	0.218208	
0.003545	11	42	45	62	86	0.159189	0.102670	0.261878	0.258935	0.217328	
0.003531	11	42	45	62	86	0.159118	0.101140	0.261341	0.261954	0.216447	
0.003516	34	45	62	64	86	0.107559	0.328346	0.219721	0.129435	0.214938	
0.003502	34	45	62	64	86	0.106178	0.327380	0.222895	0.129710	0.213837	
0.003487	34	45	62	64	86	0.104797	0.326413	0.226069	0.129985	0.212735	
0.003473	34	45	62	64	86	0.103417	0.325447	0.229243	0.130261	0.211633	
0.003458	34	45	62	64	86	0.102036	0.324481	0.232416	0.130536	0.210531	
0.003444	34	45	62	64	86	0.100655	0.323514	0.235590	0.130811	0.209430	
0.003429	34	45	62	64	86	0.099274	0.322548	0.238764	0.131086	0.208328	
0.003415	34	45	62	64	86	0.097893	0.321582	0.241937	0.131362	0.207226	
0.003400	34	45	62	64	86	0.096513	0.320615	0.245111	0.131637	0.206124	
0.003386	34	45	62	64	86	0.095132	0.319649	0.248285	0.131912	0.205023	
0.003371	34	45	62	64	86	0.093751	0.318683	0.251458	0.132187	0.203921	
0.003357	34	45	62	64	86	0.092370	0.317716	0.254632	0.132462	0.202819	
0.003342	34	45	62	64	86	0.090989	0.316750	0.257806	0.132738	0.201717	
0.003328	34	45	62	64	86	0.089608	0.315784	0.260979	0.133013	0.200616	
0.003313	34	45	62	64	86	0.088228	0.314817	0.264153	0.133288	0.199514	
0.003299	34	45	62	64	86	0.086847	0.313851	0.267327	0.133563	0.198412	
0.003284	34	45	62	64	86	0.085466	0.312885	0.270501	0.133839	0.197310	
0.003269	34	45	62	64	86	0.084085	0.311918	0.273674	0.134114	0.196208	
0.003255	34	45	62	64	86	0.082704	0.310952	0.276848	0.134389	0.195107	
0.003240	34	45	62	64	86	0.081323	0.309986	0.280022	0.134664	0.194005	
0.003226	34	45	62	64	86	0.079943	0.309019	0.283196	0.134939	0.192903	
0.003211	34	45	62	64	86	0.078562	0.308053	0.286369	0.135215	0.191801	
0.003197	34	45	62	64	86	0.077181	0.307087	0.289543	0.135490	0.190700	
0.003182	34	45	62	64	86	0.075800	0.306120	0.292717	0.135765	0.189598	
0.003168	34	45	62	64	86	0.074419	0.305154	0.295891	0.136040	0.188496	
0.003153	34	45	62	64	86	0.073038	0.304188	0.299064	0.136316	0.187394	
0.003139	34	45	62	64	86	0.071657	0.303221	0.302238	0.136591	0.186292	
0.003124	11	45	62	86	96	0.167469	0.236303	0.204078	0.193745	0.198406	
0.003110	11	45	62	86	96	0.166580	0.234902	0.210357	0.191110	0.197052	
0.003095	11	45	62	86	96	0.165691	0.233501	0.216636	0.188475	0.195698	
0.003081	11	45	62	86	96	0.164802	0.232100	0.222915	0.185841	0.194343	
0.003066	11	45	62	86	96	0.163913	0.230699	0.229194	0.183206	0.192989	
0.003052	19	45	62	64	86	0.165466	0.292774	0.210302	0.115748	0.215711	
0.003037	19	45	62	64	86	0.164109	0.290992	0.216143	0.116228	0.212527	
0.003023	19	45	62	64	86	0.162753	0.289211	0.221985	0.116709	0.209343	
0.003008	19	45	62	64	86	0.161396	0.287429	0.227826	0.117190	0.206159	
0.002994	19	45	62	64	86	0.160040	0.285647	0.233668	0.117670	0.202975	
0.002979	19	45	62	64	86	0.158684	0.283866	0.239509	0.118151	0.199791	
0.002964	19	45	62	64	86	0.157327	0.282084	0.245350	0.118631	0.196607	
0.002950	19	45	62	64	86	0.155971	0.280303	0.251191	0.119112	0.193423	
0.002935	19	45	62	64	86	0.154614	0.278521	0.257033	0.119592	0.190239	
0.002921	19	45	62	64	86	0.153258	0.276740	0.262874	0.120073	0.187056	
0.002906	19	45	62	64	86	0.151902	0.274958	0.268716	0.120553	0.183872	
0.002892	19	45	62	64	86	0.150545	0.273176	0.274557	0.121034	0.180688	
0.002877	19	45	62	64	86	0.149189	0.271395	0.280398	0.121514	0.177504	
0.002863	19	45	62	64	86	0.147832	0.269613	0.286240	0.121995	0.174320	
0.002848	19	45	62	64	86	0.146476	0.267831	0.292081	0.122475	0.171136	
0.002834	19	45	62	64	86	0.145120	0.266050	0.297922	0.122956	0.167952	
0.002819	19	45	62	64	86	0.143763	0.264268	0.303763	0.123437	0.164768	
0.002805	19	45	62	64	86	0.142407	0.262487	0.309605	0.123917	0.161584	
0.002790	19	45	62	64	86	0.141051	0.260705	0.315446	0.124398	0.158401	
0.002776	19	45	62	64	86	0.139694	0.258924	0.321287	0.124878	0.155217	
0.002761	19	45	62	64	86	0.138338	0.257142	0.327128	0.125359	0.152033	
0.002747	19	45	62	64	86	0.136981	0.255360	0.332970	0.125839	0.148849	
0.002732	19	45	62	64	86	0.135625	0.253579	0.338811	0.126320	0.145665	
0.002718	19	45	62	64	86	0.134269	0.251797	0.344652	0.126800	0.142482	
0.002703	19	45	47	62	64	0.188296	0.306999	0.175172	0.206067	0.123466	
0.002689	19	45	47	62	64	0.185144	0.302778	0.176342	0.212470	0.123265	
0.002674	19	45	47	62	64	0.181993	0.298557	0.177512	0.218873	0.123065	
0.002659	19	45	47	62	64	0.178842	0.294336	0.178682	0.225276	0.122864	
0.002645	19	45	47	62	64	0.175690	0.290115	0.179853	0.231679	0.122664	
0.002630	19	45	47	62	64	0.172539	0.285894	0.181023	0.238082	0.122463	
0.002616	19	45	47	62	64	0.169388	0.281672	0.182193	0.244485	0.122262	
0.002601	19	45	47	62	64	0.166236	0.277451	0.183363	0.250887	0.122062	
0.002587	19	45	47	62	64	0.163085	0.273230	0.184534	0.257290	0.121861	
0.002572	19	45	47	62	64	0.159934	0.269009	0.185704	0.263693	0.121661	
0.002558	19	45	47	62	64	0.156782	0.264788	0.186874	0.270096	0.121460	
0.002543	19	45	47	62	64	0.153631	0.260566	0.188044	0.276499	0.121259	
0.002529	19	45	47	62	64	0.150480	0.256345	0.189214	0.282902	0.121059	
0.002514	19	45	47	62	64	0.147328	0.252124	0.190385	0.289305	0.120858	
0.002500	19	45	47	62	64	0.144177	0.247903	0.191555	0.295708	0.120657	
0.002485	19	45	47	62	64	0.141025	0.243682	0.192725	0.302111	0.120457	
0.002471	19	45	47	62	64	0.137874	0.239460	0.193896	0.308514	0.120256	
0.002456	19	45	47	62	64	0.134722	0.235239	0.195066	0.314917	0.120056	
0.002442	19	45	47	62	64	0.131571	0.231018	0.196236	0.321320	0.119855	
0.002427	19	45	47	62	64	0.128420	0.226796	0.197406	0.327723	0.119654	
0.002413	19	45	47	62	64	0.125268	0.222575	0.198577	0.334126	0.119454	
0.002398	19	45	47	62	64	0.122117	0.218354	0.199747	0.340529	0.119253	
0.002384	19	45	47	62	64	0.118965	0.214133	0.200917	0.346932	0.119053	
0.002369	19	45	47	62	64	0.115814	0.209911	0.202087	0.353335	0.118852	
0.002354	19	45	47	62	64	0.112663	0.205690	0.203258	0.359739	0.118651	
0.002340	19	45	47	62	64	0.109511	0.201469	0.204428	0.366142	0.118451	
0.002325	19	45	47	62	64	0.106360	0.197247	0.205598	0.372545	0.118250	
0.002311	8	11	44	62	96	0.223686	0.148126	0.144177	0.316686	0.167325	
0.002296	8	11	44	62	96	0.225466	0.145379	0.144543	0.321767	0.162845	
0.002282	8	11	51	62	96	0.202448	0.160558	0.134983	0.308894	0.193116	
0.002267	8	11	51	62	96	0.203494	0.157731	0.136831	0.313218	0.188725	
0.002253	8	11	51	62	96	0.204539	0.154904	0.138679	0.317543	0.184335	
0.002238	8	11	51	62	96	0.205584	0.152078	0.140527	0.321867	0.179944	
0.002224	8	11	51	62	96	0.206630	0.149251	0.142375	0.326191	0.175553	
0.002209	8	11	51	62	96	0.207675	0.146424	0.144223	0.330515	0.171162	
0.002195	8	11	51	62	96	0.208720	0.143598	0.146071	0.334840	0.166772	
0.002180	8	11	51	62	96	0.209765	0.140771	0.147919	0.339164	0.162381	
0.002166	8	11	51	62	96	0.210811	0.137944	0.149767	0.343488	0.157990	
0.002151	8	11	51	62	96	0.211856	0.135117	0.151615	0.347812	0.153599	
0.002137	37	44	47	62	64	0.229005	0.153639	0.170092	0.337194	0.110070	
0.002122	37	44	47	62	64	0.221219	0.151364	0.170301	0.348554	0.108562	
0.002108	8	11	62	73	96	0.217063	0.165518	0.336430	0.079478	0.201512	
0.002093	8	11	62	73	96	0.217558	0.163367	0.339635	0.081083	0.198356	
0.002078	8	11	62	73	96	0.218054	0.161216	0.342841	0.082689	0.195200	
0.002064	8	11	62	73	96	0.218549	0.159065	0.346047	0.084295	0.192044	
0.002049	8	11	62	73	96	0.219044	0.156914	0.349253	0.085900	0.188888	
0.002035	8	11	62	73	96	0.219540	0.154763	0.352459	0.087506	0.185732	
0.002020	37	51	62	64	65	0.252897	0.152941	0.304092	0.121086	0.168984	
0.002006	37	44	62	64	73	0.295836	0.187210	0.330076	0.122891	0.063987	
0.001991	37	44	62	64	73	0.291608	0.185472	0.334408	0.121746	0.066767	
0.001977	37	44	62	64	73	0.287380	0.183734	0.338740	0.120600	0.069547	
0.001962	37	44	62	64	73	0.283152	0.181996	0.343072	0.119454	0.072327	
0.001948	37	44	62	64	73	0.278924	0.180257	0.347405	0.118308	0.075106	
